4 29 150 15 15
0 46 31 61 25 66 39 52 22 39 31 29 25 38 49 37 47 40 42 23 25 33 42 17 54 58 59 52 57 42 25 43 61 20 65 9 38 65 59 42 45 39 42 36 57 11 43 78 55 75 18 59 24 38 41 60 58 3 11 23 43 48 62 58 30 15 50 22 40 32 36 14 51 48 53 38 56 32 65 10 48 24 27 31 39 47 35 4 48 54 18 57 33 68 36 38 64 56 28 23 62 41 14 38 73 43 57 53 32 15 51 67 56 64 2 31 36 44 64 28 66 58 25 12 46 67 59 30 8 18 37 26 53 14 33 37 32 32 30 50 17 61 65 52 61 51 29 45 18 49 
46 0 72 88 23 93 83 43 65 74 16 17 59 34 47 33 14 53 83 70 71 21 23 38 55 79 55 13 11 30 35 77 46 42 35 55 71 45 13 80 21 84 38 21 55 51 55 47 10 39 57 26 62 57 8 86 24 44 52 64 67 48 54 20 64 55 46 35 46 78 65 60 32 56 87 50 14 34 38 56 14 59 31 45 27 9 28 44 20 77 58 14 80 47 54 75 35 70 38 52 85 82 48 68 43 86 12 20 78 61 71 35 28 22 47 40 47 59 42 73 94 39 32 56 23 48 89 50 54 60 19 60 42 40 69 22 43 58 63 52 57 16 37 27 91 36 55 89 64 89 
31 72 0 37 49 40 43 83 37 56 56 55 15 69 79 68 76 36 50 25 32 53 72 34 53 38 59 74 82 73 39 17 92 31 78 29 57 96 85 54 75 38 50 55 55 37 38 90 82 90 15 89 10 30 68 37 88 31 21 8 27 49 63 77 51 17 54 38 43 16 58 18 63 43 25 68 83 44 78 23 69 14 43 34 70 70 66 30 65 34 40 84 26 76 64 10 77 43 38 50 41 10 24 59 85 47 80 82 18 29 35 81 87 84 29 38 66 36 74 9 41 89 56 31 63 98 32 29 22 35 67 48 60 32 8 55 62 22 14 49 38 84 77 82 34 61 23 47 19 58 
61 88 37 0 67 5 80 112 73 93 73 75 35 98 110 96 97 34 87 62 69 66 97 54 43 11 48 84 94 100 53 20 120 48 78 64 94 123 99 91 99 75 52 67 45 71 33 86 99 90 43 111 37 30 88 2 109 60 50 40 21 44 53 84 87 46 49 54 43 52 94 53 65 35 15 100 102 53 76 57 79 37 57 42 96 82 93 59 73 11 75 102 63 70 97 27 77 23 49 84 7 32 48 95 82 84 91 104 54 65 17 81 110 91 59 48 98 29 70 46 5 116 84 66 70 125 6 38 54 71 91 84 56 54 30 66 94 31 31 42 74 94 76 106 7 61 34 84 56 95 
25 23 49 67 0 72 65 49 47 61 7 7 36 35 50 33 29 35 66 49 51 8 31 15 42 60 45 26 33 35 14 54 55 19 40 34 58 57 36 65 31 65 25 11 43 33 37 54 33 50 34 44 39 37 20 66 42 22 29 41 46 35 46 32 50 32 35 13 29 55 53 38 29 40 65 46 35 17 41 35 22 36 10 25 31 21 29 22 22 57 41 36 58 47 47 52 40 53 18 39 65 58 25 56 49 68 31 37 56 41 52 42 43 38 26 20 43 40 42 50 73 49 25 37 22 60 67 29 32 42 24 46 35 17 46 13 38 36 40 38 40 35 41 39 70 30 33 70 43 73 
66 93 40 5 72 0 82 117 76 96 79 80 40 102 115 101 102 40 89 65 72 72 102 59 48 16 53 89 100 105 58 23 125 53 83 68 97 128 105 94 104 77 58 72 50 75 39 91 104 95 47 117 41 35 93 7 115 64 54 44 26 50 58 90 91 50 54 59 49 54 98 57 71 40 16 104 107 59 81 61 84 41 62 48 101 87 98 63 79 16 79 107 65 75 102 30 82 28 54 88 11 34 53 98 87 86 96 109 56 68 22 86 115 97 63 53 102 35 75 48 1 120 89 70 75 130 7 43 58 75 96 88 61 59 33 71 98 36 36 47 77 99 81 111 6 66 39 86 59 97 
39 83 43 80 65 82 0 70 17 21 70 67 52 62 63 61 79 73 8 19 14 72 71 55 89 81 95 91 94 68 64 60 79 57 104 30 25 85 95 14 75 5 80 76 92 32 76 118 89 115 45 88 47 69 76 80 87 43 43 42 69 84 99 97 25 44 87 61 76 28 30 33 91 81 66 49 89 71 105 32 87 50 66 67 66 86 62 43 87 77 25 90 17 107 43 53 104 85 66 34 84 48 48 28 113 4 95 83 26 24 77 107 84 103 40 68 50 75 104 34 83 80 53 27 86 85 75 63 37 22 69 27 92 53 51 77 50 61 54 85 26 99 104 79 76 90 60 5 27 15 
52 43 83 112 49 117 70 0 56 52 46 42 77 14 7 15 29 83 66 67 63 54 20 58 91 106 93 56 50 14 62 95 9 64 78 54 48 15 47 60 22 74 73 57 92 47 85 90 39 82 70 26 77 84 36 111 27 53 63 75 91 84 93 63 45 67 83 59 78 80 41 65 73 89 106 21 36 66 81 60 57 75 59 73 17 52 19 53 62 103 48 38 76 90 27 90 78 101 66 37 112 93 63 44 86 71 54 25 79 58 99 78 21 64 54 69 20 88 85 79 117 10 27 54 64 15 111 75 61 53 26 43 82 58 85 59 21 80 81 87 49 56 80 18 113 76 78 74 66 68 
22 65 37 73 47 76 17 56 0 20 52 49 41 46 50 45 62 60 19 12 7 55 54 39 75 73 81 73 76 52 48 53 65 42 87 13 20 71 77 19 58 19 64 58 78 14 63 101 72 97 33 72 37 56 58 73 71 26 29 33 59 69 84 80 15 31 72 45 62 26 22 21 74 68 62 36 72 55 88 18 70 39 49 52 50 68 46 27 70 69 8 73 20 91 31 46 86 74 50 18 76 45 34 22 96 20 77 66 25 9 68 89 68 85 23 53 36 63 87 29 77 65 36 10 69 72 69 50 22 5 51 13 76 36 43 60 34 49 44 71 8 81 87 63 71 74 47 23 17 26 
39 74 56 93 61 96 21 52 20 0 64 60 61 46 45 46 67 79 14 31 24 69 57 56 94 93 99 84 85 53 65 73 61 60 101 32 4 67 85 8 61 27 81 72 96 29 82 115 78 110 53 73 57 76 66 93 73 43 48 53 79 87 102 91 10 51 90 61 80 44 11 41 89 87 81 31 77 72 102 38 82 59 65 71 52 79 49 44 83 89 20 78 35 107 25 66 101 94 68 21 96 64 52 8 110 20 87 69 42 29 88 103 68 96 41 70 32 82 103 48 97 62 42 29 83 67 89 69 42 23 57 15 93 54 63 74 34 69 64 90 22 90 102 64 91 90 67 23 37 16 
31 16 56 73 7 79 70 46 52 64 0 4 43 33 48 32 23 40 71 55 57 8 26 22 45 65 47 21 26 32 20 61 51 26 37 40 62 53 29 69 26 70 27 11 46 38 42 51 26 46 41 38 46 43 14 72 36 29 36 48 52 38 47 27 53 39 37 19 33 62 56 44 28 44 72 46 28 21 39 41 17 43 16 31 28 15 27 28 19 63 46 29 65 46 48 59 37 58 24 42 71 65 32 59 46 73 25 31 62 47 58 39 37 32 32 26 43 45 41 57 79 45 25 42 19 55 74 35 38 47 20 49 36 24 53 13 38 42 47 42 45 29 38 34 76 31 40 76 49 77 
29 17 55 75 7 80 67 42 49 60 4 0 44 29 44 28 21 42 68 53 54 12 23 22 48 67 51 24 27 28 21 62 48 27 41 38 58 50 30 65 24 68 31 15 50 34 45 55 26 49 40 36 46 45 13 73 34 27 35 47 54 41 51 31 50 38 41 20 36 61 52 43 32 47 72 42 28 24 43 39 21 43 18 33 25 18 23 27 23 65 43 28 63 50 44 59 41 60 26 39 73 65 31 55 50 70 27 29 61 44 60 43 35 35 30 28 39 48 45 56 81 42 21 40 24 52 75 37 37 44 17 45 40 23 54 17 34 44 47 45 41 31 42 32 77 35 41 73 47 74 
25 59 15 35 36 40 52 77 41 61 43 44 0 62 75 61 65 22 57 32 39 39 63 21 39 32 45 60 68 65 25 18 85 17 63 29 61 89 72 60 66 48 34 41 41 35 24 75 69 75 8 79 5 17 57 34 77 24 14 10 18 34 49 63 53 10 39 24 28 29 60 20 48 30 29 64 72 29 62 23 55 2 29 19 62 56 58 23 51 28 41 72 37 61 62 15 62 33 23 48 37 23 13 61 70 56 66 72 30 32 27 66 77 70 23 23 62 23 59 21 41 81 49 32 48 91 34 13 19 38 57 49 44 20 10 41 58 8 4 35 39 70 62 73 36 46 8 57 24 65 
38 34 69 98 35 102 62 14 46 46 33 29 62 0 15 1 22 68 59 55 53 41 11 44 77 92 80 46 43 6 47 81 22 49 67 42 43 26 41 54 15 65 60 44 78 34 71 80 33 73 56 26 63 69 25 96 26 39 49 62 77 70 80 54 37 53 70 45 64 68 35 52 61 75 92 17 31 52 70 47 46 61 45 59 6 41 6 39 50 89 38 33 65 78 22 76 67 87 52 28 97 80 49 39 76 63 46 22 67 46 84 68 22 56 40 55 15 74 73 66 103 19 13 42 52 28 96 61 47 42 14 35 69 43 71 46 12 66 67 73 38 49 69 17 99 64 63 66 54 62 
49 47 79 110 50 115 63 7 50 45 48 44 75 15 0 16 34 83 59 62 58 56 24 57 92 105 95 60 55 17 62 92 16 63 82 50 41 22 52 53 27 67 75 59 93 42 85 94 45 87 68 33 74 83 39 109 33 50 61 72 90 85 95 68 38 65 85 59 79 75 34 61 76 89 103 14 42 66 85 56 60 73 60 73 20 56 21 51 65 102 43 44 70 93 20 87 82 101 66 32 110 90 61 37 91 64 59 32 74 53 98 82 28 69 51 69 14 88 88 75 116 18 26 49 67 22 109 74 57 48 29 37 84 56 82 61 17 79 79 88 44 62 84 24 111 79 76 67 62 61 
37 33 68 96 33 101 61 15 45 46 32 28 61 1 16 0 22 67 58 54 52 40 11 42 76 90 79 46 43 7 46 79 24 48 67 40 42 28 41 53 15 64 59 43 77 33 70 80 33 73 55 27 61 68 25 95 27 37 48 60 76 69 79 53 37 52 69 44 63 67 35 51 60 73 90 17 32 50 69 46 45 60 44 57 6 41 5 38 49 87 37 33 64 77 22 75 66 85 51 27 96 78 48 38 75 62 46 23 66 45 83 68 23 55 39 53 14 72 72 64 102 21 12 40 51 30 95 59 46 41 14 34 68 42 70 45 12 65 65 72 37 49 68 18 97 63 62 65 52 62 
47 14 76 97 29 102 79 29 62 67 23 21 65 22 34 22 0 63 78 69 68 31 11 43 67 89 68 27 21 17 43 83 32 48 49 54 64 32 18 74 7 81 49 32 68 48 65 60 11 52 61 14 67 66 9 95 12 45 55 68 75 60 67 34 57 58 59 42 56 79 57 61 45 67 94 40 9 44 52 57 28 64 39 54 16 23 18 45 33 86 54 11 79 61 44 80 49 81 47 46 94 86 52 60 57 81 25 7 79 60 81 49 14 34 48 49 37 69 56 75 102 25 26 55 36 34 97 58 55 57 10 54 56 44 75 34 34 65 69 64 54 27 51 13 99 49 62 84 65 83 
40 53 36 34 35 40 73 83 60 79 40 42 22 68 83 67 63 0 78 53 59 32 66 25 17 25 23 49 59 69 21 29 90 20 46 46 78 92 64 80 66 70 18 32 19 51 3 56 64 58 28 78 27 6 54 33 76 37 31 32 15 13 27 50 70 29 18 23 9 50 76 40 32 8 38 75 67 19 44 41 44 23 24 9 66 47 63 36 38 23 58 68 59 41 74 31 45 18 16 63 31 41 26 78 51 77 56 71 52 51 18 49 77 57 38 14 73 5 39 43 40 84 56 50 35 95 37 10 37 56 59 66 25 27 28 31 68 13 22 13 56 59 44 74 39 28 13 78 45 86 
42 83 50 87 66 89 8 66 19 14 71 68 57 59 59 58 78 78 0 25 18 74 68 58 94 88 100 92 94 65 67 67 75 61 106 33 18 81 94 7 73 13 83 77 97 33 80 120 88 116 50 85 52 74 75 87 85 45 47 48 75 88 103 98 21 49 91 64 80 35 25 37 93 86 73 45 88 74 107 36 88 55 69 71 64 86 60 46 89 84 25 89 24 110 39 60 106 91 69 31 91 55 52 22 115 5 95 81 33 27 84 108 81 103 43 72 46 80 106 41 90 76 52 30 88 81 82 68 41 24 67 24 95 56 58 79 46 66 60 90 26 99 106 76 83 93 65 8 32 8 
23 70 25 62 49 65 19 67 12 31 55 53 32 55 62 54 69 53 25 0 7 55 62 37 70 63 76 76 81 61 46 42 76 38 87 15 33 81 82 29 66 17 61 59 73 21 56 100 77 98 25 80 27 49 63 62 79 26 24 23 49 64 79 81 27 24 68 43 57 14 35 13 73 62 50 48 78 53 87 14 72 30 48 48 58 70 54 26 70 59 18 79 10 89 43 35 86 65 47 30 66 32 29 34 95 23 80 74 12 9 58 89 76 87 23 49 47 55 85 16 66 75 44 14 69 83 58 43 18 13 59 26 73 35 33 60 45 41 34 66 17 84 86 71 59 72 40 25 8 33 
25 71 32 69 51 72 14 63 7 24 57 54 39 53 58 52 68 59 18 7 0 58 61 41 76 70 81 78 82 59 50 49 73 43 90 16 26 78 83 22 65 13 66 62 78 20 62 104 78 101 31 79 34 55 64 69 78 29 29 30 56 70 85 84 21 30 73 47 62 20 29 19 77 68 57 44 78 57 91 18 74 37 52 53 57 72 53 29 73 66 15 79 12 93 38 42 90 72 52 26 73 39 34 28 99 18 82 73 18 10 65 93 75 89 26 54 44 61 89 23 73 72 43 14 72 79 65 49 23 11 58 21 77 38 40 63 42 47 41 72 15 86 90 70 66 76 46 19 14 26 
33 21 53 66 8 72 72 54 55 69 8 12 39 41 56 40 31 32 74 55 58 0 35 19 36 58 39 21 29 40 14 56 60 22 32 42 66 61 33 73 35 72 19 3 37 41 34 46 32 42 38 46 43 36 22 65 43 29 34 45 45 29 39 26 58 36 29 15 25 61 61 44 21 36 66 53 35 13 33 41 16 39 10 24 37 17 35 29 15 56 49 35 65 39 54 54 32 50 17 47 64 62 29 64 41 75 27 39 61 48 50 34 45 32 32 18 50 38 34 55 72 54 32 44 14 64 67 29 38 50 28 54 28 21 49 5 45 37 42 33 48 31 33 43 70 23 34 78 49 81 
42 23 72 97 31 102 71 20 54 57 26 23 63 11 24 11 11 66 68 62 61 35 0 43 72 90 74 36 32 6 45 82 24 48 58 47 53 26 29 64 4 73 54 37 73 41 68 70 22 63 58 18 65 68 16 96 17 41 51 64 76 65 73 44 47 55 64 43 60 73 46 56 53 71 93 29 20 47 61 51 37 62 41 56 5 32 8 42 42 87 46 22 72 70 33 78 58 84 49 37 96 83 50 50 67 72 35 12 73 53 83 59 14 45 44 51 26 71 65 70 103 18 18 48 44 29 97 59 51 50 6 44 62 43 73 39 23 65 68 68 46 38 60 9 99 56 62 75 59 73 
17 38 34 54 15 59 55 58 39 56 22 22 21 44 57 42 43 25 58 37 41 19 43 0 38 48 43 40 48 46 8 39 66 5 49 25 55 69 51 59 45 54 25 22 40 27 28 62 48 60 19 58 24 25 35 53 56 13 14 26 33 31 45 45 46 17 33 5 24 42 51 25 35 33 50 50 50 15 49 23 35 20 10 16 42 36 39 12 33 45 35 51 46 52 49 37 48 43 11 38 53 43 10 54 57 59 46 51 42 31 40 51 56 51 15 14 47 30 48 35 60 61 31 28 31 71 54 17 19 34 37 42 36 2 31 22 42 22 25 34 34 50 49 52 56 34 19 61 30 66 
54 55 53 43 42 48 89 91 75 94 45 48 39 77 92 76 67 17 94 70 76 36 72 38 0 32 6 46 58 77 31 44 96 33 36 62 93 98 63 95 72 87 17 34 2 65 14 43 65 47 44 81 44 22 58 41 79 51 47 49 28 7 11 44 84 45 8 34 14 68 90 56 25 9 50 87 69 25 33 57 42 40 32 23 73 46 71 50 36 32 73 68 76 27 87 47 35 20 27 76 37 57 41 92 39 93 53 74 69 67 26 39 81 51 52 24 84 17 27 60 48 90 66 65 32 101 47 26 53 71 65 80 14 40 44 33 79 30 38 4 71 55 33 79 49 20 30 95 62 102 
58 79 38 11 60 16 81 106 73 93 65 67 32 92 105 90 89 25 88 63 70 58 90 48 32 0 37 74 85 94 45 22 114 42 67 62 93 117 90 92 91 77 42 58 34 68 24 75 90 79 40 104 36 22 80 9 101 56 46 40 15 34 42 74 86 43 38 47 34 54 92 52 55 25 22 96 93 45 65 55 69 34 49 34 90 73 87 55 63 4 74 93 65 59 94 29 66 12 41 81 5 36 44 94 71 85 81 96 56 64 7 70 103 81 55 39 94 20 59 47 16 109 79 64 60 119 16 31 52 70 84 82 45 48 30 57 89 26 29 31 72 84 65 99 17 50 29 86 56 96 
59 55 59 48 45 53 95 93 81 99 47 51 45 80 95 79 68 23 100 76 81 39 74 43 6 37 0 46 57 79 35 50 98 39 32 67 98 100 63 101 73 93 20 36 3 70 21 38 65 43 51 82 50 29 59 46 80 56 52 55 34 11 5 43 89 51 10 38 19 74 94 62 24 15 56 91 69 29 29 63 42 46 36 28 76 46 74 55 35 37 78 69 82 22 91 54 31 25 31 81 42 63 47 97 34 99 52 76 75 72 31 35 83 49 58 28 88 23 22 66 53 92 70 70 32 102 52 32 59 77 67 85 12 45 51 34 83 36 45 10 76 54 30 81 54 19 36 101 68 108 
52 13 74 84 26 89 91 56 73 84 21 24 60 46 60 46 27 49 92 76 78 21 36 40 46 74 46 0 11 43 35 75 59 43 22 61 82 58 17 90 34 91 31 19 46 59 50 33 20 26 59 38 64 54 21 82 36 49 55 66 63 41 43 7 74 57 38 36 40 82 75 64 22 50 85 63 24 31 25 62 5 60 31 42 40 5 41 49 10 73 67 23 85 34 66 75 22 64 37 62 80 83 50 79 30 94 6 33 82 68 67 22 40 11 52 37 59 54 30 76 90 52 43 64 14 61 86 48 58 68 31 70 33 42 70 19 55 56 63 45 66 10 24 40 88 26 54 97 69 98 
57 11 82 94 33 100 94 50 76 85 26 27 68 43 55 43 21 59 94 81 82 29 32 48 58 85 57 11 0 38 43 85 51 51 31 66 82 50 5 91 28 95 42 28 57 62 61 41 11 32 67 29 72 64 19 93 27 55 62 74 74 52 55 15 75 65 49 44 51 88 75 70 33 61 95 60 15 41 34 67 15 68 39 52 36 12 38 54 22 83 69 14 90 44 64 84 31 75 46 63 91 91 58 79 38 97 5 25 89 72 77 30 32 14 58 47 57 65 40 83 100 44 43 68 25 53 96 58 64 72 29 71 44 50 78 28 53 66 72 56 68 6 33 32 98 38 63 100 75 100 
42 30 73 100 35 105 68 14 52 53 32 28 65 6 17 7 17 69 65 61 59 40 6 46 77 94 79 43 38 0 48 84 20 51 64 47 49 23 35 60 10 71 59 42 78 40 72 77 28 69 60 20 66 71 22 99 20 42 53 66 79 70 79 50 44 57 69 46 64 73 42 56 59 75 95 23 26 52 67 52 43 64 46 60 3 38 7 43 48 91 44 27 70 76 28 80 64 88 53 34 99 84 52 45 73 69 42 16 72 52 86 65 16 52 44 55 21 75 71 70 106 15 17 47 50 25 99 62 51 48 12 41 68 45 75 44 18 68 70 73 44 44 66 11 101 62 65 72 59 69 
25 35 39 53 14 58 64 62 48 65 20 21 25 47 62 46 43 21 67 46 50 14 45 8 31 45 35 35 43 48 0 41 69 8 41 34 63 71 47 67 46 62 16 16 33 35 23 54 46 52 25 58 29 23 34 52 56 21 22 31 32 24 37 38 55 23 25 3 17 49 59 33 27 27 52 56 48 7 41 31 30 25 4 11 45 31 42 21 26 43 44 49 54 43 56 40 40 39 4 45 51 48 17 62 49 68 41 51 50 40 38 43 57 45 24 7 53 26 39 42 59 63 36 37 24 74 54 15 27 43 38 50 28 11 35 16 48 22 28 27 42 45 40 53 56 26 20 70 38 75 
43 77 17 20 54 23 60 95 53 73 61 62 18 81 92 79 83 29 67 42 49 56 82 39 44 22 50 75 85 84 41 0 104 34 75 44 74 107 89 71 84 55 47 57 46 51 30 85 87 87 24 98 18 23 75 20 96 42 31 21 15 42 55 78 67 27 47 41 38 32 74 33 61 34 10 82 90 44 74 38 70 19 45 33 81 72 77 41 66 18 56 90 43 70 78 7 74 29 38 64 24 14 32 75 81 64 82 90 34 45 21 78 96 85 41 38 80 26 69 26 24 100 67 47 63 109 16 27 35 51 76 64 54 39 10 56 76 19 14 41 54 86 73 92 18 57 21 64 36 75 
61 46 92 120 55 125 79 9 65 61 51 48 85 22 16 24 32 90 75 76 73 60 24 66 96 114 98 59 51 20 69 104 0 72 81 64 57 6 47 69 25 83 79 62 98 56 92 92 40 83 79 23 85 91 39 119 25 61 72 84 99 90 98 66 54 76 89 67 84 89 50 74 77 95 114 30 36 72 84 69 60 84 66 80 23 55 27 62 65 111 58 37 85 93 36 99 81 108 73 47 119 102 72 53 89 80 56 26 89 68 106 81 19 65 63 76 29 95 88 88 126 7 36 63 68 6 119 83 70 62 31 53 87 65 94 64 31 88 89 93 58 57 83 19 121 81 85 83 76 77 
20 42 31 48 19 53 57 64 42 60 26 27 17 49 63 48 48 20 61 38 43 22 48 5 33 42 39 43 51 51 8 34 72 0 49 28 59 75 55 62 50 55 22 24 36 31 23 61 52 60 16 63 21 20 40 47 61 17 14 23 27 27 42 46 50 15 30 7 19 41 56 25 34 28 45 55 55 14 49 25 38 17 12 11 48 39 45 16 34 39 39 55 47 50 54 32 48 37 8 43 47 40 9 58 56 61 49 56 42 34 34 51 62 53 18 10 53 25 46 34 54 67 37 31 32 77 48 11 20 38 42 46 34 7 27 24 48 17 20 29 37 53 48 58 50 33 14 63 31 69 
65 35 78 78 40 83 104 78 87 101 37 41 63 67 82 67 49 46 106 87 90 32 58 49 36 67 32 22 31 64 41 75 81 49 0 74 99 80 36 105 56 103 28 29 34 73 46 13 41 12 65 59 68 52 42 76 57 61 63 72 61 34 28 15 91 64 29 43 37 90 93 74 14 43 84 83 45 34 3 72 21 64 38 43 62 26 62 60 18 67 82 44 95 14 85 76 1 56 41 80 73 85 58 97 8 108 25 55 91 80 61 3 62 18 64 39 80 50 10 83 84 74 62 77 18 83 82 50 68 82 53 86 22 52 72 27 75 57 65 36 80 26 2 62 84 18 56 110 79 114 
9 55 29 64 34 68 30 54 13 32 40 38 29 42 50 40 54 46 33 15 16 42 47 25 62 62 67 61 66 47 34 44 64 28 74 0 32 68 67 33 51 30 50 45 64 7 49 87 62 84 21 65 26 44 48 63 64 12 16 23 47 56 70 67 24 19 59 31 48 26 30 11 60 55 54 38 63 41 74 6 57 27 36 39 44 56 40 13 57 58 12 64 25 77 34 38 73 62 36 20 66 39 20 32 82 33 65 59 25 6 56 76 62 73 10 39 36 50 73 24 68 61 29 3 56 70 61 36 10 9 44 20 62 23 34 46 33 37 32 58 10 70 74 57 63 60 35 36 12 40 
38 71 57 94 58 97 25 48 20 4 62 58 61 43 41 42 64 78 18 33 26 66 53 55 93 93 98 82 82 49 63 74 57 59 99 32 0 63 81 12 58 30 80 70 95 27 81 112 75 108 53 69 57 76 63 94 69 42 48 53 79 86 100 89 8 51 89 60 79 46 7 41 87 86 82 27 73 70 100 38 79 59 64 70 48 76 45 43 81 89 20 75 37 105 21 67 98 94 66 19 97 65 52 4 108 24 84 65 44 29 88 101 65 93 40 69 28 82 101 49 98 58 39 29 80 63 90 68 42 23 54 13 91 52 64 72 30 69 64 89 22 87 99 60 92 88 67 27 38 20 
65 45 96 123 57 128 85 15 71 67 53 50 89 26 22 28 32 92 81 81 78 61 26 69 98 117 100 58 50 23 71 107 6 75 80 68 63 0 45 75 26 89 80 63 99 61 95 91 39 82 83 21 89 94 40 122 23 65 76 89 102 91 99 65 60 80 90 69 86 94 56 79 77 97 118 36 35 74 83 74 60 87 68 83 26 55 30 66 65 114 63 36 91 93 42 103 80 110 76 52 122 107 75 59 88 86 55 25 94 73 109 80 18 64 67 78 35 98 88 93 129 7 40 68 68 3 123 85 74 68 33 58 87 69 98 65 36 91 93 95 64 56 82 18 125 81 89 89 80 83 
59 13 85 99 36 105 95 47 77 85 29 30 72 41 52 41 18 64 94 82 83 33 29 51 63 90 63 17 5 35 47 89 47 55 36 67 81 45 0 91 25 96 48 32 63 63 66 46 7 37 70 24 75 69 19 97 22 57 65 77 78 58 60 21 74 68 55 48 56 91 75 73 39 66 99 58 10 46 40 69 21 72 43 57 34 17 36 57 27 88 70 9 92 50 62 87 37 81 50 63 96 94 61 78 43 98 11 21 91 74 82 35 27 19 60 52 55 70 46 86 105 40 43 69 31 48 101 62 67 73 27 71 50 53 82 33 52 70 75 61 69 11 39 28 103 43 68 100 77 100 
42 80 54 91 65 94 14 60 19 8 69 65 60 54 53 53 74 80 7 29 22 73 64 59 95 92 101 90 91 60 67 71 69 62 105 33 12 75 91 0 68 20 84 76 98 32 82 119 85 115 52 81 56 76 72 91 80 45 49 52 78 89 104 96 16 51 92 64 82 40 19 40 93 88 78 39 84 74 106 38 87 58 68 72 59 84 56 46 87 88 23 85 30 110 33 64 105 93 70 27 95 60 54 16 114 13 92 76 38 28 87 107 76 101 43 72 40 82 106 45 95 70 48 30 87 75 87 69 42 24 63 20 95 56 62 78 41 69 63 91 25 96 106 71 88 93 67 15 36 8 
45 21 75 99 31 104 75 22 58 61 26 24 66 15 27 15 7 66 73 66 65 35 4 45 72 91 73 34 28 10 46 84 25 50 56 51 58 26 25 68 0 77 54 37 73 45 69 68 18 60 61 14 67 69 14 97 13 44 54 67 77 65 73 41 52 58 64 44 60 77 51 59 51 71 95 33 16 48 59 55 35 65 42 57 9 30 12 44 40 89 50 17 76 68 38 81 56 85 50 41 97 86 52 54 64 77 32 8 76 57 84 56 11 42 47 52 30 72 63 73 104 18 22 52 42 29 99 60 54 54 8 49 61 45 75 39 27 67 70 68 50 34 58 7 101 55 64 80 62 77 
39 84 38 75 65 77 5 74 19 27 70 68 48 65 67 64 81 70 13 17 13 72 73 54 87 77 93 91 95 71 62 55 83 55 103 30 30 89 96 20 77 0 78 75 89 33 72 117 91 114 42 91 43 65 77 75 90 42 41 39 65 81 96 97 29 41 85 60 74 23 35 30 89 78 61 53 91 70 104 31 87 46 65 65 69 86 65 43 87 73 27 92 12 106 47 48 103 81 64 37 79 43 46 33 112 9 95 85 21 23 73 106 87 103 39 66 53 72 102 29 78 83 55 27 85 89 70 60 35 23 71 30 90 51 47 76 53 57 50 83 27 99 103 82 71 89 56 9 25 20 
42 38 50 52 25 58 80 73 64 81 27 31 34 60 75 59 49 18 83 61 66 19 54 25 17 42 20 31 42 59 16 47 79 22 28 50 80 80 48 84 54 78 0 17 18 52 18 40 48 41 38 64 40 24 40 50 62 38 37 43 33 10 21 32 71 37 10 19 9 62 75 48 14 18 56 71 52 9 27 47 26 35 16 15 56 30 54 37 21 41 60 52 69 27 71 48 27 33 14 62 48 57 31 78 35 84 38 57 63 56 35 31 64 39 40 12 68 23 24 55 58 73 50 53 17 83 55 21 43 60 48 67 11 27 43 15 63 28 36 14 59 41 27 62 57 11 27 86 53 91 
36 21 55 67 11 72 76 57 58 72 11 15 41 44 59 43 32 32 77 59 62 3 37 22 34 58 36 19 28 42 16 57 62 24 29 45 70 63 32 76 37 75 17 0 35 44 34 42 32 39 40 47 45 36 23 65 44 33 37 47 46 28 36 23 62 39 26 17 24 64 65 47 17 35 67 56 35 13 30 44 14 41 12 24 39 15 38 32 11 56 53 35 68 35 58 56 28 49 18 51 64 64 32 68 37 79 25 40 64 52 50 31 47 29 36 19 53 38 31 57 72 56 35 48 10 66 68 30 41 53 31 57 25 24 51 2 48 38 44 31 51 29 29 44 70 20 35 81 52 84 
57 55 55 45 43 50 92 92 78 96 46 50 41 78 93 77 68 19 97 73 78 37 73 40 2 34 3 46 57 78 33 46 98 36 34 64 95 99 63 98 73 89 18 35 0 67 17 41 65 45 47 82 47 25 59 43 79 53 49 51 31 9 8 44 87 48 8 36 16 70 92 59 24 12 53 89 69 27 32 60 42 43 34 25 75 47 73 52 36 34 75 69 79 25 89 50 33 22 29 78 39 59 44 94 37 96 53 75 72 69 28 37 82 50 55 26 86 20 25 63 50 91 68 68 32 102 49 29 55 74 66 82 13 42 47 34 81 33 41 6 74 55 32 80 51 19 33 98 65 105 
11 51 37 71 33 75 32 47 14 29 38 34 35 34 42 33 48 51 33 21 20 41 41 27 65 68 70 59 62 40 35 51 56 31 73 7 27 61 63 32 45 33 52 44 67 0 54 87 57 83 27 59 33 49 43 70 58 14 21 31 53 58 73 65 19 25 61 32 51 33 25 19 61 59 61 30 57 42 74 14 55 33 36 42 37 53 33 15 55 64 8 59 31 78 26 46 73 67 38 13 72 47 25 27 82 35 62 53 32 12 62 75 55 70 13 41 29 55 74 32 76 54 23 7 55 62 68 41 16 9 38 15 63 25 41 46 25 42 39 61 7 66 73 50 70 61 40 38 19 40 
43 55 38 33 37 39 76 85 63 82 42 45 24 71 85 70 65 3 80 56 62 34 68 28 14 24 21 50 61 72 23 30 92 23 46 49 81 95 66 82 69 72 18 34 17 54 0 55 66 58 30 80 30 7 56 31 78 40 33 34 15 12 25 50 73 31 17 26 9 53 79 43 32 5 38 78 69 21 44 44 45 26 26 12 68 48 66 39 39 22 61 69 62 40 77 33 45 15 19 66 30 42 29 81 50 80 57 73 54 54 16 49 80 57 41 16 76 4 38 45 39 87 59 52 36 97 36 13 40 59 61 69 24 30 30 33 71 15 24 11 59 60 44 77 38 28 16 81 48 89 
78 47 90 86 54 91 118 90 101 115 51 55 75 80 94 80 60 56 120 100 104 46 70 62 43 75 38 33 41 77 54 85 92 61 13 87 112 91 46 119 68 117 40 42 41 87 55 0 52 9 78 70 80 62 55 84 68 74 76 84 70 42 33 26 104 77 37 56 47 102 107 87 27 51 93 96 56 47 12 85 34 76 51 55 74 38 74 74 31 75 95 55 108 16 98 87 14 63 53 93 80 96 71 110 5 121 36 66 103 94 69 12 73 27 77 51 93 59 16 95 91 85 76 90 32 94 90 61 81 96 65 100 31 65 83 41 88 68 76 44 94 35 13 73 92 29 67 123 92 127 
55 10 82 99 33 104 89 39 72 78 26 26 69 33 45 33 11 64 88 77 78 32 22 48 65 90 65 20 11 28 46 87 40 52 41 62 75 39 7 85 18 91 48 32 65 57 66 52 0 43 67 18 72 68 14 97 16 53 61 73 77 59 63 26 68 64 56 45 56 87 68 69 41 67 98 51 4 45 44 65 23 69 42 56 27 18 29 53 29 88 64 3 87 55 55 85 41 81 49 57 96 91 58 71 49 92 16 14 87 69 82 41 21 25 56 51 48 70 50 82 104 33 36 64 33 42 100 61 63 67 21 64 52 50 80 33 45 68 73 62 63 17 43 21 102 46 66 94 73 93 
75 39 90 90 50 95 115 82 97 110 46 49 75 73 87 73 52 58 116 98 101 42 63 60 47 79 43 26 32 69 52 87 83 60 12 84 108 82 37 115 60 114 41 39 45 83 58 9 43 0 77 61 80 64 47 88 59 72 75 83 73 46 38 19 100 76 41 55 49 101 102 85 26 55 96 89 47 46 14 83 28 76 49 56 67 32 68 71 27 79 91 46 107 22 92 89 13 67 52 88 84 97 69 105 10 118 27 57 102 91 73 9 64 18 75 51 86 62 20 94 95 76 70 87 28 85 94 62 79 92 58 95 34 63 84 38 82 69 77 48 90 26 14 64 96 30 68 120 91 123 
18 57 15 43 34 47 45 70 33 53 41 40 8 56 68 55 61 28 50 25 31 38 58 19 44 40 51 59 67 60 25 24 79 16 65 21 53 83 70 52 61 42 38 40 47 27 30 78 67 77 0 75 6 24 53 42 73 17 7 7 26 39 54 63 45 2 43 23 32 24 51 12 51 36 35 57 68 30 65 15 54 6 28 23 56 55 53 17 51 36 33 69 31 65 54 20 64 41 24 40 44 25 9 53 73 49 65 68 25 24 35 68 72 70 16 26 55 30 62 17 48 75 43 24 49 85 41 18 11 30 53 41 48 17 14 41 51 16 11 41 31 69 64 68 43 49 14 50 17 58 
59 26 89 111 44 117 88 26 72 73 38 36 79 26 33 27 14 78 85 80 79 46 18 58 81 104 82 38 29 20 58 98 23 63 59 65 69 21 24 81 14 91 64 47 82 59 80 70 18 61 75 0 81 81 24 110 2 58 68 81 90 75 80 44 64 72 73 57 71 91 62 74 59 82 108 43 14 59 63 69 40 78 54 69 22 35 26 59 47 101 64 15 90 73 48 94 60 96 62 54 109 100 66 66 67 90 34 7 91 71 96 59 5 43 61 64 41 84 68 88 117 17 36 66 50 24 112 73 68 68 22 61 69 59 89 48 39 80 83 78 64 35 62 9 114 63 77 93 77 89 
24 62 10 37 39 41 47 77 37 57 46 46 5 63 74 61 67 27 52 27 34 43 65 24 44 36 50 64 72 66 29 18 85 21 68 26 57 89 75 56 67 43 40 45 47 33 30 80 72 80 6 81 0 22 59 37 79 24 13 4 22 40 55 67 50 9 44 28 33 23 57 16 53 35 29 63 74 34 68 19 59 4 33 25 63 60 59 23 55 32 38 75 32 67 60 13 67 38 27 46 39 19 14 58 75 51 70 74 24 28 31 71 79 74 22 28 61 28 64 15 42 82 49 29 53 91 34 19 17 34 59 46 50 22 8 45 57 14 7 41 36 74 67 74 36 51 14 52 20 61 
38 57 30 30 37 35 69 84 56 76 43 45 17 69 83 68 66 6 74 49 55 36 68 25 22 22 29 54 64 71 23 23 91 20 52 44 76 94 69 76 69 65 24 36 25 49 7 62 68 64 24 81 22 0 57 28 79 35 28 26 9 19 33 55 68 25 24 24 15 45 74 36 38 13 32 75 71 23 50 38 49 18 27 12 68 52 64 34 44 19 56 71 54 47 73 25 51 18 19 61 28 34 24 76 57 73 61 74 47 47 15 55 80 62 36 17 73 6 45 37 36 86 57 47 40 97 31 8 34 53 61 64 31 26 22 35 68 8 16 19 54 64 50 77 34 34 9 74 41 82 
41 8 68 88 20 93 76 36 58 66 14 13 57 25 39 25 9 54 75 63 64 22 16 35 58 80 59 21 19 22 34 75 39 40 42 48 63 40 19 72 14 77 40 23 59 43 56 55 14 47 53 24 59 57 0 86 21 39 47 60 66 51 58 28 56 51 50 33 47 73 56 55 37 58 85 42 15 35 45 51 21 56 30 45 19 16 20 39 26 77 51 16 73 54 45 72 42 72 38 44 85 78 44 60 51 78 21 17 73 55 72 43 23 31 42 40 39 60 49 68 93 33 24 50 28 43 88 49 49 53 10 52 47 36 67 25 35 56 60 55 50 24 44 21 90 41 54 81 59 81 
60 86 37 2 66 7 80 111 73 93 72 73 34 96 109 95 95 33 87 62 69 65 96 53 41 9 46 82 93 99 52 20 119 47 76 63 94 122 97 91 97 75 50 65 43 70 31 84 97 88 42 110 37 28 86 0 108 59 49 40 19 42 51 82 87 45 47 53 41 52 93 52 63 33 16 99 100 51 74 56 77 36 55 41 95 80 92 58 71 9 75 100 63 68 97 27 75 21 48 83 5 32 47 95 80 84 89 103 54 64 15 79 109 89 58 46 97 27 68 46 7 114 83 66 68 124 7 36 53 71 89 83 54 53 29 64 93 30 30 40 73 92 74 105 8 59 33 84 55 95 
58 24 88 109 42 115 87 27 71 73 36 34 77 26 33 27 12 76 85 79 78 43 17 56 79 101 80 36 27 20 56 96 25 61 57 64 69 23 22 80 13 90 62 44 79 58 78 68 16 59 73 2 79 79 21 108 0 57 67 80 88 73 78 42 64 70 71 55 69 90 62 72 56 80 107 43 12 57 61 68 38 76 52 67 21 33 25 57 44 99 63 13 89 71 48 93 57 94 60 53 107 98 64 65 65 89 32 5 89 70 94 57 5 41 59 62 41 82 66 86 115 18 35 65 47 26 110 71 67 67 20 61 67 57 87 46 39 78 81 76 63 33 60 9 112 61 75 92 75 89 
3 44 31 60 22 64 43 53 26 43 29 27 24 39 50 37 45 37 45 26 29 29 41 13 51 56 56 49 55 42 21 42 61 17 61 12 42 65 57 45 44 42 38 33 53 14 40 74 53 72 17 58 24 35 39 59 57 0 10 23 40 44 58 55 33 14 47 18 37 34 39 16 48 45 53 40 54 29 62 12 45 22 23 28 39 44 35 1 44 52 22 55 36 65 38 37 60 53 24 26 60 41 11 41 70 46 54 51 34 19 49 63 56 61 3 27 38 41 61 29 65 58 25 15 43 67 58 27 10 21 36 29 50 10 32 34 34 29 28 47 20 58 61 51 60 48 27 48 20 53 
11 52 21 50 29 54 43 63 29 48 36 35 14 49 61 48 55 31 47 24 29 34 51 14 47 46 52 55 62 53 22 31 72 14 63 16 48 76 65 49 54 41 37 37 49 21 33 76 61 75 7 68 13 28 47 49 67 10 0 13 31 41 56 60 40 4 44 20 33 27 46 10 49 39 42 50 62 29 63 10 50 12 25 24 49 50 46 10 48 43 28 63 32 65 47 27 62 46 23 34 51 31 5 48 71 47 60 61 27 20 40 66 66 66 9 25 48 34 61 21 55 68 36 19 46 78 48 20 6 25 46 36 48 12 21 37 44 21 18 42 26 64 63 61 50 48 19 48 16 55 
23 64 8 40 41 44 42 75 33 53 48 47 10 62 72 60 68 32 48 23 30 45 64 26 49 40 55 66 74 66 31 21 84 23 72 23 53 89 77 52 67 39 43 47 51 31 34 84 73 83 7 81 4 26 60 40 80 23 13 0 26 44 59 70 46 9 48 30 37 19 53 12 57 40 30 61 75 37 71 17 61 8 35 28 62 62 58 22 58 36 35 76 27 71 57 15 71 42 31 43 43 18 16 54 79 46 72 74 20 24 35 74 79 77 21 32 59 33 68 11 45 81 48 26 56 90 37 23 14 31 59 43 54 24 10 47 55 18 11 45 33 76 71 74 39 55 18 47 16 56 
43 67 27 21 46 26 69 91 59 79 52 54 18 77 90 76 75 15 75 49 56 45 76 33 28 15 34 63 74 79 32 15 99 27 61 47 79 102 78 78 77 65 33 46 31 53 15 70 77 73 26 90 22 9 66 19 88 40 31 26 0 27 39 65 71 28 32 33 24 43 77 38 47 19 23 81 80 32 59 41 58 20 36 21 75 61 72 39 53 11 59 81 53 55 79 19 60 16 28 66 20 29 29 79 65 73 70 83 45 50 9 64 89 72 40 26 79 11 53 35 27 94 64 50 50 104 22 17 37 56 70 67 39 33 18 45 74 11 15 26 57 74 59 85 24 43 13 74 42 83 
48 48 49 44 35 50 84 84 69 87 38 41 34 70 85 69 60 13 88 64 70 29 65 31 7 34 11 41 52 70 24 42 90 27 34 56 86 91 58 89 65 81 10 28 9 58 12 42 59 46 39 75 40 19 51 42 73 44 41 44 27 0 15 40 78 40 5 27 7 63 83 51 21 9 50 80 63 18 32 51 37 36 25 17 66 41 64 43 30 33 67 62 71 27 80 45 33 23 20 69 39 54 35 85 38 88 48 68 65 61 27 37 75 47 46 17 77 16 26 55 50 84 59 59 27 94 48 21 47 65 58 73 12 33 41 26 72 26 35 3 65 51 32 72 50 16 26 89 56 96 
62 54 63 53 46 58 99 93 84 102 47 51 49 80 95 79 67 27 103 79 85 39 73 45 11 42 5 43 55 79 37 55 98 42 28 70 100 99 60 104 73 96 21 36 8 73 25 33 63 38 54 80 55 33 58 51 78 58 56 59 39 15 0 40 92 55 11 40 22 78 97 66 21 20 61 92 67 30 25 66 40 50 37 31 76 45 74 57 34 42 81 67 86 17 92 58 27 30 34 83 47 68 50 99 29 103 49 74 79 76 36 31 82 46 60 31 89 28 18 70 58 92 71 73 30 102 57 36 62 80 67 87 11 48 55 34 84 41 49 14 79 51 25 80 59 17 41 104 71 111 
58 20 77 84 32 90 97 63 80 91 27 31 63 54 68 53 34 50 98 81 84 26 44 45 44 74 43 7 15 50 38 78 66 46 15 67 89 65 21 96 41 97 32 23 44 65 50 26 26 19 63 44 67 55 28 82 42 55 60 70 65 40 40 0 81 62 36 40 41 87 83 70 19 49 87 70 30 34 18 67 10 63 34 45 48 13 48 55 12 73 73 29 91 29 73 78 15 63 40 70 80 86 55 86 23 101 10 40 87 74 67 15 47 7 58 40 67 55 24 80 90 59 51 70 15 68 87 51 64 75 39 77 30 47 73 22 63 59 66 43 72 11 17 47 89 24 57 103 75 105 
30 64 51 87 50 91 25 45 15 10 53 50 53 37 38 37 57 70 21 27 21 58 47 46 84 86 89 74 75 44 55 67 54 50 91 24 8 60 74 16 52 29 71 62 87 19 73 104 68 100 45 64 50 68 56 87 64 33 40 46 71 78 92 81 0 43 80 51 70 41 7 34 79 78 76 24 67 62 92 30 71 51 55 61 43 68 39 34 72 82 12 68 34 97 18 61 90 86 58 11 90 60 44 8 99 26 76 60 40 22 80 92 60 85 32 61 25 74 92 43 92 55 31 21 72 60 84 60 34 15 47 4 83 44 57 63 25 61 56 80 14 80 91 55 85 80 59 29 31 25 
15 55 17 46 32 50 44 67 31 51 39 38 10 53 65 52 58 29 49 24 30 36 55 17 45 43 51 57 65 57 23 27 76 15 64 19 51 80 68 51 58 41 37 39 48 25 31 77 64 76 2 72 9 25 51 45 70 14 4 9 28 40 55 62 43 0 44 21 32 25 49 11 50 37 38 54 66 30 64 13 52 8 27 23 54 53 50 14 50 39 31 67 31 65 51 22 64 43 23 38 47 27 7 51 72 48 63 65 26 22 37 67 70 68 13 25 52 31 62 18 51 73 40 22 48 82 43 19 9 28 50 39 48 15 17 39 48 18 14 41 29 67 64 65 45 48 16 49 16 57 
50 46 54 49 35 54 87 83 72 90 37 41 39 70 85 69 59 18 91 68 73 29 64 33 8 38 10 38 49 69 25 47 89 30 29 59 89 90 55 92 64 85 10 26 8 61 17 37 56 41 43 73 44 24 50 47 71 47 44 48 32 5 11 36 80 44 0 28 11 68 85 55 17 14 55 81 60 19 27 55 33 40 26 20 66 38 64 46 27 38 69 60 75 22 81 50 28 27 22 71 44 59 39 88 33 91 44 66 69 64 32 32 73 43 49 19 78 21 21 60 54 83 60 62 24 93 53 25 50 68 57 76 7 36 46 25 73 31 39 7 67 47 27 71 55 12 30 93 60 99 
22 35 38 54 13 59 61 59 45 61 19 20 24 45 59 44 42 23 64 43 47 15 43 5 34 47 38 36 44 46 3 41 67 7 43 31 60 69 48 64 44 60 19 17 36 32 26 56 45 55 23 57 28 24 33 53 55 18 20 30 33 27 40 40 51 21 28 0 20 47 56 30 29 29 52 53 48 10 44 29 31 24 5 13 43 32 40 18 28 44 41 48 52 46 53 39 43 41 7 42 53 47 14 59 51 65 42 50 47 37 39 46 55 46 21 10 50 28 42 40 60 62 33 34 26 72 54 16 25 40 36 47 31 8 34 17 45 23 27 30 39 46 43 52 57 29 20 67 36 72 
40 46 43 43 29 49 76 78 62 80 33 36 28 64 79 63 56 9 80 57 62 25 60 24 14 34 19 40 51 64 17 38 84 19 37 48 79 86 56 82 60 74 9 24 16 51 9 47 56 49 32 71 33 15 47 41 69 37 33 37 24 7 22 41 70 32 11 20 0 56 75 43 23 10 47 73 60 12 35 44 35 29 18 9 61 39 58 36 30 32 59 60 64 33 73 39 36 24 13 62 39 49 28 78 43 80 47 64 58 53 26 40 71 48 38 10 70 13 31 49 49 79 53 51 26 89 46 14 39 57 53 66 17 26 35 23 65 20 29 10 57 50 35 68 48 19 19 82 49 89 
32 78 16 52 55 54 28 80 26 44 62 61 29 68 75 67 79 50 35 14 20 61 73 42 68 54 74 82 88 73 49 32 89 41 90 26 46 94 91 40 77 23 62 64 70 33 53 102 87 101 24 91 23 45 73 52 90 34 27 19 43 63 78 87 41 25 68 47 56 0 49 18 75 59 38 62 88 55 90 22 77 27 52 47 70 77 66 34 75 50 32 89 11 90 57 25 89 59 49 43 56 20 32 48 97 32 87 85 2 21 51 93 88 93 31 50 61 51 87 7 55 88 56 26 73 96 47 42 24 27 69 40 73 39 25 64 59 37 29 64 31 91 89 83 48 73 37 32 14 43 
36 65 58 94 53 98 30 41 22 11 56 52 60 35 34 35 57 76 25 35 29 61 46 51 90 92 94 75 75 42 59 74 50 56 93 30 7 56 75 19 51 35 75 65 92 25 79 107 68 102 51 62 57 74 56 93 62 39 46 53 77 83 97 83 7 49 85 56 75 49 0 41 82 84 83 20 66 66 95 37 73 58 59 67 41 70 38 40 75 88 18 68 41 100 14 68 93 92 63 13 96 67 50 3 102 30 77 58 47 29 86 95 57 87 38 66 21 80 96 51 99 51 32 27 75 56 91 66 40 22 47 10 87 49 64 67 23 67 63 85 20 81 94 53 92 83 65 33 38 27 
14 60 18 53 38 57 33 65 21 41 44 43 20 52 61 51 61 40 37 13 19 44 56 25 56 52 62 64 70 56 33 33 74 25 74 11 41 79 73 40 59 30 48 47 59 19 43 87 69 85 12 74 16 36 55 52 72 16 10 12 38 51 66 70 34 11 55 30 43 18 41 0 60 48 43 49 70 39 74 5 60 18 35 34 53 59 49 16 58 48 22 71 21 75 45 27 73 53 33 31 55 28 16 42 82 37 69 67 18 12 47 76 71 76 13 36 48 42 72 13 57 72 39 13 56 80 50 30 6 18 52 31 59 22 23 47 44 28 23 52 20 73 73 66 51 58 27 38 5 46 
51 32 63 65 29 71 91 73 74 89 28 32 48 61 76 60 45 32 93 73 77 21 53 35 25 55 24 22 33 59 27 61 77 34 14 60 87 77 39 93 51 89 14 17 24 61 32 27 41 26 51 59 53 38 37 63 56 48 49 57 47 21 21 19 79 50 17 29 23 75 82 60 0 30 70 74 45 20 14 58 18 49 24 29 56 23 55 47 12 54 69 45 81 18 75 62 13 44 26 68 61 71 43 85 22 94 28 53 76 67 48 17 60 26 50 25 71 36 13 68 71 70 53 63 9 80 68 35 54 69 47 74 11 38 57 15 66 42 50 24 68 30 13 58 70 5 41 96 65 101 
48 56 43 35 40 40 81 89 68 87 44 47 30 75 89 73 67 8 86 62 68 36 71 33 9 25 15 50 61 75 27 34 95 28 43 55 86 97 66 88 71 78 18 35 12 59 5 51 67 55 36 82 35 13 58 33 80 45 39 40 19 9 20 49 78 37 14 29 10 59 84 48 30 0 41 83 70 23 41 50 45 31 29 17 72 49 69 44 39 24 66 70 67 35 82 38 42 14 22 71 30 47 34 86 47 85 56 75 60 59 18 46 82 56 46 19 80 8 35 51 41 90 63 58 35 100 39 18 45 64 64 74 21 35 35 33 75 21 29 7 64 59 41 79 41 25 21 87 54 94 
53 87 25 15 65 16 66 106 62 81 72 72 29 92 103 90 94 38 73 50 57 66 93 50 50 22 56 85 95 95 52 10 114 45 84 54 82 118 99 78 95 61 56 67 53 61 38 93 98 96 35 108 29 32 85 16 107 53 42 30 23 50 61 87 76 38 55 52 47 38 83 43 70 41 0 92 100 54 82 47 80 30 56 42 91 82 88 52 75 20 65 101 49 77 88 15 83 33 49 74 21 18 42 84 88 70 92 101 40 54 25 87 107 94 51 48 90 34 76 33 17 110 78 56 72 120 9 37 45 60 87 73 62 49 20 66 86 29 25 48 63 96 82 102 10 66 31 70 44 81 
38 50 68 100 46 104 49 21 36 31 46 42 64 17 14 17 40 75 45 48 44 53 29 50 87 96 91 63 60 23 56 82 30 55 83 38 27 36 58 39 33 53 71 56 89 30 78 96 51 89 57 43 63 75 42 99 43 40 50 61 81 80 92 70 24 54 81 53 73 62 20 49 74 83 92 0 49 62 85 44 61 63 55 66 24 57 22 41 65 93 29 50 56 92 6 76 82 93 60 18 101 77 52 23 92 50 63 40 61 40 89 84 38 73 41 63 3 80 87 62 105 31 21 36 66 36 98 66 46 34 31 23 81 48 71 58 8 70 68 83 30 66 84 34 100 76 67 53 49 47 
56 14 83 102 35 107 89 36 72 77 28 28 72 31 42 32 9 67 88 78 78 35 20 50 69 93 69 24 15 26 48 90 36 55 45 63 73 35 10 84 16 91 52 35 69 57 69 56 4 47 68 14 74 71 15 100 12 54 62 75 80 63 67 30 67 66 60 48 60 88 66 70 45 70 100 49 0 48 49 66 27 71 44 59 25 22 28 54 33 91 64 1 88 59 54 87 45 84 52 56 99 93 59 70 53 91 20 10 88 69 85 45 17 29 57 54 46 73 54 83 107 29 36 64 36 38 102 64 64 67 20 64 56 51 82 36 43 71 75 66 63 21 48 18 105 50 68 94 74 93 
32 34 44 53 17 59 71 66 55 72 21 24 29 52 66 50 44 19 74 53 57 13 47 15 25 45 29 31 41 52 7 44 72 14 34 41 70 74 46 74 48 70 9 13 27 42 21 47 45 46 30 59 34 23 35 51 57 29 29 37 32 18 30 34 62 30 19 10 12 55 66 39 20 23 54 62 48 0 34 38 26 29 7 11 48 28 46 28 22 42 51 48 61 36 62 44 34 36 6 52 50 52 23 69 42 75 38 52 56 47 37 37 59 41 31 6 59 24 32 48 59 66 41 44 19 77 55 17 34 50 41 57 21 18 39 12 54 25 32 21 49 41 34 56 57 19 23 77 45 82 
65 38 78 76 41 81 105 81 88 102 39 43 62 70 85 69 52 44 107 87 91 33 61 49 33 65 29 25 34 67 41 74 84 49 3 74 100 83 40 106 59 104 27 30 32 74 44 12 44 14 65 63 68 50 45 74 61 62 63 71 59 32 25 18 92 64 27 44 35 90 95 74 14 41 82 85 49 34 0 73 24 63 38 43 64 29 64 61 20 65 83 48 96 10 87 75 3 53 40 81 70 84 58 98 7 108 29 58 91 81 59 5 65 22 65 39 82 48 7 82 81 77 64 77 19 86 80 49 69 83 55 87 20 52 71 28 77 56 64 34 81 29 1 65 82 16 55 111 80 114 
10 56 23 57 35 61 32 60 18 38 41 39 23 47 56 46 57 41 36 14 18 41 51 23 57 55 63 62 67 52 31 38 69 25 72 6 38 74 69 38 55 31 47 44 60 14 44 85 65 83 15 69 19 38 51 56 68 12 10 17 41 51 66 67 30 13 55 29 44 22 37 5 58 50 47 44 66 38 73 0 57 21 34 34 49 56 44 12 56 51 18 67 23 75 41 31 72 56 33 26 59 33 16 38 80 36 66 62 22 9 50 75 66 73 9 35 43 44 71 18 62 67 34 9 54 75 54 31 4 15 47 26 59 20 27 45 39 31 26 53 16 70 72 61 56 58 29 38 8 44 
48 14 69 79 22 84 87 57 70 82 17 21 55 46 60 45 28 44 88 72 74 16 37 35 42 69 42 5 15 43 30 70 60 38 21 57 79 60 21 87 35 87 26 14 42 55 45 34 23 28 54 40 59 49 21 77 38 45 50 61 58 37 40 10 71 52 33 31 35 77 73 60 18 45 80 61 27 26 24 57 0 55 26 37 40 5 40 45 6 68 63 26 81 33 64 70 21 59 32 60 75 78 45 77 30 91 11 35 78 64 62 22 42 15 48 32 58 49 28 71 85 53 41 60 9 63 81 43 54 65 31 67 29 38 65 14 54 51 58 40 62 15 23 41 83 23 49 93 65 95 
24 59 14 37 36 41 50 75 39 59 43 43 2 61 73 60 64 23 55 30 37 39 62 20 40 34 46 60 68 64 25 19 84 17 64 27 59 87 72 58 65 46 35 41 43 33 26 76 69 76 6 78 4 18 56 36 76 22 12 8 20 36 50 63 51 8 40 24 29 27 58 18 49 31 30 63 71 29 63 21 55 0 29 20 61 56 57 22 51 30 39 72 36 62 60 16 63 35 23 46 38 23 12 59 71 54 66 71 29 30 29 67 76 70 21 24 61 25 60 19 42 80 48 30 48 89 35 15 17 36 56 47 46 19 10 41 56 10 5 36 37 70 63 72 37 46 10 55 22 64 
27 31 43 57 10 62 66 59 49 65 16 18 29 45 60 44 39 24 69 48 52 10 41 10 32 49 36 31 39 46 4 45 66 12 38 36 64 68 43 68 42 65 16 12 34 36 26 51 42 49 28 54 33 27 30 55 52 23 25 35 36 25 37 34 55 27 26 5 18 52 59 35 24 29 56 55 44 7 38 34 26 29 0 14 42 27 39 22 23 46 45 45 57 41 55 44 37 42 7 45 55 52 20 62 46 70 37 47 53 42 41 41 53 41 26 10 52 29 37 45 63 60 34 39 21 71 58 19 30 45 35 51 27 13 39 12 47 26 32 28 43 41 38 50 60 24 24 72 41 76 
31 45 34 42 25 48 67 73 52 71 31 33 19 59 73 57 54 9 71 48 53 24 56 16 23 34 28 42 52 60 11 33 80 11 43 39 70 83 57 72 57 65 15 24 25 42 12 55 56 56 23 69 25 12 45 41 67 28 24 28 21 17 31 45 61 23 20 13 9 47 67 34 29 17 42 66 59 11 43 34 37 20 14 0 56 40 53 27 33 32 50 59 55 42 65 33 43 28 7 54 40 41 18 69 50 71 49 62 49 44 26 46 68 52 29 5 63 15 39 40 48 75 46 42 30 85 43 6 30 48 49 57 25 18 28 24 58 14 21 18 48 53 42 65 46 26 12 72 40 79 
39 27 70 96 31 101 66 17 50 52 28 25 62 6 20 6 16 66 64 58 57 37 5 42 73 90 76 40 36 3 45 81 23 48 62 44 48 26 34 59 9 69 56 39 75 37 68 74 27 67 56 22 63 68 19 95 21 39 49 62 75 66 76 48 43 54 66 43 61 70 41 53 56 72 91 24 25 48 64 49 40 61 42 56 0 35 4 39 45 87 42 27 68 73 28 76 61 84 49 32 96 81 49 45 70 68 40 17 70 49 83 62 18 50 41 52 21 71 68 67 102 19 14 44 47 29 96 59 48 46 9 40 64 42 71 41 18 65 66 70 42 43 63 13 98 59 62 71 56 68 
47 9 70 82 21 87 86 52 68 79 15 18 56 41 56 41 23 47 86 70 72 17 32 36 46 73 46 5 12 38 31 72 55 39 26 56 76 55 17 84 30 86 30 15 47 53 48 38 18 32 55 35 60 52 16 80 33 44 50 62 61 41 45 13 68 53 38 32 39 77 70 59 23 49 82 57 22 28 29 56 5 56 27 40 35 0 36 44 11 71 61 22 80 38 60 71 26 63 33 57 78 79 46 73 34 89 10 30 78 63 65 26 37 17 47 34 54 52 33 71 88 48 38 58 14 58 83 45 53 63 26 64 34 38 66 16 50 53 59 44 60 14 28 36 86 27 51 91 64 93 
35 28 66 93 29 98 62 19 46 49 27 23 58 6 21 5 18 63 60 54 53 35 8 39 71 87 74 41 38 7 42 77 27 45 62 40 45 30 36 56 12 65 54 38 73 33 66 74 29 68 53 26 59 64 20 92 25 35 46 58 72 64 74 48 39 50 64 40 58 66 38 49 55 69 88 22 28 46 64 44 40 57 39 53 4 36 0 36 44 84 38 29 64 72 26 73 61 81 46 28 92 77 45 42 70 64 41 20 65 45 79 62 22 51 37 49 19 68 67 63 99 22 10 40 46 32 92 56 44 42 9 36 63 38 67 40 15 61 63 68 38 44 63 17 94 58 58 67 52 65 
4 44 30 59 22 63 43 53 27 44 28 27 23 39 51 38 45 36 46 26 29 29 42 12 50 55 55 49 54 43 21 41 62 16 60 13 43 66 57 46 44 43 37 32 52 15 39 74 53 71 17 59 23 34 39 58 57 1 10 22 39 43 57 55 34 14 46 18 36 34 40 16 47 44 52 41 54 28 61 12 45 22 22 27 39 44 36 0 44 51 23 55 36 64 39 37 60 52 23 27 59 41 10 42 69 47 54 52 34 19 48 63 56 60 3 26 39 40 60 29 64 58 26 16 42 68 57 26 10 22 37 30 49 9 31 33 34 28 27 46 21 58 60 51 59 47 26 49 20 54 
48 20 65 73 22 79 87 62 70 83 19 23 51 50 65 49 33 38 89 70 73 15 42 33 36 63 35 10 22 48 26 66 65 34 18 57 81 65 27 87 40 87 21 11 36 55 39 31 29 27 51 47 55 44 26 71 44 44 48 58 53 30 34 12 72 50 27 28 30 75 75 58 12 39 75 65 33 22 20 56 6 51 23 33 45 11 44 44 0 62 64 33 80 28 67 66 17 53 28 61 69 74 43 78 27 90 17 41 76 63 56 20 48 19 47 28 61 44 23 68 79 59 44 59 3 68 75 39 52 65 36 68 23 36 61 10 57 47 54 34 62 20 19 47 78 16 45 93 63 96 
54 77 34 11 57 16 77 103 69 89 63 65 28 89 102 87 86 23 84 59 66 56 87 45 32 4 37 73 83 91 43 18 111 39 67 58 89 114 88 88 89 73 41 56 34 64 22 75 88 79 36 101 32 19 77 9 99 52 43 36 11 33 42 73 82 39 38 44 32 50 88 48 54 24 20 93 91 42 65 51 68 30 46 32 87 71 84 51 62 0 70 91 61 59 90 25 66 13 39 77 8 33 40 90 71 81 79 94 52 60 6 70 100 80 52 37 90 18 59 43 17 106 76 61 58 116 15 28 48 66 81 78 45 45 26 55 86 22 25 31 68 83 65 96 17 49 25 82 52 92 
18 58 40 75 41 79 25 48 8 20 46 43 41 38 43 37 54 58 25 18 15 49 46 35 73 74 78 67 69 44 44 56 58 39 82 12 20 63 70 23 50 27 60 53 75 8 61 95 64 91 33 64 38 56 51 75 63 22 28 35 59 67 81 73 12 31 69 41 59 32 18 22 69 66 65 29 64 51 83 18 63 39 45 50 42 61 38 23 64 70 0 65 27 87 24 49 81 74 47 11 78 49 32 20 90 27 70 58 31 11 68 84 60 78 20 49 29 62 82 33 80 57 28 9 63 64 72 48 22 5 44 8 72 33 45 54 27 49 44 69 2 74 82 55 74 69 47 30 20 31 
57 14 84 102 36 107 90 38 73 78 29 28 72 33 44 33 11 68 89 79 79 35 22 51 68 93 69 23 14 27 49 90 37 55 44 64 75 36 9 85 17 92 52 35 69 59 69 55 3 46 69 15 75 71 16 100 13 55 63 76 81 62 67 29 68 67 60 48 60 89 68 71 45 70 101 50 1 48 48 67 26 72 45 59 27 22 29 55 33 91 65 0 89 58 55 88 45 85 52 57 99 94 60 71 52 92 19 12 89 70 86 44 18 28 58 54 48 73 53 84 108 30 37 65 36 39 103 64 65 68 21 65 56 52 82 36 45 72 76 66 65 20 47 19 105 49 69 95 75 94 
33 80 26 63 58 65 17 76 20 35 65 63 37 65 70 64 79 59 24 10 12 65 72 46 76 65 82 85 90 70 54 43 85 47 95 25 37 91 92 30 76 12 69 68 79 31 62 108 87 107 31 90 32 54 73 63 89 36 32 27 53 71 86 91 34 31 75 52 64 11 41 21 81 67 49 56 88 61 96 23 81 36 57 55 68 80 64 36 80 61 27 89 0 97 51 36 95 69 55 38 67 31 37 40 103 21 90 84 9 19 61 98 86 97 32 57 56 60 93 17 66 84 54 24 78 92 58 50 27 22 69 33 80 43 35 69 54 46 38 72 26 94 95 81 59 80 46 21 16 32 
68 47 76 70 47 75 107 90 91 107 46 50 61 78 93 77 61 41 110 89 93 39 70 52 27 59 22 34 44 76 43 70 93 50 14 77 105 93 50 110 68 106 27 35 25 78 40 16 55 22 65 73 67 47 54 68 71 65 65 71 55 27 17 29 97 65 22 46 33 90 100 75 18 35 77 92 59 36 10 75 33 62 41 42 73 38 72 64 28 59 87 58 97 0 93 73 13 47 41 86 64 82 59 103 12 111 39 68 91 83 53 16 75 33 67 39 89 43 5 82 75 86 71 80 26 96 74 47 70 86 64 92 16 54 69 33 84 54 62 28 85 40 11 74 76 17 53 113 81 118 
36 54 64 97 47 102 43 27 31 25 48 44 62 22 20 22 44 74 39 43 38 54 33 49 87 94 91 66 64 28 56 78 36 54 85 34 21 42 62 33 38 47 71 58 89 26 77 98 55 92 54 48 60 73 45 97 48 38 47 57 79 80 92 73 18 51 81 53 73 57 14 45 75 82 88 6 54 62 87 41 64 60 55 65 28 60 26 39 67 90 24 55 51 93 0 72 85 92 60 14 99 73 50 17 94 44 67 45 56 36 87 86 44 76 38 63 7 79 89 58 102 37 22 32 68 42 95 65 43 29 35 17 82 47 68 60 10 68 66 83 26 70 86 39 97 77 65 47 45 41 
38 75 10 27 52 30 53 90 46 66 59 59 15 76 87 75 80 31 60 35 42 54 78 37 47 29 54 75 84 80 40 7 99 32 76 38 67 103 87 64 81 48 48 56 50 46 33 87 85 89 20 94 13 25 72 27 93 37 27 15 19 45 58 78 61 22 50 39 39 25 68 27 62 38 15 76 87 44 75 31 70 16 44 33 76 71 73 37 66 25 49 88 36 73 72 0 75 35 38 58 31 9 28 68 82 57 81 87 27 38 26 79 92 85 36 38 74 30 71 19 31 95 63 40 63 105 23 27 29 45 72 58 56 35 5 56 70 19 12 44 47 85 75 88 24 58 21 57 29 68 
64 35 77 77 40 82 104 78 86 101 37 41 62 67 82 66 49 45 106 86 90 32 58 48 35 66 31 22 31 64 40 74 81 48 1 73 98 80 37 105 56 103 27 28 33 73 45 14 41 13 64 60 67 51 42 75 57 60 62 71 60 33 27 15 90 64 28 43 36 89 93 73 13 42 83 82 45 34 3 72 21 63 37 43 61 26 61 60 17 66 81 45 95 13 85 75 0 55 40 79 72 84 57 96 9 107 25 55 90 80 60 4 62 19 63 39 79 49 9 82 83 74 62 76 17 83 81 49 68 82 52 86 21 51 71 26 75 56 64 35 80 26 2 62 83 17 55 109 79 113 
56 70 43 23 53 28 85 101 74 94 58 60 33 87 101 85 81 18 91 65 72 50 84 43 20 12 25 64 75 88 39 29 108 37 56 62 94 110 81 93 85 81 33 49 22 67 15 63 81 67 41 96 38 18 72 21 94 53 46 42 16 23 30 63 86 43 27 41 24 59 92 53 44 14 33 93 84 36 53 56 59 35 42 28 84 63 81 52 53 13 74 85 69 47 92 35 55 0 34 79 17 44 42 94 59 89 71 89 61 65 8 59 95 70 54 32 91 13 47 52 28 103 74 65 50 113 27 26 52 71 77 82 34 44 34 48 86 25 31 20 72 74 53 92 29 39 27 90 58 99 
28 38 38 49 18 54 66 66 50 68 24 26 23 52 66 51 47 16 69 47 52 17 49 11 27 41 31 37 46 53 4 38 73 8 41 36 66 76 50 70 50 64 14 18 29 38 19 53 49 52 24 62 27 19 38 48 60 24 23 31 28 20 34 40 58 23 22 7 13 49 63 33 26 22 49 60 52 6 40 33 32 23 7 7 49 33 46 23 28 39 47 52 55 41 60 38 40 34 0 49 47 46 17 65 48 70 43 55 50 42 33 43 61 47 26 3 57 22 38 42 55 68 40 39 25 78 50 11 29 46 42 53 25 13 33 18 52 19 26 23 45 47 40 58 52 24 17 71 39 77 
23 52 50 84 39 88 34 37 18 21 42 39 48 28 32 27 46 63 31 30 26 47 37 38 76 81 81 62 63 34 45 64 47 43 80 20 19 52 63 27 41 37 62 51 78 13 66 93 57 88 40 54 46 61 44 83 53 26 34 43 66 69 83 70 11 38 71 42 62 43 13 31 68 71 74 18 56 52 81 26 60 46 45 54 32 57 28 27 61 77 11 57 38 86 14 58 79 79 49 0 85 59 37 17 89 35 65 49 42 22 74 81 50 74 25 52 17 67 82 43 89 46 20 18 61 53 81 53 29 16 36 7 73 36 54 53 16 55 52 72 12 69 80 45 83 70 52 38 31 36 
62 85 41 7 65 11 84 112 76 96 71 73 37 97 110 96 94 31 91 66 73 64 96 53 37 5 42 80 91 99 51 24 119 47 73 66 97 122 96 95 97 79 48 64 39 72 30 80 96 84 44 109 39 28 85 5 107 60 51 43 20 39 47 80 90 47 44 53 39 56 96 55 61 30 21 101 99 50 70 59 75 38 55 40 96 78 92 59 69 8 78 99 67 64 99 31 72 17 47 85 0 37 49 98 76 88 87 102 58 67 13 76 108 87 60 45 99 26 64 50 11 114 84 68 66 125 13 36 56 74 89 86 51 54 33 62 94 31 33 37 76 90 71 105 14 56 34 88 59 99 
41 82 10 32 58 34 48 93 45 64 65 65 23 80 90 78 86 41 55 32 39 62 83 43 57 36 63 83 91 84 48 14 102 40 85 39 65 107 94 60 86 43 57 64 59 47 42 96 91 97 25 100 19 34 78 32 98 41 31 18 29 54 68 86 60 27 59 47 49 20 67 28 71 47 18 77 93 52 84 33 78 23 52 41 81 79 77 41 74 33 49 94 31 82 73 9 84 44 46 59 37 0 33 67 92 52 89 93 22 38 35 88 97 93 39 46 76 39 80 16 35 99 66 41 71 108 27 35 32 44 78 57 65 41 13 64 73 28 20 54 47 93 84 93 28 68 29 52 28 63 
14 48 24 48 25 53 48 63 34 52 32 31 13 49 61 48 52 26 52 29 34 29 50 10 41 44 47 50 58 52 17 32 72 9 58 20 52 75 61 54 52 46 31 32 44 25 29 71 58 69 9 66 14 24 44 47 64 11 5 16 29 35 50 55 44 7 39 14 28 32 50 16 43 34 42 52 59 23 58 16 45 12 20 18 49 46 45 10 43 40 32 60 37 59 50 28 57 42 17 37 49 33 0 52 66 52 56 59 33 25 37 60 64 61 12 19 50 30 55 25 54 68 36 23 41 77 47 16 11 30 44 40 43 8 22 32 45 18 17 37 30 60 57 60 49 42 15 54 21 60 
38 68 59 95 56 98 28 44 22 8 59 55 61 39 37 38 60 78 22 34 28 64 50 54 92 94 97 79 79 45 62 75 53 58 97 32 4 59 78 16 54 33 78 68 94 27 81 110 71 105 53 66 58 76 60 95 65 41 48 54 79 85 99 86 8 51 88 59 78 48 3 42 85 86 84 23 70 69 98 38 77 59 62 69 45 73 42 42 78 90 20 71 40 103 17 68 96 94 65 17 98 67 52 0 106 28 81 62 47 30 88 98 61 90 40 68 25 82 99 51 99 54 36 29 78 59 92 68 42 23 50 12 90 51 65 70 26 69 64 88 22 84 97 56 93 86 67 31 39 24 
73 43 85 82 49 87 113 86 96 110 46 50 70 76 91 75 57 51 115 95 99 41 67 57 39 71 34 30 38 73 49 81 89 56 8 82 108 88 43 114 64 112 35 37 37 82 50 5 49 10 73 67 75 57 51 80 65 70 71 79 65 38 29 23 99 72 33 51 43 97 102 82 22 47 88 92 53 42 7 80 30 71 46 50 70 34 70 69 27 71 90 52 103 12 94 82 9 59 48 89 76 92 66 106 0 116 33 63 98 89 65 8 70 24 72 47 88 54 12 90 87 82 71 85 27 91 86 56 76 91 61 95 26 60 78 36 84 63 71 40 89 32 8 70 88 24 62 118 87 122 
43 86 47 84 68 86 4 71 20 20 73 70 56 63 64 62 81 77 5 23 18 75 72 59 93 85 99 94 97 69 68 64 80 61 108 33 24 86 98 13 77 9 84 79 96 35 80 121 92 118 49 90 51 73 78 84 89 46 47 46 73 88 103 101 26 48 91 65 80 32 30 37 94 85 70 50 91 75 108 36 91 54 70 71 68 89 64 47 90 81 27 92 21 111 44 57 107 89 70 35 88 52 52 28 116 0 98 85 30 27 82 110 85 106 43 72 51 79 107 38 87 81 55 31 89 86 79 67 41 25 71 28 95 56 55 80 51 65 58 89 28 102 108 80 80 94 64 3 31 11 
57 12 80 91 31 96 95 54 77 87 25 27 66 46 59 46 25 56 95 80 82 27 35 46 53 81 52 6 5 42 41 82 56 49 25 65 84 55 11 92 32 95 38 25 53 62 57 36 16 27 65 34 70 61 21 89 32 54 60 72 70 48 49 10 76 63 44 42 47 87 77 69 28 56 92 63 20 38 29 66 11 66 37 49 40 10 41 54 17 79 70 19 90 39 67 81 25 71 43 65 87 89 56 81 33 98 0 30 88 72 73 25 37 9 57 44 60 61 34 81 96 49 45 68 21 58 92 55 63 72 31 72 39 48 76 25 56 63 69 51 69 4 28 37 95 33 60 100 74 101 
53 20 82 104 37 109 83 25 66 69 31 29 72 22 32 23 7 71 81 74 73 39 12 51 74 96 76 33 25 16 51 90 26 56 55 59 65 25 21 76 8 85 57 40 75 53 73 66 14 57 68 7 74 74 17 103 5 51 61 74 83 68 74 40 60 65 66 50 64 85 58 67 53 75 101 40 10 52 58 62 35 71 47 62 17 30 20 52 41 94 58 12 84 68 45 87 55 89 55 49 102 93 59 62 63 85 30 0 84 65 89 55 7 39 54 57 37 77 63 81 110 19 30 60 44 28 104 66 61 62 15 57 63 51 82 41 35 73 76 72 58 31 57 7 107 57 70 88 70 85 
32 78 18 54 56 56 26 79 25 42 62 61 30 67 74 66 79 52 33 12 18 61 73 42 69 56 75 82 89 72 50 34 89 42 91 25 44 94 91 38 76 21 63 64 72 32 54 103 87 102 25 91 24 47 73 54 89 34 27 20 45 65 79 87 40 26 69 47 58 2 47 18 76 60 40 61 88 56 91 22 78 29 53 49 70 78 65 34 76 52 31 89 9 91 56 27 90 61 50 42 58 22 33 47 98 30 88 84 0 21 53 93 87 94 31 51 60 53 88 9 57 87 55 25 74 95 49 43 24 26 69 38 74 40 26 65 58 39 31 65 30 92 90 82 50 74 38 30 14 41 
15 61 29 65 41 68 24 58 9 29 47 44 32 46 53 45 60 51 27 9 10 48 53 31 67 64 72 68 72 52 40 45 68 34 80 6 29 73 74 28 57 23 56 52 69 12 54 94 69 91 24 71 28 47 55 64 70 19 20 24 50 61 76 74 22 22 64 37 53 21 29 12 67 59 54 40 69 47 81 9 64 30 42 44 49 63 45 19 63 60 11 70 19 83 36 38 80 65 42 22 67 38 25 30 89 27 72 65 21 0 59 83 67 80 16 44 39 54 80 22 69 66 35 5 62 74 61 41 13 6 50 19 68 29 35 53 37 40 35 63 9 76 80 62 63 66 38 29 9 35 
51 71 35 17 52 22 77 99 68 88 58 60 27 84 98 83 81 18 84 58 65 50 83 40 26 7 31 67 77 86 38 21 106 34 61 56 88 109 82 87 84 73 35 50 28 62 16 69 82 73 35 96 31 15 72 15 94 49 40 35 9 27 36 67 80 37 32 39 26 51 86 47 48 18 25 89 85 37 59 50 62 29 41 26 83 65 79 48 56 6 68 86 61 53 87 26 60 8 33 74 13 35 37 88 65 82 73 89 53 59 0 64 95 74 49 31 87 12 53 44 23 101 72 59 52 112 21 23 46 65 76 76 39 41 26 49 82 19 24 25 66 77 59 92 23 43 22 82 51 92 
67 35 81 81 42 86 107 78 89 103 39 43 66 68 82 68 49 49 108 89 93 34 59 51 39 70 35 22 30 65 43 78 81 51 3 76 101 80 35 107 56 106 31 31 37 75 49 12 41 9 68 59 71 55 43 79 57 63 66 74 64 37 31 15 92 67 32 46 40 93 95 76 17 46 87 84 45 37 5 75 22 67 41 46 62 26 62 63 20 70 84 44 98 16 86 79 4 59 43 81 76 88 60 98 8 110 25 55 93 83 64 0 62 17 66 42 81 53 13 85 86 74 63 79 20 83 85 52 71 84 53 88 25 54 75 29 76 60 68 39 82 25 5 62 87 21 58 112 82 116 
56 28 87 110 43 115 84 21 68 68 37 35 77 22 28 23 14 77 81 76 75 45 14 56 81 103 83 40 32 16 57 96 19 62 62 62 65 18 27 76 11 87 64 47 82 55 80 73 21 64 72 5 79 80 23 109 5 56 66 79 89 75 82 47 60 70 73 55 71 88 57 71 60 82 107 38 17 59 65 66 42 76 53 68 18 37 22 56 48 100 60 18 86 75 44 92 62 95 61 50 108 97 64 61 70 85 37 7 87 67 95 62 0 46 58 63 36 83 70 85 116 12 32 62 51 21 110 72 65 64 19 57 70 57 87 48 34 79 81 79 60 38 64 5 112 64 76 88 73 85 
64 22 84 91 38 97 103 64 85 96 32 35 70 56 69 55 34 57 103 87 89 32 45 51 51 81 49 11 14 52 45 85 65 53 18 73 93 64 19 101 42 103 39 29 50 70 57 27 25 18 70 43 74 62 31 89 41 61 66 77 72 47 46 7 85 68 43 46 48 93 87 76 26 56 94 73 29 41 22 73 15 70 41 52 50 17 51 60 19 80 78 28 97 33 76 85 19 70 47 74 87 93 61 90 24 106 9 39 94 80 74 17 46 0 64 47 70 62 29 87 97 58 54 75 22 67 94 58 70 80 41 81 37 54 80 29 66 66 73 50 77 8 21 46 96 31 64 108 81 110 
2 47 29 59 26 63 40 54 23 41 32 30 23 40 51 39 48 38 43 23 26 32 44 15 52 55 58 52 58 44 24 41 63 18 64 10 40 67 60 43 47 39 40 36 55 13 41 77 56 75 16 61 22 36 42 58 59 3 9 21 40 46 60 58 32 13 49 21 38 31 38 13 50 46 51 41 57 31 65 9 48 21 26 29 41 47 37 3 47 52 20 58 32 67 38 36 63 54 26 25 60 39 12 40 72 43 57 54 31 16 49 66 58 64 0 29 39 42 63 26 64 60 27 13 46 69 57 28 7 19 39 28 52 13 31 37 35 29 27 48 18 61 64 53 59 50 27 45 17 50 
31 40 38 48 20 53 68 69 53 70 26 28 23 55 69 53 49 14 72 49 54 18 51 14 24 39 28 37 47 55 7 38 76 10 39 39 69 78 52 72 52 66 12 19 26 41 16 51 51 51 26 64 28 17 40 46 62 27 25 32 26 17 31 40 61 25 19 10 10 50 66 36 25 19 48 63 54 6 39 35 32 24 10 5 52 34 49 26 28 37 49 54 57 39 63 38 39 32 3 52 45 46 19 68 47 72 44 57 51 44 31 42 63 47 29 0 60 19 36 43 53 70 43 42 25 80 49 11 31 48 45 56 23 16 33 18 55 19 26 20 48 47 38 60 51 23 17 74 41 80 
36 47 66 98 43 102 50 20 36 32 43 39 62 15 14 14 37 73 46 47 44 50 26 47 84 94 88 59 57 21 53 80 29 53 80 36 28 35 55 40 30 53 68 53 86 29 76 93 48 86 55 41 61 73 39 97 41 38 48 59 79 77 89 67 25 52 78 50 70 61 21 48 71 80 90 3 46 59 82 43 58 61 52 63 21 54 19 39 61 90 29 48 56 89 7 74 79 91 57 17 99 76 50 25 88 51 60 37 60 39 87 81 36 70 39 60 0 78 84 61 103 30 18 35 63 35 96 64 44 34 28 23 78 46 70 55 5 68 66 80 30 63 81 31 98 73 65 54 48 49 
44 59 36 29 40 35 75 88 63 82 45 48 23 74 88 72 69 5 80 55 61 38 71 30 17 20 23 54 65 75 26 26 95 25 50 50 82 98 70 82 72 72 23 38 20 55 4 59 70 62 30 84 28 6 60 27 82 41 34 33 11 16 28 55 74 31 21 28 13 51 80 42 36 8 34 80 73 24 48 44 49 25 29 15 71 52 68 40 44 18 62 73 60 43 79 30 49 13 22 67 26 39 30 82 54 79 61 77 53 54 12 53 83 62 42 19 78 0 42 43 35 90 61 53 40 100 32 14 40 59 65 70 28 32 27 36 73 14 22 14 60 64 48 80 34 32 15 80 47 88 
64 42 74 70 42 75 104 85 87 103 41 45 59 73 88 72 56 39 106 85 89 34 65 48 27 59 22 30 40 71 39 69 88 46 10 73 101 88 46 106 63 102 24 31 25 74 38 16 50 20 62 68 64 45 49 68 66 61 61 68 53 26 18 24 92 62 21 42 31 87 96 72 13 35 76 87 54 32 7 71 28 60 37 39 68 33 67 60 23 59 82 53 93 5 89 71 9 47 38 82 64 80 55 99 12 107 34 63 88 80 53 13 70 29 63 36 84 42 0 79 75 81 66 76 21 91 74 45 67 82 59 88 14 50 67 29 79 52 60 28 81 35 7 69 76 13 50 109 77 114 
28 73 9 46 50 48 34 79 29 48 57 56 21 66 75 64 75 43 41 16 23 55 70 35 60 47 66 76 83 70 42 26 88 34 83 24 49 93 86 45 73 29 55 57 63 32 45 95 82 94 17 88 15 37 68 46 86 29 21 11 35 55 70 80 43 18 60 40 49 7 51 13 68 51 33 62 83 48 82 18 71 19 45 40 67 71 63 29 68 43 33 84 17 82 58 19 82 52 42 43 50 16 25 51 90 38 81 81 9 22 44 85 85 87 26 43 61 43 79 0 49 85 53 25 66 94 41 34 19 28 65 41 65 33 17 58 58 29 21 56 31 85 82 80 42 66 29 38 12 49 
66 94 41 5 73 1 83 117 77 97 79 81 41 103 116 102 102 40 90 66 73 72 103 60 48 16 53 90 100 106 59 24 126 54 84 68 98 129 105 95 104 78 58 72 50 76 39 91 104 95 48 117 42 36 93 7 115 65 55 45 27 50 58 90 92 51 54 60 49 55 99 57 71 41 17 105 107 59 81 62 85 42 63 48 102 88 99 64 79 17 80 108 66 75 102 31 83 28 55 89 11 35 54 99 87 87 96 110 57 69 23 86 116 97 64 53 103 35 75 49 0 121 90 71 75 131 8 44 59 76 97 88 61 60 34 72 99 37 36 47 78 100 81 112 7 66 40 87 60 98 
58 39 89 116 49 120 80 10 65 62 45 42 81 19 18 21 25 84 76 75 72 54 18 61 90 109 92 52 44 15 63 100 7 67 74 61 58 7 40 70 18 83 73 56 91 54 87 85 33 76 75 17 82 86 33 114 18 58 68 81 94 84 92 59 55 73 83 62 79 88 51 72 70 90 110 31 29 66 77 67 53 80 60 75 19 48 22 58 59 106 57 30 84 86 37 95 74 103 68 46 114 99 68 54 82 81 49 19 87 66 101 74 12 58 60 70 30 90 81 85 121 0 32 61 61 10 115 78 67 61 25 53 80 61 90 57 30 84 85 87 57 50 76 12 117 74 81 84 73 78 
25 32 56 84 25 89 53 27 36 42 25 21 49 13 26 12 26 56 52 44 43 32 18 31 66 79 70 43 43 17 36 67 36 37 62 29 39 40 43 48 22 55 50 35 68 23 59 76 36 70 43 36 49 57 24 83 35 25 36 48 64 59 71 51 31 40 60 33 53 56 32 39 53 63 78 21 36 41 64 34 41 48 34 46 14 38 10 26 44 76 28 37 54 71 22 63 62 74 40 20 84 66 36 36 71 55 45 30 55 35 72 63 32 54 27 43 18 61 66 53 90 32 0 30 45 42 83 48 34 32 15 28 60 30 58 37 13 53 53 62 28 48 63 27 85 55 50 58 41 57 
12 56 31 66 37 70 27 54 10 29 42 40 32 42 49 40 55 50 30 14 14 44 48 28 65 64 70 64 68 47 37 47 63 31 77 3 29 68 69 30 52 27 53 48 68 7 52 90 64 87 24 66 29 47 50 66 65 15 19 26 50 59 73 70 21 22 62 34 51 26 27 13 63 58 56 36 64 44 77 9 60 30 39 42 44 58 40 16 59 61 9 65 24 80 32 40 76 65 39 18 68 41 23 29 85 31 68 60 25 5 59 79 62 75 13 42 35 53 76 25 71 61 30 0 58 69 63 39 13 6 45 17 65 26 36 49 32 40 35 61 7 72 77 57 65 63 38 33 12 37 
46 23 63 70 22 75 86 64 69 83 19 24 48 52 67 51 36 35 88 69 72 14 44 31 32 60 32 14 25 50 24 63 68 32 18 56 80 68 31 87 42 85 17 10 32 55 36 32 33 28 49 50 53 40 28 68 47 43 46 56 50 27 30 15 72 48 24 26 26 73 75 56 9 35 72 66 36 19 19 54 9 48 21 30 47 14 46 42 3 58 63 36 78 26 68 63 17 50 25 61 66 71 41 78 27 89 21 44 74 62 52 20 51 22 46 25 63 40 21 66 75 61 45 58 0 71 72 36 51 64 38 68 19 34 58 9 58 44 51 30 62 24 18 49 74 13 42 92 62 95 
67 48 98 125 60 130 85 15 72 67 55 52 91 28 22 30 34 95 81 83 79 64 29 71 101 119 102 61 53 25 74 109 6 77 83 70 63 3 48 75 29 89 83 66 102 62 97 94 42 85 85 24 91 97 43 124 26 67 78 90 104 94 102 68 60 82 93 72 89 96 56 80 80 100 120 36 38 77 86 75 63 89 71 85 29 58 32 68 68 116 64 39 92 96 42 105 83 113 78 53 125 108 77 59 91 86 58 28 95 74 112 83 21 67 69 80 35 100 91 94 131 10 42 69 71 0 125 88 76 69 35 59 90 71 100 68 37 94 95 97 65 59 85 21 127 84 91 89 82 83 
59 89 32 6 67 7 75 111 69 89 74 75 34 96 109 95 97 37 82 58 65 67 97 54 47 16 52 86 96 99 54 16 119 48 82 61 90 123 101 87 99 70 55 68 49 68 36 90 100 94 41 112 34 31 88 7 110 58 48 37 22 48 57 87 84 43 53 54 46 47 91 50 68 39 9 98 102 55 80 54 81 35 58 43 96 83 92 57 75 15 72 103 58 74 95 23 81 27 50 81 13 27 47 92 86 79 92 104 49 61 21 85 110 94 57 49 96 32 74 41 8 115 83 63 72 125 0 38 51 68 91 81 60 53 26 67 92 31 29 46 70 96 80 106 2 64 34 79 52 90 
30 50 29 38 29 43 63 75 50 69 35 37 13 61 74 59 58 10 68 43 49 29 59 17 26 31 32 48 58 62 15 27 83 11 50 36 68 85 62 69 60 60 21 30 29 41 13 61 61 62 18 73 19 8 49 36 71 27 20 23 17 21 36 51 60 19 25 16 14 42 66 30 35 18 37 66 64 17 49 31 43 15 19 6 59 45 56 26 39 28 48 64 50 47 65 27 49 26 11 53 36 35 16 68 56 67 55 66 43 41 23 52 72 58 28 11 64 14 45 34 44 78 48 39 36 88 38 0 27 46 53 56 31 18 22 29 59 8 15 22 46 58 48 68 41 32 6 68 35 76 
8 54 22 54 32 58 37 61 22 42 38 37 19 47 57 46 55 37 41 18 23 38 51 19 53 52 59 58 64 51 27 35 70 20 68 10 42 74 67 42 54 35 43 41 55 16 40 81 63 79 11 68 17 34 49 53 67 10 6 14 37 47 62 64 34 9 50 25 39 24 40 6 54 45 45 46 64 34 69 4 54 17 30 30 48 53 44 10 52 48 22 65 27 70 43 29 68 52 29 29 56 32 11 42 76 41 63 61 24 13 46 71 65 70 7 31 44 40 67 19 59 67 34 13 51 76 51 27 0 19 46 30 54 16 25 42 41 27 23 49 20 67 68 61 53 53 25 42 11 49 
18 60 35 71 42 75 22 53 5 23 47 44 38 42 48 41 57 56 24 13 11 50 50 34 71 70 77 68 72 48 43 51 62 38 82 9 23 68 73 24 54 23 60 53 74 9 59 96 67 92 30 68 34 53 53 71 67 21 25 31 56 65 80 75 15 28 68 40 57 27 22 18 69 64 60 34 67 50 83 15 65 36 45 48 46 63 42 22 65 66 5 68 22 86 29 45 82 71 46 16 74 44 30 23 91 25 72 62 26 6 65 84 64 80 19 48 34 59 82 28 76 61 32 6 64 69 68 46 19 0 47 13 71 32 41 55 31 46 41 67 4 76 82 59 70 69 44 28 16 31 
37 19 67 91 24 96 69 26 51 57 20 17 57 14 29 14 10 59 67 59 58 28 6 37 65 84 67 31 29 12 38 76 31 42 53 44 54 33 27 63 8 71 48 31 66 38 61 65 21 58 53 22 59 61 10 89 20 36 46 59 70 58 67 39 47 50 57 36 53 69 47 52 47 64 87 31 20 41 55 47 31 56 35 49 9 26 9 37 36 81 44 21 69 64 35 72 52 77 42 36 89 78 44 50 61 71 31 15 69 50 76 53 19 41 39 45 28 65 59 65 97 25 15 45 38 35 91 53 46 47 0 43 56 37 67 32 24 59 62 62 43 35 54 15 93 50 56 74 55 72 
26 60 48 84 46 88 27 43 13 15 49 45 49 35 37 34 54 66 24 26 21 54 44 42 80 82 85 70 71 41 50 64 53 46 86 20 13 58 71 20 49 30 67 57 82 15 69 100 64 95 41 61 46 64 52 83 61 29 36 43 67 73 87 77 4 39 76 47 66 40 10 31 74 74 73 23 64 57 87 26 67 47 51 57 40 64 36 30 68 78 8 65 33 92 17 58 86 82 53 7 86 57 40 12 95 28 72 57 38 19 76 88 57 81 28 56 23 70 88 41 88 53 28 17 68 59 81 56 30 13 43 0 78 40 54 59 23 57 53 76 10 76 87 52 82 75 55 31 29 29 
53 42 60 56 35 61 92 82 76 93 36 40 44 69 84 68 56 25 95 73 77 28 62 36 14 45 12 33 44 68 28 54 87 34 22 62 91 87 50 95 61 90 11 25 13 63 24 31 52 34 48 69 50 31 47 54 67 50 48 54 39 12 11 30 83 48 7 31 17 73 87 59 11 21 62 81 56 21 20 59 29 46 27 25 64 34 63 49 23 45 72 56 80 16 82 56 21 34 25 73 51 65 43 90 26 95 39 63 74 68 39 25 70 37 52 23 78 28 14 65 61 80 60 65 19 90 60 31 54 71 56 78 0 39 52 23 73 37 46 14 70 41 20 68 62 6 36 97 65 103 
14 40 32 54 17 59 53 58 36 54 24 23 20 43 56 42 44 27 56 35 38 21 43 2 40 48 45 42 50 45 11 39 65 7 52 23 52 69 53 56 45 51 27 24 42 25 30 65 50 63 17 59 22 26 36 53 57 10 12 24 33 33 48 47 44 15 36 8 26 39 49 22 38 35 49 48 51 18 52 20 38 19 13 18 42 38 38 9 36 45 33 52 43 54 47 35 51 44 13 36 54 41 8 51 60 56 48 51 40 29 41 54 57 54 13 16 46 32 50 33 60 61 30 26 34 71 53 18 16 32 37 40 39 0 30 25 41 22 24 36 31 52 51 53 55 37 20 58 27 63 
33 69 8 30 46 33 51 85 43 63 53 54 10 71 82 70 75 28 58 33 40 49 73 31 44 30 51 70 78 75 35 10 94 27 72 34 64 98 82 62 75 47 43 51 47 41 30 83 80 84 14 89 8 22 67 29 87 32 21 10 18 41 55 73 57 17 46 34 35 25 64 23 57 35 20 71 82 39 71 27 65 10 39 28 71 66 67 31 61 26 45 82 35 69 68 5 71 34 33 54 33 13 22 65 78 55 76 82 26 35 26 75 87 80 31 33 70 27 67 17 34 90 58 36 58 100 26 22 25 41 67 54 52 30 0 51 66 15 7 41 44 80 71 83 28 54 16 56 26 66 
37 22 55 66 13 71 77 59 60 74 13 17 41 46 61 45 34 31 79 60 63 5 39 22 33 57 34 19 28 44 16 56 64 24 27 46 72 65 33 78 39 76 15 2 34 46 33 41 33 38 41 48 45 35 25 64 46 34 37 47 45 26 34 22 63 39 25 17 23 64 67 47 15 33 66 58 36 12 28 45 14 41 12 24 41 16 40 33 10 55 54 36 69 33 60 56 26 48 18 53 62 64 32 70 36 80 25 41 65 53 49 29 48 29 37 18 55 36 29 58 72 57 37 49 9 68 67 29 42 55 32 59 23 25 51 0 50 37 44 30 53 29 27 46 70 18 35 82 53 86 
32 43 62 94 38 98 50 21 34 34 38 34 58 12 17 12 34 68 46 45 42 45 23 42 79 89 83 55 53 18 48 76 31 48 75 33 30 36 52 41 27 53 63 48 81 25 71 88 45 82 51 39 57 68 35 93 39 34 44 55 74 72 84 63 25 48 73 45 65 59 23 44 66 75 86 8 43 54 77 39 54 56 47 58 18 50 15 34 57 86 27 45 54 84 10 70 75 86 52 16 94 73 45 26 84 51 56 35 58 37 82 76 34 66 35 55 5 73 79 58 99 30 13 32 58 37 92 59 41 31 24 23 73 41 66 50 0 63 62 75 27 59 76 30 94 68 60 54 45 50 
32 58 22 31 36 36 61 80 49 69 42 44 8 66 79 65 65 13 66 41 47 37 65 22 30 26 36 56 66 68 22 19 88 17 57 37 69 91 70 69 67 57 28 38 33 42 15 68 68 69 16 80 14 8 56 30 78 29 21 18 11 26 41 59 61 18 31 23 20 37 67 28 42 21 29 70 71 25 56 31 51 10 26 14 65 53 61 28 47 22 49 72 46 54 68 19 56 25 19 55 31 28 18 69 63 65 63 73 39 40 19 60 79 66 29 19 68 14 52 29 37 84 53 40 44 94 31 8 27 46 59 57 37 22 15 37 63 0 8 26 47 66 56 75 33 39 2 66 33 74 
30 63 14 31 40 36 54 81 44 64 47 47 4 67 79 65 69 22 60 34 41 42 68 25 38 29 45 63 72 70 28 14 89 20 65 32 64 93 75 63 70 50 36 44 41 39 24 76 73 77 11 83 7 16 60 30 81 28 18 11 15 35 49 66 56 14 39 27 29 29 63 23 50 29 25 68 75 32 64 26 58 5 32 21 66 59 63 27 54 25 44 76 38 62 66 12 64 31 26 52 33 20 17 64 71 58 69 76 31 35 24 68 81 73 27 26 66 22 60 21 36 85 53 35 51 95 29 15 23 41 62 53 46 24 7 44 62 8 0 35 42 73 64 77 31 47 9 59 27 68 
50 52 49 42 38 47 85 87 71 90 42 45 35 73 88 72 64 13 90 66 72 33 68 34 4 31 10 45 56 73 27 41 93 29 36 58 89 95 61 91 68 83 14 31 6 61 11 44 62 48 41 78 41 19 55 40 76 47 42 45 26 3 14 43 80 41 7 30 10 64 85 52 24 7 48 83 66 21 34 53 40 36 28 18 70 44 68 46 34 31 69 66 72 28 83 44 35 20 23 72 37 54 37 88 40 89 51 72 65 63 25 39 79 50 48 20 80 14 28 56 47 87 62 61 30 97 46 22 49 67 62 76 14 36 41 30 75 26 35 0 67 54 34 76 48 19 26 91 58 98 
17 57 38 74 40 77 26 49 8 22 45 41 39 38 44 37 54 56 26 17 15 48 46 34 71 72 76 66 68 44 42 54 58 37 80 10 22 64 69 25 50 27 59 51 74 7 59 94 63 90 31 64 36 54 50 73 63 20 26 33 57 65 79 72 14 29 67 39 57 31 20 20 68 64 63 30 63 49 81 16 62 37 43 48 42 60 38 21 62 68 2 65 26 85 26 47 80 72 45 12 76 47 30 22 89 28 69 58 30 9 66 82 60 77 18 48 30 60 81 31 78 57 28 7 62 65 70 46 20 4 43 10 70 31 44 53 27 47 42 67 0 73 80 55 72 68 45 31 19 33 
61 16 84 94 35 99 99 56 81 90 29 31 70 49 62 49 27 59 99 84 86 31 38 50 55 84 54 10 6 44 45 86 57 53 26 70 87 56 11 96 34 99 41 29 55 66 60 35 17 26 69 35 74 64 24 92 33 58 64 76 74 51 51 11 80 67 47 46 50 91 81 73 30 59 96 66 21 41 29 70 15 70 41 53 43 14 44 58 20 83 74 20 94 40 70 85 26 74 47 69 90 93 60 84 32 102 4 31 92 76 77 25 38 8 61 47 63 64 35 85 100 50 48 72 24 59 96 58 67 76 35 76 41 52 80 29 59 66 73 54 73 0 28 39 98 35 64 104 78 105 
65 37 77 76 41 81 104 80 87 102 38 42 62 69 84 68 51 44 106 86 90 33 60 49 33 65 30 24 33 66 40 73 83 48 2 74 99 82 39 106 58 103 27 29 32 73 44 13 43 14 64 62 67 50 44 74 60 61 63 71 59 32 25 17 91 64 27 43 35 89 94 73 13 41 82 84 48 34 1 72 23 63 38 42 63 28 63 60 19 65 82 47 95 11 86 75 2 53 40 80 71 84 57 97 8 108 28 57 90 80 59 5 64 21 64 38 81 48 7 82 81 76 63 77 18 85 80 48 68 82 54 87 20 51 71 27 76 56 64 34 80 28 0 64 82 16 54 110 79 114 
52 27 82 106 39 111 79 18 63 64 34 32 73 17 24 18 13 74 76 71 70 43 9 52 79 99 81 40 32 11 53 92 19 58 62 57 60 18 28 71 7 82 62 44 80 50 77 73 21 64 68 9 74 77 21 105 9 51 61 74 85 72 80 47 55 65 71 52 68 83 53 66 58 79 102 34 18 56 65 61 41 72 50 65 13 36 17 51 47 96 55 19 81 74 39 88 62 92 58 45 105 93 60 56 70 80 37 7 82 62 92 62 5 46 53 60 31 80 69 80 112 12 27 57 49 21 106 68 61 59 15 52 68 53 83 46 30 75 77 76 55 39 64 0 108 62 72 83 69 80 
61 91 34 7 70 6 76 113 71 91 76 77 36 99 111 97 99 39 83 59 66 70 99 56 49 17 54 88 98 101 56 18 121 50 84 63 92 125 103 88 101 71 57 70 51 70 38 92 102 96 43 114 36 34 90 8 112 60 50 39 24 50 59 89 85 45 55 57 48 48 92 51 70 41 10 100 105 57 82 56 83 37 60 46 98 86 94 59 78 17 74 105 59 76 97 24 83 29 52 83 14 28 49 93 88 80 95 107 50 63 23 87 112 96 59 51 98 34 76 42 7 117 85 65 74 127 2 41 53 70 93 82 62 55 28 70 94 33 31 48 72 98 82 108 0 66 36 80 54 91 
51 36 61 61 30 66 90 76 74 90 31 35 46 64 79 63 49 28 93 72 76 23 56 34 20 50 19 26 38 62 26 57 81 33 18 60 88 81 43 93 55 89 11 20 19 61 28 29 46 30 49 63 51 34 41 59 61 48 48 55 43 16 17 24 80 48 12 29 19 73 83 58 5 25 66 76 50 19 16 58 23 46 24 26 59 27 58 47 16 49 69 49 80 17 77 58 17 39 24 70 56 68 42 86 24 94 33 57 74 66 43 21 64 31 50 23 73 32 13 66 66 74 55 63 13 84 64 32 53 69 50 75 6 37 54 18 68 39 47 19 68 35 16 62 66 0 38 96 64 101 
29 55 23 34 33 39 60 78 47 67 40 41 8 63 76 62 62 13 65 40 46 34 62 19 30 29 36 54 63 65 20 21 85 14 56 35 67 89 68 67 64 56 27 35 33 40 16 67 66 68 14 77 14 9 54 33 75 27 19 18 13 26 41 57 59 16 30 20 19 37 65 27 41 21 31 67 68 23 55 29 49 10 24 12 62 51 58 26 45 25 47 69 46 53 65 21 55 27 17 52 34 29 15 67 62 64 60 70 38 38 22 58 76 64 27 17 65 15 50 29 40 81 50 38 42 91 34 6 25 44 56 55 36 20 16 35 60 2 9 26 45 64 54 72 36 38 0 65 32 73 
45 89 47 84 70 86 5 74 23 23 76 73 57 66 67 65 84 78 8 25 19 78 75 61 95 86 101 97 100 72 70 64 83 63 110 36 27 89 100 15 80 9 86 81 98 38 81 123 94 120 50 93 52 74 81 84 92 48 48 47 74 89 104 103 29 49 93 67 82 32 33 38 96 87 70 53 94 77 111 38 93 55 72 72 71 91 67 49 93 82 30 95 21 113 47 57 109 90 71 38 88 52 54 31 118 3 100 88 30 29 82 112 88 108 45 74 54 80 109 38 87 84 58 33 92 89 79 68 42 28 74 31 97 58 56 82 54 66 59 91 31 104 110 83 80 96 65 0 33 12 
18 64 19 56 43 59 27 66 17 37 49 47 24 54 62 52 65 45 32 8 14 49 59 30 62 56 68 69 75 59 38 36 76 31 79 12 38 80 77 36 62 25 53 52 65 19 48 92 73 91 17 77 20 41 59 55 75 20 16 16 42 56 71 75 31 16 60 36 49 14 38 5 65 54 44 49 74 45 80 8 65 22 41 40 56 64 52 20 63 52 20 75 16 81 45 29 79 58 39 31 59 28 21 39 87 31 74 70 14 9 51 82 73 81 17 41 48 47 77 12 60 73 41 12 62 82 52 35 11 16 55 29 65 27 26 53 45 33 27 58 19 78 79 69 54 64 32 33 0 41 
49 89 58 95 73 97 15 68 26 16 77 74 65 62 61 62 83 86 8 33 26 81 73 66 102 96 108 98 100 69 75 75 77 69 114 40 20 83 100 8 77 20 91 84 105 40 89 127 93 123 58 89 61 82 81 95 89 53 55 56 83 96 111 105 25 57 99 72 89 43 27 46 101 94 81 47 93 82 114 44 95 64 76 79 68 93 65 54 96 92 31 94 32 118 41 68 113 99 77 36 99 63 60 24 122 11 101 85 41 35 92 116 85 110 50 80 49 88 114 49 98 78 57 37 95 83 90 76 49 31 72 29 103 63 66 86 50 74 68 98 33 105 114 80 91 101 73 12 41 0 
12 13 5 13 4 5 13 15 14 4 7 7 2 20 2 19 6 16 9 3 7 9 20 4 4 11 13 6 16 14 16 18 3 3 8 15 14 9 1 17 12 19 6 10 5 9 16 5 2 3 15 4 9 9 20 5 7 17 1 6 7 10 4 12 16 15 16 11 2 8 18 11 9 19 8 14 15 8 17 6 10 11 17 4 11 19 12 16 11 17 20 17 9 13 19 3 11 19 17 10 9 7 2 15 15 2 1 14 14 3 12 16 3 5 1 10 1 7 7 20 13 7 8 14 9 10 11 4 6 6 5 13 15 13 13 17 14 20 20 20 2 5 1 7 1 3 6 7 7 2 
120 120 120 120 120 120 120 120 120 120 120 120 120 120 120 120 120 120 120 120 120 120 120 120 120 120 120 120 120 120 120 120 120 120 120 120 120 120 120 120 120 120 120 120 120 120 120 120 120 120 120 120 120 120 120 120 120 120 120 120 120 120 120 120 120 120 120 120 120 120 120 120 120 120 120 120 120 120 120 120 120 120 120 120 120 120 120 120 120 120 120 120 120 120 120 120 120 120 120 120 120 120 120 120 120 120 120 120 120 120 120 120 120 120 120 120 120 120 120 120 120 120 120 120 120 120 120 120 120 120 120 120 120 120 120 120 120 120 120 120 120 120 120 120 120 120 120 120 120 120 