4 17 100 10 22
0 22 28 94 39 21 51 57 5 36 56 21 5 89 31 61 27 17 54 70 24 83 41 41 46 55 80 61 67 48 92 83 51 16 26 66 29 4 37 30 86 48 98 79 52 57 43 88 29 33 97 69 38 104 39 58 23 40 57 28 28 55 30 77 65 50 60 27 84 30 32 29 32 88 92 27 33 46 13 41 89 59 102 93 64 13 72 15 85 42 60 40 35 22 59 74 67 28 66 3 
22 0 10 75 17 32 29 35 17 49 50 32 24 73 9 67 45 39 32 75 45 84 25 26 26 33 75 39 48 28 79 84 29 22 29 44 7 18 18 17 85 38 80 64 55 35 55 87 50 44 78 60 29 85 31 48 36 19 36 49 9 41 34 72 67 37 40 24 63 26 23 26 44 84 93 49 49 26 21 20 71 53 85 78 57 35 49 37 73 26 46 30 22 10 54 57 67 32 44 24 
28 10 0 77 19 42 31 33 24 59 60 42 28 78 11 78 53 44 34 86 52 95 15 34 18 31 85 33 53 32 87 95 32 32 39 45 14 24 9 26 96 48 84 70 65 35 65 97 57 54 82 69 39 88 41 57 45 14 29 56 1 49 45 82 77 45 45 35 65 37 33 37 54 94 103 54 58 18 21 13 76 63 89 84 67 39 47 41 81 34 54 40 31 6 64 63 77 43 44 31 
94 75 77 0 58 90 46 46 89 99 61 90 98 22 67 94 105 111 43 96 112 88 81 54 70 48 69 57 27 47 40 88 45 84 79 32 67 90 75 64 84 56 11 29 82 43 101 84 112 93 6 51 61 11 62 51 92 65 65 116 77 44 81 67 82 49 34 73 14 71 65 72 95 74 93 119 104 72 96 68 15 62 19 30 60 107 39 109 40 53 41 60 60 82 63 24 77 81 35 95 
39 17 19 58 0 45 12 18 34 60 47 45 41 59 8 73 59 56 15 79 61 84 27 20 21 16 72 25 34 13 69 84 13 35 37 27 9 34 20 18 84 35 65 52 59 18 65 85 64 54 63 53 28 69 31 42 48 11 26 65 18 32 42 69 68 29 25 31 46 31 25 31 55 81 92 66 62 22 38 15 57 51 70 66 54 52 32 54 63 18 36 29 20 23 52 44 67 41 27 41 
21 32 42 90 45 0 54 63 20 17 40 0 26 79 40 40 15 26 56 49 22 63 57 36 59 61 61 70 62 48 78 63 52 10 10 67 36 22 51 28 66 36 91 69 31 60 23 68 22 12 92 55 28 98 28 45 3 51 68 26 42 46 11 58 45 41 57 17 82 19 25 18 12 69 71 32 17 59 34 53 81 42 94 82 47 26 76 27 72 38 50 30 31 38 42 67 48 10 68 18 
51 29 31 46 12 54 0 9 46 69 47 54 54 50 21 77 69 68 3 82 72 85 36 22 27 8 70 22 24 8 61 85 2 45 46 14 22 47 29 26 84 35 53 43 63 6 73 84 75 63 51 50 32 57 34 40 57 19 27 77 30 28 50 67 70 28 16 39 34 38 31 39 64 78 92 78 71 29 50 23 46 51 59 57 53 64 22 66 56 20 31 31 25 36 52 35 68 49 14 53 
57 35 33 46 18 63 9 0 52 78 57 63 59 54 25 87 77 75 10 92 80 94 34 31 24 2 79 13 29 17 68 94 12 53 55 14 28 53 29 35 93 45 55 49 73 5 82 94 83 72 52 58 42 57 44 49 66 19 20 84 33 37 59 76 80 38 22 48 33 47 40 48 73 87 102 85 80 25 55 22 50 60 62 62 62 70 14 72 63 30 40 41 34 39 61 40 77 58 11 59 
5 17 24 89 34 20 46 52 0 37 52 20 9 83 26 60 29 22 48 68 28 81 38 35 42 50 76 56 61 42 86 81 45 12 22 60 24 2 33 25 83 43 92 73 49 51 43 85 33 33 92 64 33 98 34 53 23 36 53 32 24 50 27 73 63 44 54 23 78 26 27 25 32 84 89 32 34 42 14 37 83 55 96 87 60 18 66 20 80 36 55 35 30 18 55 69 64 25 60 7 
36 49 59 99 60 17 69 78 37 0 42 17 40 86 57 28 14 35 70 37 26 54 74 48 75 76 57 86 73 62 81 54 67 27 23 80 52 38 68 43 58 43 99 75 25 75 7 60 20 6 100 57 39 106 37 50 13 67 85 28 59 55 19 55 38 50 68 30 93 31 38 30 5 63 62 36 7 76 50 69 88 43 100 86 48 36 91 37 75 50 58 40 44 55 42 75 42 20 82 33 
56 50 60 61 47 40 47 57 52 42 0 40 61 44 51 34 52 66 46 36 62 37 73 27 68 56 25 70 38 39 39 37 45 40 31 52 46 54 65 33 37 12 58 34 21 52 41 38 60 37 60 15 21 66 18 10 40 58 73 66 59 21 28 22 23 19 38 29 59 26 26 27 39 34 45 72 48 70 66 62 48 3 58 44 8 65 65 66 33 29 21 19 29 60 4 36 20 30 55 54 
21 32 42 90 45 0 54 63 20 17 40 0 26 79 40 40 15 26 56 49 22 63 57 36 59 61 61 70 62 48 78 63 52 10 10 67 36 22 51 28 66 36 91 69 31 60 23 68 22 12 92 55 28 98 28 45 3 51 68 26 42 46 11 58 45 41 57 17 82 19 25 18 12 69 71 32 17 59 34 53 81 42 94 82 47 26 76 27 72 38 50 30 31 38 42 67 48 10 68 18 
5 24 28 98 41 26 54 59 9 40 61 26 0 93 34 66 30 16 57 75 24 88 40 45 46 57 85 62 71 51 96 88 54 21 31 69 32 8 37 34 91 52 102 83 57 59 47 93 31 38 101 74 43 108 44 63 28 42 57 28 28 59 35 82 70 54 63 32 87 35 37 34 36 93 97 26 36 46 10 41 93 64 106 97 69 11 74 13 90 46 64 45 39 22 64 79 72 33 69 7 
89 73 78 22 59 79 50 54 83 86 44 79 93 0 67 76 94 103 47 76 102 67 86 48 77 55 47 67 26 46 18 67 48 75 69 41 65 85 79 58 62 43 15 10 65 49 86 61 101 80 19 31 52 23 51 35 81 69 74 106 77 33 69 46 62 39 34 64 30 61 56 62 82 52 71 111 91 79 94 73 7 44 14 8 41 100 52 102 17 47 29 49 53 82 45 15 56 70 44 89 
31 9 11 67 8 40 21 25 26 57 51 40 34 67 0 72 54 49 24 80 54 87 22 24 19 23 76 30 42 21 76 87 21 30 35 36 5 27 14 18 87 38 73 59 59 26 62 88 59 51 71 58 30 77 33 47 43 10 28 59 10 38 40 72 70 34 34 29 55 30 25 30 52 85 95 59 57 20 29 13 65 54 78 73 58 44 40 47 70 23 43 31 21 15 55 52 69 38 35 34 
61 67 78 94 73 40 77 87 60 28 34 40 66 76 72 0 42 63 77 9 54 26 93 55 92 85 36 98 72 69 66 26 74 48 38 84 67 61 86 54 31 42 90 66 13 82 22 34 48 28 93 44 45 98 42 44 38 82 99 56 77 54 33 34 15 50 71 43 93 42 48 42 30 39 34 64 35 93 74 85 81 32 90 73 35 64 97 64 61 57 55 45 53 75 31 70 20 35 87 58 
27 45 53 105 59 15 69 77 29 14 52 15 30 94 54 42 0 21 71 51 12 68 67 51 71 75 70 84 77 63 91 68 67 24 25 82 50 30 62 43 72 50 106 83 38 75 20 74 7 15 107 67 43 113 43 58 13 64 81 14 53 61 24 68 51 56 72 32 97 34 40 33 13 77 76 22 7 71 40 65 96 53 108 95 59 23 91 23 85 53 65 45 46 48 53 82 55 24 83 23 
17 39 44 111 56 26 68 75 22 35 66 26 16 103 49 63 21 0 71 72 11 88 56 56 62 73 88 78 83 65 104 88 68 28 35 83 46 21 53 46 92 60 114 93 57 74 42 94 19 35 113 81 51 120 52 70 27 57 73 13 44 70 38 85 71 64 76 39 101 43 47 41 33 95 96 10 29 62 25 58 104 68 117 106 74 5 89 3 98 57 74 54 50 38 68 90 74 36 83 15 
54 32 34 43 15 56 3 10 48 70 46 56 57 47 24 77 71 71 0 82 74 84 39 22 30 10 68 24 21 8 58 84 3 47 47 12 24 49 32 27 82 34 50 40 63 5 74 83 77 64 47 48 32 54 34 38 58 22 29 79 33 26 51 65 69 27 13 40 31 39 32 40 65 77 91 81 72 32 53 26 43 50 56 54 51 67 21 69 53 20 30 32 26 39 51 32 67 50 12 55 
70 75 86 96 79 49 82 92 68 37 36 49 75 76 80 9 51 72 82 0 63 18 101 60 99 91 32 104 75 74 64 18 80 56 47 89 75 70 94 61 24 47 91 67 20 87 31 26 57 37 94 45 51 99 48 46 47 89 106 65 85 57 41 31 14 55 75 50 95 49 54 49 39 33 25 73 44 100 83 92 81 34 89 72 36 73 102 73 60 62 57 51 59 84 33 72 19 43 92 67 
24 45 52 112 61 22 72 80 28 26 62 22 24 102 54 54 12 11 74 63 0 80 64 57 70 77 82 84 84 67 101 80 71 28 33 86 51 28 61 48 84 58 113 92 49 78 32 86 7 27 114 77 50 120 50 68 21 64 81 4 52 69 34 79 63 63 78 38 103 41 47 40 25 88 88 10 19 70 34 65 103 64 116 104 69 15 94 14 95 59 73 53 51 46 63 89 67 33 87 21 
83 84 95 88 84 63 85 94 81 54 37 63 88 67 87 26 68 88 84 18 80 0 109 65 105 93 20 107 72 77 52 0 82 68 58 88 82 83 101 68 6 50 82 60 31 89 48 8 74 53 86 39 57 90 54 45 61 95 111 82 94 57 53 21 18 56 74 60 91 58 61 58 55 17 8 90 61 107 96 99 73 34 79 62 32 88 102 89 50 66 55 56 65 93 33 66 17 55 91 81 
41 25 15 81 27 57 36 34 38 74 73 57 40 86 22 93 67 56 39 101 64 109 0 46 10 32 98 28 60 40 96 109 38 47 54 48 26 37 7 40 109 60 89 79 80 38 80 111 70 69 86 80 52 92 55 69 60 17 20 68 15 59 60 95 92 56 52 50 67 51 47 51 69 107 117 66 73 9 31 13 82 76 95 93 80 51 46 53 90 45 64 53 44 19 77 71 91 58 46 44 
41 26 34 54 20 36 22 31 35 48 27 36 45 48 24 55 51 56 22 60 57 65 46 0 41 30 52 43 27 14 53 65 19 29 26 32 20 37 38 10 64 15 57 38 41 27 52 65 58 42 57 34 10 63 12 23 38 31 46 61 33 15 29 49 49 11 21 19 46 17 10 18 43 61 73 65 51 42 46 34 48 31 61 52 34 53 43 55 47 2 20 9 5 36 32 33 47 28 34 41 
46 26 18 70 21 59 27 24 42 75 68 59 46 77 19 92 71 62 30 99 70 105 10 41 0 22 93 17 51 32 88 105 29 48 54 38 24 42 9 37 105 56 79 70 78 28 81 106 75 70 76 74 48 82 51 63 62 10 11 74 18 52 60 90 89 51 43 49 57 50 44 50 70 102 113 72 75 2 38 6 73 72 85 84 75 57 35 59 82 39 57 49 40 24 73 62 87 58 35 49 
55 33 31 48 16 61 8 2 50 76 56 61 57 55 23 85 75 73 10 91 77 93 32 30 22 0 78 14 29 16 68 93 11 51 53 15 26 51 27 33 92 44 56 50 71 6 80 93 81 70 53 58 40 59 43 48 64 17 19 82 31 36 57 75 79 37 22 46 34 45 38 46 71 87 101 83 78 24 52 20 51 59 63 62 61 68 16 70 63 28 40 40 32 37 60 41 76 56 13 57 
80 75 85 69 72 61 70 79 76 57 25 61 85 47 76 36 70 88 68 32 82 20 98 52 93 78 0 92 54 62 32 20 67 64 54 71 71 78 90 58 15 37 62 40 32 73 54 15 77 54 66 20 46 70 43 30 61 83 97 85 84 41 50 3 21 42 57 53 71 50 52 51 56 8 24 92 65 95 90 87 53 21 59 42 17 87 85 88 30 53 38 44 54 85 21 47 15 52 74 78 
61 39 33 57 25 70 22 13 56 86 70 70 62 67 30 98 84 78 24 104 84 107 28 43 17 14 92 0 43 30 81 107 25 60 63 26 34 56 26 44 106 57 67 63 84 19 91 107 89 80 63 72 53 68 55 62 73 20 8 88 33 50 68 89 92 50 36 57 43 57 50 57 81 101 115 88 87 19 55 20 62 73 74 75 75 73 18 75 76 41 54 53 45 40 74 54 90 67 23 63 
67 48 53 27 34 62 24 29 61 73 38 62 71 26 42 72 77 83 21 75 84 72 60 27 51 29 54 43 0 21 38 72 22 56 52 17 41 63 53 36 69 30 31 20 59 23 75 69 85 67 30 33 34 36 35 28 64 43 49 88 52 18 54 51 61 22 8 45 21 43 37 44 68 62 78 92 77 53 70 47 23 40 36 33 40 79 31 82 34 25 17 32 32 57 41 11 57 54 21 67 
48 28 32 47 13 48 8 17 42 62 39 48 51 46 21 69 63 65 8 74 67 77 40 14 32 16 62 30 21 0 56 77 5 39 39 18 20 43 33 19 76 27 52 39 55 13 66 77 70 56 50 43 24 57 26 32 51 23 34 72 31 21 43 59 62 20 13 32 36 31 24 32 57 71 84 74 64 34 49 27 44 43 57 53 45 61 29 63 50 12 25 24 18 36 44 31 60 42 20 49 
92 79 87 40 69 78 61 68 86 81 39 78 96 18 76 66 91 104 58 64 101 52 96 53 88 68 32 81 38 56 0 52 59 77 68 55 73 88 89 63 47 44 31 18 58 62 79 46 99 76 36 24 53 38 52 34 79 79 88 105 86 38 67 32 51 42 45 65 48 61 59 63 78 36 55 111 87 90 99 83 25 38 27 10 33 102 68 104 6 53 33 51 58 89 38 27 45 68 59 91 
83 84 95 88 84 63 85 94 81 54 37 63 88 67 87 26 68 88 84 18 80 0 109 65 105 93 20 107 72 77 52 0 82 68 58 88 82 83 101 68 6 50 82 60 31 89 48 8 74 53 86 39 57 90 54 45 61 95 111 82 94 57 53 21 18 56 74 60 91 58 61 58 55 17 8 90 61 107 96 99 73 34 79 62 32 88 102 89 50 66 55 56 65 93 33 66 17 55 91 81 
51 29 32 45 13 52 2 12 45 67 45 52 54 48 21 74 67 68 3 80 71 82 38 19 29 11 67 25 22 5 59 82 0 43 44 15 21 46 31 24 81 32 52 41 60 8 71 82 74 61 50 47 29 56 32 37 55 21 30 76 31 25 48 64 67 25 14 37 33 36 29 37 62 76 89 77 69 31 51 25 44 48 57 55 50 64 24 66 53 17 29 29 23 36 49 33 65 47 15 52 
16 22 32 84 35 10 45 53 12 27 40 10 21 75 30 48 24 28 47 56 28 68 47 29 48 51 64 60 56 39 77 68 43 0 10 58 26 14 41 20 71 33 86 65 37 51 33 72 30 22 86 54 23 92 24 43 13 40 58 32 31 42 15 61 50 36 49 12 75 15 19 13 22 72 77 36 27 49 27 42 76 43 89 78 48 25 67 27 70 30 46 26 23 28 43 62 52 13 59 14 
26 29 39 79 37 10 46 55 22 23 31 10 31 69 35 38 25 35 47 47 33 58 54 26 54 53 54 63 52 39 68 58 44 10 0 58 30 24 48 20 60 25 80 58 27 52 27 62 33 17 81 45 18 87 17 34 12 45 63 37 39 36 5 51 40 30 47 7 72 8 15 7 18 62 67 42 25 55 37 48 70 33 83 71 38 34 68 35 62 28 40 20 21 36 33 56 41 3 59 24 
66 44 45 32 27 67 14 14 60 80 52 67 69 41 36 84 82 83 12 89 86 88 48 32 38 15 71 26 17 18 55 88 15 58 58 0 37 61 42 38 86 41 41 37 71 10 84 86 89 74 38 50 42 43 44 43 70 32 34 91 45 31 61 68 75 33 14 50 19 49 42 50 75 79 95 93 83 40 65 35 36 55 48 49 55 79 13 81 51 30 32 41 36 51 56 28 72 60 3 67 
29 7 14 67 9 36 22 28 24 52 46 36 32 65 5 67 50 46 24 75 51 82 26 20 24 26 71 34 41 20 73 82 21 26 30 37 0 25 19 13 83 34 72 57 54 27 58 84 55 47 71 55 25 77 28 43 39 15 32 56 13 35 35 68 65 31 33 24 55 25 20 25 47 80 90 56 53 25 29 18 64 50 77 71 53 42 42 44 67 20 40 26 17 16 50 50 64 34 36 31 
4 18 24 90 34 22 47 53 2 38 54 22 8 85 27 61 30 21 49 70 28 83 37 37 42 51 78 56 63 43 88 83 46 14 24 61 25 0 33 26 85 45 94 75 51 52 45 87 33 34 93 66 35 100 36 55 24 36 53 32 24 51 29 75 65 46 55 25 80 28 29 27 33 86 91 31 35 42 13 37 85 57 98 89 62 17 67 19 82 38 56 37 31 18 57 71 66 27 61 7 
37 18 9 75 20 51 29 29 33 68 65 51 37 79 14 86 62 53 32 94 61 101 7 38 9 27 90 26 53 33 89 101 31 41 48 42 19 33 0 33 102 53 83 72 73 32 74 103 66 63 80 73 44 86 47 61 54 10 20 65 9 52 53 87 84 49 45 43 62 44 40 44 63 99 110 63 67 9 29 7 76 69 89 86 72 48 42 50 83 37 56 46 36 15 69 64 84 51 41 40 
30 17 26 64 18 28 26 35 25 43 33 28 34 58 18 54 43 46 27 61 48 68 40 10 37 33 58 44 36 19 63 68 24 20 20 38 13 26 33 0 69 21 67 48 41 32 47 70 50 37 67 43 12 73 14 31 31 27 44 52 26 25 24 55 51 20 30 13 55 13 7 13 38 67 77 55 45 38 36 31 58 36 71 62 40 43 48 45 56 11 30 13 5 27 37 44 51 23 40 31 
86 85 96 84 84 66 84 93 83 58 37 66 91 62 87 31 72 92 82 24 84 6 109 64 105 92 15 106 69 76 47 6 81 71 60 86 83 85 102 69 0 49 77 56 35 87 53 2 78 57 81 36 57 85 54 43 65 95 110 86 95 56 56 17 21 55 72 62 87 59 62 60 59 11 8 94 65 107 98 99 69 33 74 57 31 92 100 93 45 66 53 56 65 95 32 63 18 58 89 84 
48 38 48 56 35 36 35 45 43 43 12 36 52 43 38 42 50 60 34 47 58 50 60 15 56 44 37 57 30 27 44 50 32 33 25 41 34 45 53 21 49 0 56 33 29 40 44 50 58 37 57 22 10 63 8 10 37 46 60 63 47 12 25 34 34 8 28 21 51 17 16 19 39 46 58 68 48 57 56 49 45 16 58 46 19 58 54 60 37 16 15 8 16 48 17 32 32 26 44 47 
98 80 84 11 65 91 53 55 92 99 58 91 102 15 73 90 106 114 50 91 113 82 89 57 79 56 62 67 31 52 31 82 52 86 80 41 72 94 83 67 77 56 0 24 80 50 99 76 113 93 5 46 63 8 63 49 93 72 75 118 83 44 81 61 77 50 39 75 24 72 67 73 95 66 85 122 104 81 101 76 10 59 7 20 55 110 49 112 32 56 40 60 63 88 60 24 71 82 44 98 
79 64 70 29 52 69 43 49 73 75 34 69 83 10 59 66 83 93 40 67 92 60 79 38 70 50 40 63 20 39 18 60 41 65 58 37 57 75 72 48 56 33 24 0 55 43 75 55 91 70 27 22 41 32 41 25 70 62 69 96 69 23 58 38 53 29 27 53 32 50 46 52 72 46 64 101 81 72 84 66 14 34 25 14 31 90 50 92 14 37 18 39 43 73 35 9 48 59 41 78 
52 55 65 82 59 31 63 73 49 25 21 31 57 65 59 13 38 57 63 20 49 31 80 41 78 71 32 84 59 55 58 31 60 37 27 71 54 51 73 41 35 29 80 55 0 68 22 37 45 22 82 34 31 87 28 31 30 69 85 52 65 41 21 30 14 37 57 30 80 29 34 29 24 39 40 60 32 80 64 72 69 21 80 64 25 57 83 58 53 43 42 31 39 63 20 58 17 24 73 49 
57 35 35 43 18 60 6 5 51 75 52 60 59 49 26 82 75 74 5 87 78 89 38 27 28 6 73 19 23 13 62 89 8 51 52 10 27 52 32 32 87 40 50 43 68 0 79 88 81 69 48 53 37 54 40 44 63 22 25 83 34 31 56 70 75 32 17 45 30 44 37 45 70 82 96 84 77 30 55 25 45 55 57 56 56 70 16 72 57 25 34 37 31 41 56 34 72 55 9 59 
43 55 65 101 65 23 73 82 43 7 41 23 47 86 62 22 20 42 74 31 32 48 80 52 81 80 54 91 75 66 79 48 71 33 27 84 58 45 74 47 53 44 99 75 22 79 0 55 26 11 101 56 42 107 40 50 20 73 91 34 65 57 23 52 33 52 71 34 96 35 42 34 11 59 56 42 13 82 57 75 89 42 100 85 46 43 95 44 74 54 59 43 48 61 41 76 38 24 86 40 
88 87 97 84 85 68 84 94 85 60 38 68 93 61 88 34 74 94 83 26 86 8 111 65 106 93 15 107 69 77 46 8 82 72 62 86 84 87 103 70 2 50 76 55 37 88 55 0 81 59 81 36 58 84 55 44 67 96 111 88 96 56 57 18 23 56 72 63 87 61 63 61 61 10 9 96 67 108 100 100 68 34 73 56 31 94 100 95 44 67 54 57 66 96 33 63 20 60 90 85 
29 50 57 112 64 22 75 83 33 20 60 22 31 101 59 48 7 19 77 57 7 74 70 58 75 81 77 89 85 70 99 74 74 30 33 89 55 33 66 50 78 58 113 91 45 81 26 81 0 23 114 75 51 120 50 66 20 69 86 8 57 69 32 75 58 63 79 39 105 41 47 40 21 84 82 16 13 75 41 70 103 61 116 103 66 22 97 21 93 60 73 53 53 51 61 89 62 31 90 26 
33 44 54 93 54 12 63 72 33 6 37 12 38 80 51 28 15 35 64 37 27 53 69 42 70 70 54 80 67 56 76 53 61 22 17 74 47 34 63 37 57 37 93 70 22 69 11 59 23 0 94 52 32 100 31 44 10 62 80 30 54 49 13 52 36 44 62 24 87 25 32 24 2 61 61 37 11 71 47 64 83 38 95 81 43 35 85 36 70 44 52 34 38 50 38 69 39 14 76 30 
97 78 82 6 63 92 51 52 92 100 60 92 101 19 71 93 107 113 47 94 114 86 86 57 76 53 66 63 30 50 36 86 50 86 81 38 71 93 80 67 81 57 5 27 82 48 101 81 114 94 0 49 63 6 64 51 94 70 71 118 81 45 82 65 80 51 38 75 20 72 67 74 96 71 90 122 105 78 100 73 13 61 13 26 58 110 45 112 36 55 42 61 62 86 62 25 75 82 40 98 
69 60 69 51 53 55 50 58 64 57 15 55 74 31 58 44 67 81 48 45 77 39 80 34 74 58 20 72 33 43 24 39 47 54 45 50 55 66 73 43 36 22 46 22 34 53 56 36 75 52 49 0 32 54 30 12 55 65 77 81 68 21 43 18 31 24 36 42 51 39 38 40 54 29 45 87 63 76 78 69 36 14 45 29 9 79 64 80 18 35 18 30 38 70 15 27 26 44 54 68 
38 29 39 61 28 28 32 42 33 39 21 28 43 52 30 45 43 51 32 51 50 57 52 10 48 40 46 53 34 24 53 57 29 23 18 42 25 35 44 12 57 10 63 41 31 37 42 58 51 32 63 32 0 69 2 20 30 38 55 55 38 18 19 43 40 12 29 12 55 9 6 10 34 55 65 59 43 50 46 42 53 24 65 55 28 49 53 51 47 12 22 2 8 39 25 38 39 19 44 37 
104 85 88 11 69 98 57 57 98 106 66 98 108 23 77 98 113 120 54 99 120 90 92 63 82 59 70 68 36 57 38 90 56 92 87 43 77 100 86 73 85 63 8 32 87 54 107 84 120 100 6 54 69 0 70 56 100 76 76 124 87 51 88 69 85 57 44 81 25 79 73 80 102 74 93 128 111 83 106 79 18 67 12 28 63 116 50 118 40 62 48 67 69 93 68 31 79 89 46 104 
39 31 41 62 31 28 34 44 34 37 18 28 44 51 33 42 43 52 34 48 50 54 55 12 51 43 43 55 35 26 52 54 32 24 17 44 28 36 47 14 54 8 63 41 28 40 40 55 50 31 64 30 2 70 0 18 30 41 57 55 40 18 18 40 37 13 31 12 56 9 8 10 33 52 62 59 42 53 48 45 53 22 65 54 26 50 55 51 46 14 22 3 11 41 22 39 36 18 46 38 
58 48 57 51 42 45 40 49 53 50 10 45 63 35 47 44 58 70 38 46 68 45 69 23 63 48 30 62 28 32 34 45 37 43 34 43 43 55 61 31 43 10 49 25 31 44 50 44 66 44 51 12 20 56 18 0 46 53 67 72 56 12 34 27 32 12 29 31 49 27 26 29 46 38 52 77 56 65 66 57 38 12 50 36 12 68 56 70 27 23 11 18 26 58 13 26 29 35 46 57 
23 36 45 92 48 3 57 66 23 13 40 3 28 81 43 38 13 27 58 47 21 61 60 38 62 64 61 73 64 51 79 61 55 13 12 70 39 24 54 31 65 37 93 70 30 63 20 67 20 10 94 55 30 100 30 46 0 54 72 25 45 48 12 58 44 43 59 19 85 21 27 20 9 68 70 31 14 62 37 56 83 42 95 83 47 27 79 28 73 40 52 32 33 41 42 69 47 11 71 20 
40 19 14 65 11 51 19 19 36 67 58 51 42 69 10 82 64 57 22 89 64 95 17 31 10 17 83 20 43 23 79 95 21 40 45 32 15 36 10 27 95 46 72 62 69 22 73 96 69 62 70 65 38 76 41 53 54 0 17 68 13 43 50 80 79 41 35 39 52 40 34 40 62 92 103 68 68 11 35 4 65 62 78 76 65 53 33 55 73 30 47 39 30 20 63 54 77 49 31 43 
57 36 29 65 26 68 27 20 53 85 73 68 57 74 28 99 81 73 29 106 81 111 20 46 11 19 97 8 49 34 88 111 30 58 63 34 32 53 20 44 110 60 75 69 85 25 91 111 86 80 71 77 55 76 57 67 72 17 0 85 29 55 68 94 95 54 42 57 51 57 51 58 80 105 118 83 85 12 49 16 70 77 82 82 79 68 27 70 83 44 59 55 46 35 77 60 93 66 31 60 
28 49 56 116 65 26 77 84 32 28 66 26 28 106 59 56 14 13 79 65 4 82 68 61 74 82 85 88 88 72 105 82 76 32 37 91 56 32 65 52 86 63 118 96 52 83 34 88 8 30 118 81 55 124 55 72 25 68 85 0 56 73 38 82 66 67 82 43 108 46 51 44 28 91 90 8 21 74 38 69 108 68 120 108 73 18 98 16 99 63 77 57 56 50 67 94 70 37 91 25 
28 9 1 77 18 42 30 33 24 59 59 42 28 77 10 77 53 44 33 85 52 94 15 33 18 31 84 33 52 31 86 94 31 31 39 45 13 24 9 26 95 47 83 69 65 34 65 96 57 54 81 68 38 87 40 56 45 13 29 56 0 48 44 81 76 44 44 34 64 36 32 36 54 93 102 54 58 18 21 13 75 62 88 83 66 39 47 41 80 33 53 39 30 6 63 62 76 42 43 31 
55 41 49 44 32 46 28 37 50 55 21 46 59 33 38 54 61 70 26 57 69 57 59 15 52 36 41 50 18 21 38 57 25 42 36 31 35 51 52 25 56 12 44 23 41 31 57 56 69 49 45 21 18 51 18 12 48 43 55 73 48 0 37 38 44 5 17 30 39 27 23 29 51 50 64 77 60 54 61 47 34 24 47 37 25 67 44 69 32 15 5 16 20 51 25 20 41 37 34 55 
30 34 45 81 42 11 50 59 27 19 28 11 35 69 40 33 24 38 51 41 34 53 60 29 60 57 50 68 54 43 67 53 48 15 5 61 35 29 53 24 56 25 81 58 21 56 23 57 32 13 82 43 19 88 18 34 12 50 68 38 44 37 0 47 35 31 49 11 74 12 19 11 14 58 61 43 23 61 42 53 71 30 83 70 36 37 72 38 61 31 40 21 25 42 30 57 37 2 63 28 
77 72 82 67 69 58 67 76 73 55 22 58 82 46 72 34 68 85 65 31 79 21 95 49 90 75 3 89 51 59 32 21 64 61 51 68 68 75 87 55 17 34 61 38 30 70 52 18 75 52 65 18 43 69 40 27 58 80 94 82 81 38 47 0 19 39 54 50 69 47 49 48 54 12 26 89 62 91 87 84 52 18 58 41 14 84 82 85 29 50 36 41 51 82 18 45 14 49 72 75 
65 67 77 82 68 45 70 80 63 38 23 45 70 62 70 15 51 71 69 14 63 18 92 49 89 79 21 92 61 62 51 18 67 50 40 75 65 65 84 51 21 34 77 53 14 75 33 23 58 36 80 31 40 85 37 32 44 79 95 66 76 44 35 19 0 42 61 42 81 40 44 40 38 26 26 73 45 90 78 82 67 20 75 59 22 71 89 72 47 50 44 39 48 76 19 58 5 37 78 63 
50 37 45 49 29 41 28 38 44 50 19 41 54 39 34 50 56 64 27 55 63 56 56 11 51 37 42 50 22 20 42 56 25 36 30 33 31 46 49 20 55 8 50 29 37 32 52 56 63 44 51 24 12 57 13 12 43 41 54 67 44 5 31 39 42 0 20 24 43 21 17 23 46 51 64 72 55 52 56 45 40 22 53 42 24 61 46 63 36 11 10 10 15 47 23 26 39 31 36 49 
60 40 45 34 25 57 16 22 54 68 38 57 63 34 34 71 72 76 13 75 78 74 52 21 43 22 57 36 8 13 45 74 14 49 47 14 33 55 45 30 72 28 39 27 57 17 71 72 79 62 38 36 29 44 31 29 59 35 42 82 44 17 49 54 61 20 0 40 25 38 31 39 64 65 81 85 72 45 62 39 31 41 44 41 41 72 27 75 40 19 18 28 26 49 42 19 58 49 17 60 
27 24 35 73 31 17 39 48 23 30 29 17 32 64 29 43 32 39 40 50 38 60 50 19 49 46 53 57 45 32 65 60 37 12 7 50 24 25 43 13 62 21 75 53 30 45 34 63 39 24 75 42 12 81 12 31 19 39 57 43 34 30 11 50 42 24 40 0 65 3 8 2 25 61 68 47 32 50 37 42 65 32 77 66 37 37 61 39 58 21 34 14 14 33 32 50 43 10 52 26 
84 63 65 14 46 82 34 33 78 93 59 82 87 30 55 93 97 101 31 95 103 91 67 46 57 34 71 43 21 36 48 91 33 75 72 19 55 80 62 55 87 51 24 32 80 30 96 87 105 87 20 51 55 25 56 49 85 52 51 108 64 39 74 69 81 43 25 65 0 63 57 65 89 78 96 110 98 59 85 55 23 61 32 39 59 97 25 99 45 44 38 53 51 70 62 24 77 74 21 85 
30 26 37 71 31 19 38 47 26 31 26 19 35 61 30 42 34 43 39 49 41 58 51 17 50 45 50 57 43 31 61 58 36 15 8 49 25 28 44 13 59 17 72 50 29 44 35 61 41 25 72 39 9 79 9 27 21 40 57 46 36 27 12 47 40 21 38 3 63 0 7 1 26 59 66 50 34 51 40 43 62 29 75 63 34 40 60 42 55 19 31 11 13 35 29 48 40 11 51 29 
32 23 33 65 25 25 31 40 27 38 26 25 37 56 25 48 40 47 32 54 47 61 47 10 44 38 52 50 37 24 59 61 29 19 15 42 20 29 40 7 62 16 67 46 34 37 42 63 47 32 67 38 6 73 8 26 27 34 51 51 32 23 19 49 44 17 31 8 57 7 0 8 33 61 70 55 41 45 40 38 57 30 70 60 34 44 53 46 53 12 27 8 6 33 30 43 44 18 44 32 
29 26 37 72 31 18 39 48 25 30 27 18 34 62 30 42 33 41 40 49 40 58 51 18 50 46 51 57 44 32 63 58 37 13 7 50 25 27 44 13 60 19 73 52 29 45 34 61 40 24 74 40 10 80 10 29 20 40 58 44 36 29 11 48 40 23 39 2 65 1 8 0 25 60 67 49 33 51 39 43 63 30 76 65 35 39 61 41 56 20 33 12 14 35 30 49 41 10 52 28 
32 44 54 95 55 12 64 73 32 5 39 12 36 82 52 30 13 33 65 39 25 55 69 43 70 71 56 81 68 57 78 55 62 22 18 75 47 33 63 38 59 39 95 72 24 70 11 61 21 2 96 54 34 102 33 46 9 62 80 28 54 51 14 54 38 46 64 25 89 26 33 25 0 63 63 35 9 71 46 64 85 40 97 83 46 34 86 34 73 45 54 36 39 50 40 71 41 15 77 29 
88 84 94 74 81 69 78 87 84 63 34 69 93 52 85 39 77 95 77 33 88 17 107 61 102 87 8 101 62 71 36 17 76 72 62 79 80 86 99 67 11 46 66 46 39 82 59 10 84 61 71 29 55 74 52 38 68 92 105 91 93 50 58 12 26 51 65 61 78 59 61 60 63 0 19 99 71 103 99 96 58 30 63 46 26 95 93 96 34 62 47 53 63 94 30 54 21 60 82 86 
92 93 103 93 92 71 92 102 89 62 45 71 97 71 95 34 76 96 91 25 88 8 117 73 113 101 24 115 78 84 55 8 89 77 67 95 90 91 110 77 8 58 85 64 40 96 56 9 82 61 90 45 65 93 62 52 70 103 118 90 102 64 61 26 26 64 81 68 96 66 70 67 63 19 0 98 69 115 104 107 77 41 82 65 39 97 109 97 53 74 62 64 73 102 41 72 26 64 98 89 
27 49 54 119 66 32 78 85 32 36 72 32 26 111 59 64 22 10 81 73 10 90 66 65 72 83 92 88 92 74 111 90 77 36 42 93 56 31 63 55 94 68 122 101 60 84 42 96 16 37 122 87 59 128 59 77 31 68 83 8 54 77 43 89 73 72 85 47 110 50 55 49 35 99 98 0 29 72 35 68 112 74 125 114 79 15 99 13 104 66 82 61 59 48 73 98 77 42 93 25 
33 49 58 104 62 17 71 80 34 7 48 17 36 91 57 35 7 29 72 44 19 61 73 51 75 78 65 87 77 64 87 61 69 27 25 83 53 35 67 45 65 48 104 81 32 77 13 67 13 11 105 63 43 111 42 56 14 68 85 21 58 60 23 62 45 55 72 32 98 34 41 33 9 71 69 29 0 76 46 69 94 49 106 92 55 31 93 31 82 53 63 44 47 53 49 80 49 23 85 30 
46 26 18 72 22 59 29 25 42 76 70 59 46 79 20 93 71 62 32 100 70 107 9 42 2 24 95 19 53 34 90 107 31 49 55 40 25 42 9 38 107 57 81 72 80 30 82 108 75 71 78 76 50 83 53 65 62 11 12 74 18 54 61 91 90 52 45 50 59 51 45 51 71 103 115 72 76 0 37 7 75 74 87 86 77 57 36 59 84 41 59 51 41 24 74 64 89 59 37 49 
13 21 21 96 38 34 50 55 14 50 66 34 10 94 29 74 40 25 53 83 34 96 31 46 38 52 90 55 70 49 99 96 51 27 37 65 29 13 29 36 98 56 101 84 64 55 57 100 41 47 100 78 46 106 48 66 37 35 49 38 21 61 42 87 78 56 62 37 85 40 40 39 46 99 104 35 46 37 0 34 93 69 106 98 74 20 69 22 92 46 66 48 41 15 69 79 79 40 65 16 
41 20 13 68 15 53 23 22 37 69 62 53 41 73 13 85 65 58 26 92 65 99 13 34 6 20 87 20 47 27 83 99 25 42 48 35 18 37 7 31 99 49 76 66 72 25 75 100 70 64 73 69 42 79 45 57 56 4 16 69 13 47 53 84 82 45 39 42 55 43 38 43 64 96 107 68 69 7 34 0 69 66 82 80 69 53 35 55 78 34 51 43 34 19 66 58 81 51 34 44 
89 71 76 15 57 81 46 50 83 88 48 81 93 7 65 81 96 104 43 81 103 73 82 48 73 51 53 62 23 44 25 73 44 76 70 36 64 85 76 58 69 45 10 14 69 45 89 68 103 83 13 36 53 18 53 38 83 65 70 108 75 34 71 52 67 40 31 65 23 62 57 63 85 58 77 112 94 75 93 69 0 49 13 15 45 101 46 103 24 46 30 50 53 80 50 14 62 71 39 89 
59 53 63 62 51 42 51 60 55 43 3 42 64 44 54 32 53 68 50 34 64 34 76 31 72 59 21 73 40 43 38 34 48 43 33 55 50 57 69 36 33 16 59 34 21 55 42 34 61 38 61 14 24 67 22 12 42 62 77 68 62 24 30 18 20 22 41 32 61 29 30 30 40 30 41 74 49 74 69 66 49 0 59 43 5 67 68 69 32 32 23 23 32 63 1 38 17 32 58 57 
102 85 89 19 70 94 59 62 96 100 58 94 106 14 78 90 108 117 56 89 116 79 95 61 85 63 59 74 36 57 27 79 57 89 83 48 77 98 89 71 74 58 7 25 80 57 100 73 116 95 13 45 65 12 65 50 95 78 82 120 88 47 83 58 75 53 44 77 32 75 70 76 97 63 82 125 106 87 106 82 13 59 0 17 55 114 56 116 29 60 43 63 66 93 59 27 70 84 51 102 
93 78 84 30 66 82 57 62 87 86 44 82 97 8 73 73 95 106 54 72 104 62 93 52 84 62 42 75 33 53 10 62 55 78 71 49 71 89 86 62 57 46 20 14 64 56 85 56 103 81 26 29 55 28 54 36 83 76 82 108 83 37 70 41 59 42 41 66 39 63 60 65 83 46 65 114 92 86 98 80 15 43 17 0 39 104 60 106 12 52 32 52 57 87 44 22 53 71 52 92 
64 57 67 60 54 47 53 62 60 48 8 47 69 41 58 35 59 74 51 36 69 32 80 34 75 61 17 75 40 45 33 32 50 48 38 55 53 62 72 40 31 19 55 31 25 56 46 31 66 43 58 9 28 63 26 12 47 65 79 73 66 25 36 14 22 24 41 37 59 34 34 35 46 26 39 79 55 77 74 69 45 5 55 39 0 73 69 74 27 35 23 27 36 67 5 36 17 37 59 62 
13 35 39 107 52 26 64 70 18 36 65 26 11 100 44 64 23 5 67 73 15 88 51 53 57 68 87 73 79 61 102 88 64 25 34 79 42 17 48 43 92 58 110 90 57 70 43 94 22 35 110 79 49 116 50 68 27 53 68 18 39 67 37 84 71 61 72 37 97 40 44 39 34 95 97 15 31 57 20 53 101 67 114 104 73 0 85 2 96 54 71 51 47 33 67 87 74 35 79 12 
72 49 47 39 32 76 22 14 66 91 65 76 74 52 40 97 91 89 21 102 94 102 46 43 35 16 85 18 31 29 68 102 24 67 68 13 42 67 42 48 100 54 49 50 83 16 95 100 97 85 45 64 53 50 55 56 79 33 27 98 47 44 72 82 89 46 27 61 25 60 53 61 86 93 109 99 93 36 69 35 46 68 56 60 69 85 0 87 64 41 46 52 47 53 69 40 85 71 10 74 
15 37 41 109 54 27 66 72 20 37 66 27 13 102 47 64 23 3 69 73 14 89 53 55 59 70 88 75 82 63 104 89 66 27 35 81 44 19 50 45 93 60 112 92 58 72 44 95 21 36 112 80 51 118 51 70 28 55 70 16 41 69 38 85 72 63 75 39 99 42 46 41 34 96 97 13 31 59 22 55 103 69 116 106 74 2 87 0 97 56 73 53 49 35 68 89 75 36 81 14 
85 73 81 40 63 72 56 63 80 75 33 72 90 17 70 61 85 98 53 60 95 50 90 47 82 63 30 76 34 50 6 50 53 70 62 51 67 82 83 56 45 37 32 14 53 57 74 44 93 70 36 18 47 40 46 27 73 73 83 99 80 32 61 29 47 36 40 58 45 55 53 56 73 34 53 104 82 84 92 78 24 32 29 12 27 96 64 97 0 47 27 45 51 83 33 23 41 62 55 84 
42 26 34 53 18 38 20 30 36 50 29 38 46 47 23 57 53 57 20 62 59 66 45 2 39 28 53 41 25 12 53 66 17 30 28 30 20 38 37 11 66 16 56 37 43 25 54 67 60 44 55 35 12 62 14 23 40 30 44 63 33 15 31 50 50 11 19 21 44 19 12 20 45 62 74 66 53 41 46 34 46 32 60 52 35 54 41 56 47 0 20 11 7 36 33 32 48 30 32 42 
60 46 54 41 36 50 31 40 55 58 21 50 64 29 43 55 65 74 30 57 73 55 64 20 57 40 38 54 17 25 33 55 29 46 40 32 40 56 56 30 53 15 40 18 42 34 59 54 73 52 42 18 22 48 22 11 52 47 59 77 53 5 40 36 44 10 18 34 38 31 27 33 54 47 62 82 63 59 66 51 30 23 43 32 23 71 46 73 27 20 0 20 25 56 24 17 40 41 36 60 
40 30 40 60 29 30 31 41 35 40 19 30 45 49 31 45 45 54 32 51 53 56 53 9 49 40 44 53 32 24 51 56 29 26 20 41 26 37 46 13 56 8 60 39 31 37 43 57 53 34 61 30 2 67 3 18 32 39 55 57 39 16 21 41 39 10 28 14 53 11 8 12 36 53 64 61 44 51 48 43 50 23 63 52 27 51 52 53 45 11 20 0 9 40 23 36 38 21 43 39 
35 22 31 60 20 31 25 34 30 44 29 31 39 53 21 53 46 50 26 59 51 65 44 5 40 32 54 45 32 18 58 65 23 23 21 36 17 31 36 5 65 16 63 43 39 31 48 66 53 38 62 38 8 69 11 26 33 30 46 56 30 20 25 51 48 15 26 14 51 13 6 14 39 63 73 59 47 41 41 34 53 32 66 57 36 47 47 49 51 7 25 9 0 32 33 39 47 24 38 35 
22 10 6 82 23 38 36 39 18 55 60 38 22 82 15 75 48 38 39 84 46 93 19 36 24 37 85 40 57 36 89 93 36 28 36 51 16 18 15 27 95 48 88 73 63 41 61 96 51 50 86 70 39 93 41 58 41 20 35 50 6 51 42 82 76 47 49 33 70 35 33 35 50 94 102 48 53 24 15 19 80 63 93 87 67 33 53 35 83 36 56 40 32 0 63 67 76 40 50 25 
59 54 64 63 52 42 52 61 55 42 4 42 64 45 55 31 53 68 51 33 63 33 77 32 73 60 21 74 41 44 38 33 49 43 33 56 50 57 69 37 32 17 60 35 20 56 41 33 61 38 62 15 25 68 22 13 42 63 77 67 63 25 30 18 19 23 42 32 62 29 30 30 40 30 41 73 49 74 69 66 50 1 59 44 5 67 69 68 33 33 24 23 33 63 0 39 16 32 59 57 
74 57 63 24 44 67 35 40 69 75 36 67 79 15 52 70 82 90 32 72 89 66 71 33 62 41 47 54 11 31 27 66 33 62 56 28 50 71 64 44 63 32 24 9 58 34 76 63 89 69 25 27 38 31 39 26 69 54 60 94 62 20 57 45 58 26 19 50 24 48 43 49 71 54 72 98 80 64 79 58 14 38 27 22 36 87 40 89 23 32 17 36 39 67 39 0 53 58 31 75 
67 67 77 77 67 48 68 77 64 42 20 48 72 56 69 20 55 74 67 19 67 17 91 47 87 76 15 90 57 60 45 17 65 52 41 72 64 66 84 51 18 32 71 48 17 72 38 20 62 39 75 26 39 79 36 29 47 77 93 70 76 41 37 14 5 39 58 43 77 40 44 41 41 21 26 77 49 89 79 81 62 17 70 53 17 74 85 75 41 48 40 38 47 76 16 53 0 39 75 65 
28 32 43 81 41 10 49 58 25 20 30 10 33 70 38 35 24 36 50 43 33 55 58 28 58 56 52 67 54 42 68 55 47 13 3 60 34 27 51 23 58 26 82 59 24 55 24 60 31 14 82 44 19 89 18 35 11 49 66 37 42 37 2 49 37 31 49 10 74 11 18 10 15 60 64 42 23 59 40 51 71 32 84 71 37 35 71 36 62 30 41 21 24 40 32 58 39 0 62 26 
66 44 44 35 27 68 14 11 60 82 55 68 69 44 35 87 83 83 12 92 87 91 46 34 35 13 74 23 21 20 59 91 15 59 59 3 36 61 41 40 89 44 44 41 73 9 86 90 90 76 40 54 44 46 46 46 71 31 31 91 43 34 63 72 78 36 17 52 21 51 44 52 77 82 98 93 85 37 65 34 39 58 51 52 59 79 10 81 55 32 36 43 38 50 59 31 75 62 0 68 
3 24 31 95 41 18 53 59 7 33 54 18 7 89 34 58 23 15 55 67 21 81 44 41 49 57 78 63 67 49 91 81 52 14 24 67 31 7 40 31 84 47 98 78 49 59 40 85 26 30 98 68 37 104 38 57 20 43 60 25 31 55 28 75 63 49 60 26 85 29 32 28 29 86 89 25 30 49 16 44 89 57 102 92 62 12 74 14 84 42 60 39 35 25 57 75 65 26 68 0 
5 19 13 12 14 20 11 1 14 17 5 20 18 16 13 12 6 20 20 8 16 14 20 15 11 20 2 16 17 9 10 9 3 17 17 18 13 5 16 2 10 9 3 16 16 5 11 7 6 8 9 4 5 13 2 5 13 6 14 7 17 10 8 4 17 6 11 20 19 1 1 15 1 12 14 19 7 14 9 5 5 15 10 3 7 8 5 18 9 15 15 4 15 4 1 3 1 10 12 20 
120 120 120 120 120 120 120 120 120 120 120 120 120 120 120 120 120 120 120 120 120 120 120 120 120 120 120 120 120 120 120 120 120 120 120 120 120 120 120 120 120 120 120 120 120 120 120 120 120 120 120 120 120 120 120 120 120 120 120 120 120 120 120 120 120 120 120 120 120 120 120 120 120 120 120 120 120 120 120 120 120 120 120 120 120 120 120 120 120 120 120 120 120 120 120 120 120 120 120 120 