4 13 100 10 20
0 69 47 74 53 65 31 43 22 54 93 87 69 74 24 68 20 63 35 52 47 81 41 67 26 21 55 55 12 78 82 65 26 35 40 27 76 46 36 86 12 84 15 32 58 68 52 22 17 53 31 102 52 46 61 47 31 80 65 53 28 53 88 82 25 57 38 81 24 13 68 89 73 48 76 80 38 39 64 36 77 77 32 80 11 63 26 24 28 68 61 31 86 77 49 48 63 80 18 65 
69 0 22 7 16 58 67 57 54 80 28 30 37 33 89 68 89 88 47 39 33 17 52 66 43 62 77 45 70 85 21 5 50 57 51 43 61 55 77 92 60 62 73 48 33 52 49 56 52 57 69 43 26 42 24 30 71 37 6 22 94 42 42 28 44 63 34 76 94 82 11 35 19 40 87 64 80 42 28 33 37 66 42 87 78 24 78 91 55 78 87 41 46 27 25 30 29 94 87 42 
47 22 0 26 6 55 51 45 36 69 49 47 42 42 68 64 67 78 25 33 24 37 40 62 22 44 67 40 47 80 39 18 28 37 38 21 62 45 61 88 37 66 53 26 32 43 43 38 31 50 53 61 21 33 19 12 55 48 18 9 73 28 55 43 22 56 12 75 72 60 20 51 33 23 82 66 64 29 32 11 46 66 20 82 57 28 60 70 38 72 76 19 56 40 7 22 32 88 65 34 
74 7 26 0 20 65 74 64 60 88 31 35 45 40 94 76 94 96 48 46 40 20 59 73 48 68 84 52 73 93 25 12 53 58 58 47 68 62 84 99 64 69 78 50 41 49 57 62 57 65 76 46 33 49 21 31 78 44 8 23 99 40 48 33 48 71 36 84 98 86 8 40 26 39 95 72 87 49 36 37 44 73 45 94 83 31 84 96 61 85 94 44 52 33 26 37 36 101 92 39 
53 16 6 20 0 54 55 47 40 71 43 41 38 38 74 64 73 80 31 32 24 30 42 61 27 48 68 39 53 80 33 12 34 43 40 27 60 46 65 88 44 63 58 33 30 46 43 42 36 50 57 56 19 34 19 17 59 43 12 10 78 31 50 38 28 56 18 74 78 66 16 46 28 28 82 64 68 31 29 17 42 64 26 82 62 24 64 75 42 72 78 25 52 35 11 21 29 88 71 36 
65 58 55 65 54 0 38 22 43 31 59 47 23 31 68 10 76 36 73 22 31 53 24 8 49 44 26 15 75 27 51 54 68 82 25 59 11 19 42 34 65 19 55 71 24 99 13 43 53 12 39 57 34 23 73 67 40 32 60 64 72 82 37 44 56 12 61 20 82 77 67 45 42 77 30 15 44 30 29 51 29 12 65 29 65 34 51 72 37 21 35 61 32 39 62 33 29 36 77 90 
31 67 51 74 55 38 0 16 17 23 82 73 50 57 30 38 38 32 54 34 35 72 18 37 31 11 24 33 43 47 72 62 46 60 18 40 49 20 10 54 36 57 18 52 42 87 29 15 28 25 2 87 42 28 70 58 4 62 66 60 34 70 69 69 37 27 49 51 44 41 71 74 62 64 45 52 13 25 49 41 58 48 48 49 28 50 14 34 13 37 31 44 65 63 56 38 48 49 40 81 
43 57 45 64 47 22 16 0 21 24 68 58 34 42 47 25 53 32 56 19 24 59 5 24 31 22 21 17 53 38 58 52 49 64 6 42 33 3 23 46 44 42 32 54 27 86 12 21 33 10 18 71 31 15 65 55 19 46 56 55 51 69 53 54 38 14 47 38 60 54 62 58 48 63 38 37 25 16 35 37 42 34 49 40 42 36 30 50 15 28 31 45 49 48 51 27 33 43 55 78 
22 54 36 60 40 43 17 21 0 39 74 66 47 53 35 47 38 48 37 29 26 62 19 45 14 8 39 32 32 59 63 49 29 44 18 23 54 24 26 67 22 61 18 35 36 70 30 2 12 31 18 81 32 24 54 41 20 58 52 44 39 53 66 62 20 36 32 60 44 35 56 68 54 47 58 58 29 17 43 25 55 55 31 61 26 42 24 37 6 49 47 27 63 56 40 28 41 63 38 64 
54 80 69 88 71 31 23 24 39 0 88 77 52 60 47 25 57 9 77 42 48 81 29 26 52 35 5 37 67 26 79 75 69 83 30 63 40 25 19 33 60 48 39 74 49 109 32 38 51 24 23 88 54 38 89 78 22 63 80 78 49 91 68 73 59 20 70 34 63 62 86 76 70 86 23 42 19 40 56 60 60 37 70 28 49 59 31 51 34 18 7 66 63 68 75 50 55 25 60 101 
93 28 49 31 43 59 82 68 74 88 0 12 36 28 109 69 111 94 75 48 48 12 64 67 66 81 84 51 95 84 10 31 77 86 63 69 56 65 91 89 85 53 93 76 40 80 57 75 75 64 84 15 41 54 52 59 86 27 34 51 114 71 26 15 70 68 61 72 117 106 39 15 20 69 88 58 94 57 33 58 30 61 70 85 100 32 95 112 72 80 93 68 32 20 53 45 34 94 111 70 
87 30 47 35 41 47 73 58 66 77 12 0 24 16 101 57 104 83 73 39 40 14 54 55 60 73 72 41 90 72 9 31 74 84 54 65 44 55 81 77 80 41 84 74 31 83 46 67 69 53 75 15 34 44 54 58 77 15 36 51 105 72 15 4 65 57 59 60 110 100 41 5 13 69 76 46 84 49 23 53 18 49 67 73 92 24 86 104 63 68 82 65 20 10 52 38 25 82 104 72 
69 37 42 45 38 23 50 34 47 52 36 24 0 8 80 33 84 58 65 17 23 30 31 31 45 52 48 17 75 49 28 34 63 76 31 54 23 31 57 55 65 25 64 65 11 84 21 48 53 28 52 37 21 23 57 54 54 12 41 49 84 70 19 21 52 32 51 39 90 82 48 24 20 65 52 27 60 29 9 43 8 28 58 51 72 14 64 83 43 44 57 55 17 16 49 23 9 59 85 75 
74 33 42 40 38 31 57 42 53 60 28 16 8 0 86 41 91 66 67 24 27 23 39 39 49 58 56 25 80 57 20 31 65 78 39 57 30 38 65 62 69 29 70 67 16 83 29 54 58 37 60 29 23 29 55 54 61 6 37 48 91 69 13 13 55 40 53 45 97 88 44 16 14 65 60 32 68 35 10 45 4 35 60 58 79 14 71 89 49 52 65 57 14 8 48 26 11 66 91 73 
24 89 68 94 74 68 30 47 35 47 109 101 80 86 0 68 11 53 59 62 61 98 48 67 46 28 50 63 34 73 99 84 50 59 48 50 80 50 28 80 36 88 16 56 70 92 59 33 38 56 29 116 68 57 84 70 28 92 86 75 4 77 99 97 47 57 61 80 16 21 89 103 89 72 70 83 28 51 77 57 88 79 56 75 13 77 17 4 37 64 52 54 96 91 71 63 76 72 15 89 
68 68 64 76 64 10 38 25 47 25 69 57 33 41 68 0 76 27 80 31 40 64 28 2 55 47 20 24 78 17 61 64 74 89 30 66 15 23 39 24 69 23 56 78 34 107 21 46 58 16 39 66 44 31 83 75 40 42 70 73 71 91 46 54 63 11 69 13 82 79 77 55 53 85 19 16 41 37 40 59 39 12 72 18 66 44 50 71 40 11 27 68 40 49 71 42 39 25 78 99 
20 89 67 94 73 76 38 53 38 57 111 104 84 91 11 76 0 63 54 67 64 100 54 75 46 32 60 68 27 83 101 84 45 52 53 47 87 57 38 90 31 95 21 51 74 86 65 37 37 63 36 119 70 61 82 67 36 96 85 73 12 72 104 100 45 65 59 88 6 11 88 107 91 67 80 91 38 55 81 56 93 87 52 85 12 80 26 7 41 74 62 51 101 94 69 66 80 82 5 84 
63 88 78 96 80 36 32 32 48 9 94 83 58 66 53 27 63 0 86 49 56 88 38 29 62 44 11 44 75 22 86 83 78 92 39 72 42 33 26 27 69 50 47 84 56 118 39 47 60 31 32 93 62 46 97 87 31 68 89 87 55 101 73 79 68 26 79 33 69 70 95 82 77 95 18 44 25 49 63 69 65 39 79 23 56 66 38 57 43 17 1 76 68 74 84 59 62 19 67 110 
35 47 25 48 31 73 54 56 37 77 75 73 65 67 59 80 54 86 0 52 43 62 51 78 25 43 76 58 28 94 65 43 9 11 50 14 82 57 63 102 23 87 47 3 54 33 59 39 26 64 55 87 44 49 30 17 57 73 41 25 63 18 80 69 17 70 14 92 57 43 40 77 59 13 94 86 65 42 57 22 71 84 7 97 46 53 57 59 43 85 84 11 81 65 21 42 56 100 50 30 
52 39 33 46 32 22 34 19 29 42 48 39 17 24 62 31 67 49 52 0 9 39 15 29 30 34 38 7 59 48 38 34 48 62 15 39 30 17 42 55 48 35 46 51 8 77 10 30 36 18 36 53 13 5 51 45 38 29 39 42 67 60 36 34 37 24 39 42 73 65 46 40 29 55 49 34 45 12 15 30 25 33 44 50 55 17 47 65 25 39 48 41 34 29 40 11 14 55 67 68 
47 33 24 40 24 31 35 24 26 48 48 40 23 27 61 40 64 56 43 9 0 37 19 38 22 33 44 16 52 56 37 28 40 53 18 31 39 22 44 64 42 44 44 42 12 67 19 27 30 26 37 55 7 9 43 35 39 33 32 33 65 51 41 36 29 32 30 51 70 60 38 42 28 46 58 43 47 9 17 20 30 42 35 58 52 16 47 63 24 48 55 32 40 30 31 3 16 64 64 58 
81 17 37 20 30 53 72 59 62 81 12 14 30 23 98 64 100 88 62 39 37 0 55 61 54 70 77 44 83 80 4 18 65 73 54 57 53 56 81 86 73 52 81 63 32 69 49 64 63 57 75 26 30 44 41 46 76 25 23 39 102 59 28 13 57 62 49 69 105 94 28 19 11 57 83 56 84 47 25 45 27 58 57 82 88 22 85 100 61 74 87 56 33 15 41 34 26 90 99 59 
41 52 40 59 42 24 18 5 19 29 64 54 31 39 48 28 54 38 51 15 19 55 0 27 26 21 26 15 51 43 54 47 45 60 1 37 35 5 26 51 41 42 33 50 23 81 11 19 29 12 20 68 26 10 59 50 22 43 51 49 52 64 50 50 34 18 42 41 60 53 57 55 44 58 43 39 29 11 31 32 40 36 44 45 42 32 32 51 13 33 36 40 47 44 46 22 29 48 55 73 
67 66 62 73 61 8 37 24 45 26 67 55 31 39 67 2 75 29 78 29 38 61 27 0 53 46 21 22 77 19 59 62 72 87 28 64 14 21 39 26 68 22 55 76 32 105 19 45 57 14 39 64 42 29 80 73 39 40 68 71 70 89 44 52 61 10 67 14 82 78 74 53 51 83 21 16 41 35 37 57 37 11 70 21 65 42 50 71 39 13 28 67 38 47 69 40 37 28 78 96 
26 43 22 48 27 49 31 31 14 52 66 60 45 49 46 55 46 62 25 30 22 54 26 53 0 22 51 35 30 69 55 38 18 33 25 10 59 32 41 77 19 65 30 23 34 56 35 16 9 39 32 76 26 26 40 26 34 55 39 30 50 39 63 56 7 45 18 68 51 40 43 64 47 33 69 63 43 18 39 11 53 61 17 72 34 37 38 47 18 60 60 14 62 51 26 23 38 75 44 49 
21 62 44 68 48 44 11 22 8 35 81 73 52 58 28 47 32 44 43 34 33 70 21 46 22 0 35 36 32 57 70 57 35 48 21 30 56 25 19 65 25 64 12 41 42 76 33 6 17 32 12 87 39 29 62 49 13 64 60 52 32 60 71 68 26 36 40 60 38 32 64 74 61 54 56 59 22 23 49 33 60 56 37 59 21 49 16 31 9 47 42 34 68 63 48 35 48 60 33 71 
55 77 67 84 68 26 24 21 39 5 84 72 48 56 50 20 60 11 76 38 44 77 26 21 51 35 0 33 68 23 75 72 68 83 28 62 35 22 22 30 60 43 41 74 45 107 28 38 51 20 25 84 51 35 86 76 24 58 77 76 52 90 64 69 58 15 68 30 66 64 83 72 66 84 20 37 22 38 52 59 55 32 69 25 51 55 34 54 33 14 10 65 59 63 73 47 51 24 63 100 
55 45 40 52 39 15 33 17 32 37 51 41 17 25 63 24 68 44 58 7 16 44 15 22 35 36 33 0 63 41 42 40 54 68 15 45 23 13 40 48 53 30 48 57 12 84 5 32 41 13 35 54 20 9 58 52 36 29 46 49 67 67 36 37 42 18 46 35 75 68 53 41 33 62 42 27 43 17 19 36 25 26 50 43 57 22 47 66 27 33 43 47 32 31 47 18 18 49 69 75 
12 70 47 73 53 75 43 53 32 67 95 90 75 80 34 78 27 75 28 59 52 83 51 77 30 32 68 63 0 90 85 65 20 25 50 26 86 56 49 98 10 93 28 25 64 59 62 32 22 63 43 106 57 54 57 43 44 86 65 50 37 45 93 86 25 67 36 92 29 16 66 94 77 41 88 90 50 46 70 37 83 87 28 92 22 67 38 33 38 80 74 28 93 81 46 53 68 92 23 57 
78 85 80 93 80 27 47 38 59 26 84 72 49 57 73 17 83 22 94 48 56 80 43 19 69 57 23 41 90 0 77 81 88 103 44 80 28 37 45 8 82 33 64 93 51 123 37 58 71 31 47 80 61 47 99 91 47 57 87 90 75 106 60 69 77 24 85 13 89 87 94 70 69 101 5 27 45 53 57 75 54 23 87 2 74 61 57 77 53 9 22 83 54 65 87 59 56 10 86 115 
82 21 39 25 33 51 72 58 63 79 10 9 28 20 99 61 101 86 65 38 37 4 54 59 55 70 75 42 85 77 0 22 67 76 53 59 50 55 81 83 75 48 82 66 31 73 47 65 65 55 74 22 30 44 45 50 76 21 27 42 103 63 24 9 59 60 52 66 106 96 32 15 9 60 81 52 84 47 23 47 23 55 60 79 89 21 85 101 61 72 85 58 29 12 44 35 24 87 100 63 
65 5 18 12 12 54 62 52 49 75 31 31 34 31 84 64 84 83 43 34 28 18 47 62 38 57 72 40 65 81 22 0 46 54 46 39 58 50 72 88 55 59 68 45 29 52 45 51 47 53 64 44 21 37 24 27 66 36 6 20 89 41 41 28 40 59 30 73 89 78 13 36 18 38 83 61 75 37 25 28 35 62 39 83 73 20 73 86 50 73 82 37 44 26 22 25 25 89 83 42 
26 50 28 53 34 68 46 49 29 69 77 74 63 65 50 74 45 78 9 48 40 65 45 72 18 35 68 54 20 88 67 46 0 14 44 9 77 51 54 96 14 83 37 6 52 43 54 31 17 58 47 89 42 45 37 22 48 72 45 30 54 27 79 70 11 63 16 87 48 35 45 78 60 22 87 82 57 37 55 20 69 80 7 90 37 52 47 50 35 78 77 8 79 65 26 40 54 93 42 39 
35 57 37 58 43 82 60 64 44 83 86 84 76 78 59 89 52 92 11 62 53 73 60 87 33 48 83 68 25 103 76 54 14 0 59 23 92 66 68 111 24 97 49 11 65 34 68 45 32 72 60 99 55 59 38 27 62 84 51 35 62 22 91 80 26 78 25 101 54 41 50 88 70 19 102 96 70 51 68 33 82 94 18 105 46 64 60 58 50 93 91 21 92 76 32 53 67 107 48 33 
40 51 38 58 40 25 18 6 18 30 63 54 31 39 48 30 53 39 50 15 18 54 1 28 25 21 28 15 50 44 53 46 44 59 0 36 36 7 27 52 40 43 32 48 23 80 12 18 28 13 21 68 25 9 58 48 22 43 50 48 52 62 50 50 33 19 41 43 59 53 56 55 44 57 44 40 30 9 30 31 40 37 43 46 42 31 32 51 12 34 38 39 48 44 45 21 29 50 54 72 
27 43 21 47 27 59 40 42 23 63 69 65 54 57 50 66 47 72 14 39 31 57 37 64 10 30 62 45 26 80 59 39 9 23 36 0 69 43 50 88 16 74 36 12 43 46 45 25 13 50 42 80 33 36 34 20 43 63 39 25 54 29 70 61 3 56 11 78 51 39 40 69 51 23 80 73 52 28 46 12 60 71 7 82 37 43 45 50 29 71 70 4 70 57 21 31 45 85 45 40 
76 61 62 68 60 11 49 33 54 40 56 44 23 30 80 15 87 42 82 30 39 53 35 14 59 56 35 23 86 28 50 58 77 92 36 69 0 30 53 32 76 8 66 81 30 106 24 54 64 24 51 52 41 32 79 74 51 29 64 71 83 90 32 42 66 22 69 15 93 88 71 42 43 85 32 4 54 40 32 60 26 5 74 29 76 37 63 83 48 25 42 71 26 38 69 40 32 38 89 96 
46 55 45 62 46 19 20 3 24 25 65 55 31 38 50 23 57 33 57 17 22 56 5 21 32 25 22 13 56 37 55 50 51 66 7 43 30 0 26 45 46 38 36 56 24 87 9 24 35 7 22 68 29 13 64 55 23 43 55 54 54 70 49 51 40 12 48 36 63 58 61 55 46 64 37 34 29 16 32 38 39 31 50 39 46 34 34 54 18 27 32 46 45 45 51 25 31 43 58 79 
36 77 61 84 65 42 10 23 26 19 91 81 57 65 28 39 38 26 63 42 44 81 26 39 41 19 22 40 49 45 81 72 54 68 27 50 53 26 0 52 43 61 21 60 50 96 35 24 37 30 8 94 52 37 80 68 6 69 76 70 31 79 76 77 46 30 59 51 44 43 81 82 71 73 42 55 3 35 58 51 66 51 57 47 30 59 12 32 23 36 25 54 72 71 66 47 56 45 41 90 
86 92 88 99 88 34 54 46 67 33 89 77 55 62 80 24 90 27 102 55 64 86 51 26 77 65 30 48 98 8 83 88 96 111 52 88 32 45 52 0 90 37 72 101 58 131 45 66 79 39 55 84 68 55 107 99 54 62 94 97 82 114 64 74 85 32 92 17 96 95 101 74 75 109 10 31 52 61 63 82 59 27 95 5 81 68 64 84 61 17 28 91 58 70 95 66 63 10 93 123 
12 60 37 64 44 65 36 44 22 60 85 80 65 69 36 69 31 69 23 48 42 73 41 68 19 25 60 53 10 82 75 55 14 24 40 16 76 46 43 90 0 83 25 20 54 56 52 23 12 53 37 95 46 44 50 35 38 75 55 42 40 41 83 76 15 58 27 82 35 22 57 83 66 36 80 80 46 36 59 27 72 77 20 84 23 56 35 36 29 72 68 19 82 71 38 43 57 85 28 53 
84 62 66 69 63 19 57 42 61 48 53 41 25 29 88 23 95 50 87 35 44 52 42 22 65 64 43 30 93 33 48 59 83 97 43 74 8 38 61 37 83 0 74 86 33 109 31 61 71 32 59 47 44 39 82 78 60 26 65 74 92 94 27 39 72 31 74 20 102 96 73 38 43 89 38 6 63 47 34 65 25 11 80 34 84 39 71 92 55 33 50 76 21 36 73 45 34 43 97 99 
15 73 53 78 58 55 18 32 18 39 93 84 64 70 16 56 21 47 47 46 44 81 33 55 30 12 41 48 28 64 82 68 37 49 32 36 66 36 21 72 25 74 0 44 54 80 44 17 23 42 17 99 51 41 70 56 17 76 70 60 21 64 83 80 33 45 47 69 27 23 73 86 72 59 62 70 22 35 61 41 72 66 42 66 10 61 10 19 21 55 46 40 80 75 56 47 60 65 22 76 
32 48 26 50 33 71 52 54 35 74 76 74 65 67 56 78 51 84 3 51 42 63 50 76 23 41 74 57 25 93 66 45 6 11 48 12 81 56 60 101 20 86 44 0 54 36 58 36 23 62 53 88 44 48 32 19 54 73 43 26 60 21 80 70 15 68 14 91 54 41 42 78 60 16 93 85 63 41 57 22 71 83 7 95 43 53 54 56 41 83 82 10 81 66 23 42 56 98 47 33 
58 33 32 41 30 24 42 27 36 49 40 31 11 16 70 34 74 56 54 8 12 32 23 32 34 42 45 12 64 51 31 29 52 65 23 43 30 24 50 58 54 33 54 54 0 76 17 37 42 25 44 45 11 13 49 45 46 21 35 41 75 60 29 26 41 30 41 43 80 72 42 32 21 56 54 33 53 19 7 32 18 33 47 53 62 10 55 73 33 44 55 44 28 21 39 12 6 60 74 66 
68 52 43 49 46 99 87 86 70 109 80 83 84 83 92 107 86 118 33 77 67 69 81 105 56 76 107 84 59 123 73 52 43 34 80 46 106 87 96 131 56 109 80 36 76 0 86 72 59 92 88 95 65 76 28 31 90 88 47 35 96 17 94 80 50 98 39 119 88 75 41 88 71 23 124 110 99 70 75 48 88 109 39 125 79 70 90 91 75 114 116 42 97 79 36 65 75 130 82 10 
52 49 43 57 43 13 29 12 30 32 57 46 21 29 59 21 65 39 59 10 19 49 11 19 35 33 28 5 62 37 47 45 54 68 12 45 24 9 35 45 52 31 44 58 17 86 0 30 40 8 31 59 24 10 62 54 32 33 50 52 63 69 40 42 43 13 48 33 72 65 57 46 38 64 39 28 38 17 24 38 30 25 51 39 54 27 43 62 24 29 38 48 36 36 50 21 23 45 66 77 
22 56 38 62 42 43 15 21 2 38 75 67 48 54 33 46 37 47 39 30 27 64 19 45 16 6 38 32 32 58 65 51 31 45 18 25 54 24 24 66 23 61 17 36 37 72 30 0 13 31 16 82 34 25 56 43 18 59 54 46 38 55 67 63 21 35 34 59 43 35 58 70 55 49 57 58 27 18 44 27 56 55 32 60 25 43 22 36 6 48 45 29 64 57 42 30 43 62 37 65 
17 52 31 57 36 53 28 33 12 51 75 69 53 58 38 58 37 60 26 36 30 63 29 57 9 17 51 41 22 71 65 47 17 32 28 13 64 35 37 79 12 71 23 23 42 59 40 13 0 42 29 84 35 32 47 33 31 64 48 37 42 42 71 65 10 47 24 71 42 31 51 72 56 37 70 68 39 24 47 19 61 65 20 73 26 45 31 39 18 61 59 17 70 60 33 31 46 75 35 54 
53 57 50 65 50 12 25 10 31 24 64 53 28 37 56 16 63 31 64 18 26 57 12 14 39 32 20 13 63 31 55 53 58 72 13 50 24 7 30 39 53 32 42 62 25 92 8 31 42 0 27 65 31 16 69 60 28 40 58 59 60 75 46 49 46 6 53 29 69 64 65 53 46 70 32 27 32 22 32 43 36 24 56 33 52 35 39 59 25 22 30 53 42 44 56 29 31 38 65 84 
31 69 53 76 57 39 2 18 18 23 84 75 52 60 29 39 36 32 55 36 37 75 20 39 32 12 25 35 43 47 74 64 47 60 21 42 51 22 8 55 37 59 17 53 44 88 31 16 29 27 0 89 44 30 72 59 2 64 68 61 32 71 71 71 38 29 50 52 43 40 73 76 64 65 45 54 11 27 51 42 60 50 49 49 27 52 12 32 15 38 31 46 67 65 58 40 50 49 39 82 
102 43 61 46 56 57 87 71 81 88 15 15 37 29 116 66 119 93 87 53 55 26 68 64 76 87 84 54 106 80 22 44 89 99 68 80 52 68 94 84 95 47 99 88 45 95 59 82 84 65 89 0 49 58 67 72 91 25 49 64 120 85 20 19 80 68 74 67 125 115 54 12 29 83 84 53 97 64 38 68 29 57 82 81 107 39 101 118 78 77 93 80 26 24 66 53 39 90 119 85 
52 26 21 33 19 34 42 31 32 54 41 34 21 23 68 44 70 62 44 13 7 30 26 42 26 39 51 20 57 61 30 21 42 55 25 33 41 29 52 68 46 44 51 44 11 65 24 34 35 31 44 49 0 16 38 34 46 29 26 30 72 49 37 30 32 38 30 54 76 66 33 37 21 44 63 44 55 17 13 22 27 44 37 63 58 10 55 70 31 53 61 34 37 24 28 4 12 69 70 55 
46 42 33 49 34 23 28 15 24 38 54 44 23 29 57 31 61 46 49 5 9 44 10 29 26 29 35 9 54 47 44 37 45 59 9 36 32 13 37 55 44 39 41 48 13 76 10 25 32 16 30 58 16 0 52 44 32 34 42 42 61 59 42 40 33 23 38 43 67 60 48 46 34 54 48 36 40 8 21 28 31 35 42 49 49 22 42 60 20 38 45 38 39 34 40 12 19 54 62 67 
61 24 19 21 19 73 70 65 54 89 52 54 57 55 84 83 82 97 30 51 43 41 59 80 40 62 86 58 57 99 45 24 37 38 58 34 79 64 80 107 50 82 70 32 49 28 62 56 47 69 72 67 38 52 0 14 74 60 18 10 89 19 65 51 37 75 23 93 85 72 13 59 42 19 101 83 83 48 47 29 59 83 29 101 72 42 78 85 57 91 96 30 68 50 14 40 47 107 79 18 
47 30 12 31 17 67 58 55 41 78 59 58 54 54 70 75 67 87 17 45 35 46 50 73 26 49 76 52 43 91 50 27 22 27 48 20 74 55 68 99 35 78 56 19 45 31 54 43 33 60 59 72 34 44 14 0 61 60 24 8 74 15 67 55 23 67 9 87 71 58 23 63 45 11 92 78 70 39 45 17 59 78 15 94 57 41 64 71 45 82 86 16 68 52 6 34 44 98 64 23 
31 71 55 78 59 40 4 19 20 22 86 77 54 61 28 40 36 31 57 38 39 76 22 39 34 13 24 36 44 47 76 66 48 62 22 43 51 23 6 54 38 60 17 54 46 90 32 18 31 28 2 91 46 32 74 61 0 66 70 63 31 73 72 73 40 29 52 52 42 40 75 78 66 67 45 55 9 29 53 44 62 50 51 49 27 54 11 31 17 38 30 47 69 67 60 42 52 48 39 84 
80 37 48 44 43 32 62 46 58 63 27 15 12 6 92 42 96 68 73 29 33 25 43 40 55 64 58 29 86 57 21 36 72 84 43 63 29 43 69 62 75 26 76 73 21 88 33 59 64 40 64 25 29 34 60 60 66 0 42 54 96 75 7 13 61 43 59 45 102 94 49 13 18 71 61 31 72 41 16 51 3 34 66 58 84 20 76 95 54 53 67 63 8 10 54 32 17 67 96 78 
65 6 18 8 12 60 66 56 52 80 34 36 41 37 86 70 85 89 41 39 32 23 51 68 39 60 77 46 65 87 27 6 45 51 50 39 64 55 76 94 55 65 70 43 35 47 50 54 48 58 68 49 26 42 18 24 70 42 0 16 90 36 47 33 40 64 29 79 90 78 7 41 24 34 89 67 79 41 31 29 42 68 37 89 74 26 76 87 53 79 87 36 50 32 19 29 31 95 83 36 
53 22 9 23 10 64 60 55 44 78 51 51 49 48 75 73 73 87 25 42 33 39 49 71 30 52 76 49 50 90 42 20 30 35 48 25 71 54 70 97 42 74 60 26 41 35 52 46 37 59 61 64 30 42 10 8 63 54 16 0 79 21 60 48 27 65 14 84 77 64 15 56 38 18 91 74 73 38 40 19 53 74 22 92 63 35 68 76 47 81 86 22 62 45 4 31 39 97 70 25 
28 94 73 99 78 72 34 51 39 49 114 105 84 91 4 71 12 55 63 67 65 102 52 70 50 32 52 67 37 75 103 89 54 62 52 54 83 54 31 82 40 92 21 60 75 96 63 38 42 60 32 120 72 61 89 74 31 96 90 79 0 81 103 101 51 61 65 82 15 23 93 107 93 76 72 86 30 56 82 61 92 82 60 77 17 82 20 4 41 67 54 58 100 95 75 68 80 74 17 93 
53 42 28 40 31 82 70 69 53 91 71 72 70 69 77 91 72 101 18 60 51 59 64 89 39 60 90 67 45 106 63 41 27 22 62 29 90 70 79 114 41 94 64 21 60 17 69 55 42 75 71 85 49 59 19 15 73 75 36 21 81 0 81 69 33 82 21 102 74 61 32 77 59 5 107 94 82 53 61 31 74 93 22 109 64 56 74 77 57 97 99 25 83 66 21 49 60 113 68 12 
88 42 55 48 50 37 69 53 66 68 26 15 19 13 99 46 104 73 80 36 41 28 50 44 63 71 64 36 93 60 24 41 79 91 50 70 32 49 76 64 83 27 83 80 29 94 40 67 71 46 71 20 37 42 65 67 72 7 47 60 103 81 0 15 69 48 66 47 110 101 54 10 23 78 64 33 78 48 24 58 10 37 73 61 92 27 83 102 62 57 72 70 6 15 61 40 25 70 104 84 
82 28 43 33 38 44 69 54 62 73 15 4 21 13 97 54 100 79 69 34 36 13 50 52 56 68 69 37 86 69 9 28 70 80 50 61 42 51 77 74 76 39 80 70 26 80 42 63 65 49 71 19 30 40 51 55 73 13 33 48 101 69 15 0 61 53 55 57 106 96 39 8 10 66 73 44 80 45 19 49 15 47 63 71 88 19 82 99 59 65 78 61 19 5 49 34 20 79 100 70 
25 44 22 48 28 56 37 38 20 59 70 65 52 55 47 63 45 68 17 37 29 57 34 61 7 26 58 42 25 77 59 40 11 26 33 3 66 40 46 85 15 72 33 15 41 50 43 21 10 46 38 80 32 33 37 23 40 61 40 27 51 33 69 61 0 52 14 75 50 38 42 68 51 27 77 70 49 25 45 12 59 68 10 79 35 42 41 48 25 67 67 7 69 56 23 29 44 82 43 44 
57 63 56 71 56 12 27 14 36 20 68 57 32 40 57 11 65 26 70 24 32 62 18 10 45 36 15 18 67 24 60 59 63 78 19 56 22 12 30 32 58 31 45 68 30 98 13 35 47 6 29 68 38 23 75 67 29 43 64 65 61 82 48 53 52 0 60 24 72 68 71 56 51 76 25 25 32 28 37 50 39 21 62 27 55 40 40 61 29 15 25 59 43 48 63 35 36 31 68 90 
38 34 12 36 18 61 49 47 32 70 61 59 51 53 61 69 59 79 14 39 30 49 42 67 18 40 68 46 36 85 52 30 16 25 41 11 69 48 59 92 27 74 47 14 41 39 48 34 24 53 50 74 30 38 23 9 52 59 29 14 65 21 66 55 14 60 0 81 63 50 29 63 45 16 85 73 61 31 43 10 57 72 8 87 49 39 55 62 36 75 77 8 67 51 10 29 42 91 56 31 
81 76 75 84 74 20 51 38 60 34 72 60 39 45 80 13 88 33 92 42 51 69 41 14 68 60 30 35 92 13 66 73 87 101 43 78 15 36 51 17 82 20 69 91 43 119 33 59 71 29 52 67 54 43 93 87 52 45 79 84 82 102 47 57 75 24 81 0 95 92 86 57 59 97 18 14 52 50 47 71 42 10 84 14 79 52 63 83 53 16 34 81 41 54 82 53 47 23 91 109 
24 94 72 98 78 82 44 60 44 63 117 110 90 97 16 82 6 69 57 73 70 105 60 82 51 38 66 75 29 89 106 89 48 54 59 51 93 63 44 96 35 102 27 54 80 88 72 43 42 69 43 125 76 67 85 71 42 102 90 77 15 74 110 106 50 72 63 95 0 13 92 112 97 70 86 97 44 61 87 61 99 93 55 91 18 86 32 12 48 80 68 55 107 100 73 72 86 88 6 86 
13 82 60 86 66 77 41 54 35 62 106 100 82 88 21 79 11 70 43 65 60 94 53 78 40 32 64 68 16 87 96 78 35 41 53 39 88 58 43 95 22 96 23 41 72 75 65 35 31 64 40 115 66 60 72 58 40 94 78 64 23 61 101 96 38 68 50 92 13 0 80 103 87 57 85 92 44 52 78 49 90 88 43 89 13 76 31 18 40 78 68 42 99 91 60 62 76 88 7 73 
68 11 20 8 16 67 71 62 56 86 39 41 48 44 89 77 88 95 40 46 38 28 57 74 43 64 83 53 66 94 32 13 45 50 56 40 71 61 81 101 57 73 73 42 42 41 57 58 51 65 73 54 33 48 13 23 75 49 7 15 93 32 54 39 42 71 29 86 92 80 0 47 31 31 96 74 84 46 38 32 49 75 37 96 77 33 80 90 58 86 93 37 57 38 19 36 38 102 85 31 
89 35 51 40 46 45 74 58 68 76 15 5 24 16 103 55 107 82 77 40 42 19 55 53 64 74 72 41 94 70 15 36 78 88 55 69 42 55 82 74 83 38 86 78 32 88 46 70 72 53 76 12 37 46 59 63 78 13 41 56 107 77 10 8 68 56 63 57 112 103 47 0 18 74 74 43 84 51 25 57 16 47 71 71 95 26 88 106 65 66 81 69 16 12 57 41 26 80 106 78 
73 19 33 26 28 42 62 48 54 70 20 13 20 14 89 53 91 77 59 29 28 11 44 51 47 61 66 33 77 69 9 18 60 70 44 51 43 46 71 75 66 43 72 60 21 71 38 55 56 46 64 29 21 34 42 45 66 18 24 38 93 59 23 10 51 51 45 59 97 87 31 18 0 56 73 46 74 37 14 39 18 48 53 71 79 12 75 91 52 63 76 51 26 7 39 25 15 79 91 61 
48 40 23 39 28 77 64 63 47 86 69 69 65 65 72 85 67 95 13 55 46 57 58 83 33 54 84 62 41 101 60 38 22 19 57 23 85 64 73 109 36 89 59 16 56 23 64 49 37 70 65 83 44 54 19 11 67 71 34 18 76 5 78 66 27 76 16 97 70 57 31 74 56 0 101 89 76 48 56 26 70 88 16 103 59 52 68 72 52 91 93 19 80 63 17 44 56 107 63 17 
76 87 82 95 82 30 45 38 58 23 88 76 52 60 70 19 80 18 94 49 58 83 43 21 69 56 20 42 88 5 81 83 87 102 44 80 32 37 42 10 80 38 62 93 54 124 39 57 70 32 45 84 63 48 101 92 45 61 89 91 72 107 64 73 77 25 85 18 86 85 96 74 73 101 0 31 42 53 59 75 58 27 87 5 72 63 54 74 52 10 18 83 58 68 88 60 59 6 83 116 
80 64 66 72 64 15 52 37 58 42 58 46 27 32 83 16 91 44 86 34 43 56 39 16 63 59 37 27 90 27 52 61 82 96 40 73 4 34 55 31 80 6 70 85 33 110 28 58 68 27 54 53 44 36 83 78 55 31 67 74 86 94 33 44 70 25 73 14 97 92 74 43 46 89 31 0 57 44 36 64 29 5 78 28 80 41 66 87 52 26 43 75 27 40 73 44 36 37 92 100 
38 80 64 87 68 44 13 25 29 19 94 84 60 68 28 41 38 25 65 45 47 84 29 41 43 22 22 43 50 45 84 75 57 70 30 52 54 29 3 52 46 63 22 63 53 99 38 27 39 32 11 97 55 40 83 70 9 72 79 73 30 82 78 80 49 32 61 52 44 44 84 84 74 76 42 57 0 38 60 54 68 52 59 47 31 62 12 32 26 36 24 56 74 74 69 50 59 44 41 93 
39 42 29 49 31 30 25 16 17 40 57 49 29 35 51 37 55 49 42 12 9 47 11 35 18 23 38 17 46 53 47 37 37 51 9 28 40 16 35 61 36 47 35 41 19 70 17 18 24 22 27 64 17 8 48 39 29 41 41 38 56 53 48 45 25 28 31 50 61 52 46 51 37 48 53 44 38 0 26 21 38 42 34 55 43 25 38 54 14 43 47 31 47 39 35 12 24 59 55 62 
64 28 32 36 29 29 49 35 43 56 33 23 9 10 77 40 81 63 57 15 17 25 31 37 39 49 52 19 70 57 23 25 55 68 30 46 32 32 58 63 59 34 61 57 7 75 24 44 47 32 51 38 13 21 47 45 53 16 31 40 82 61 24 19 45 37 43 47 87 78 38 25 14 56 59 36 60 26 0 35 14 37 50 58 69 5 63 80 40 50 62 47 24 13 39 16 1 66 81 65 
36 33 11 37 17 51 41 37 25 60 58 53 43 45 57 59 56 69 22 30 20 45 32 57 11 33 59 36 37 75 47 28 20 33 31 12 60 38 51 82 27 65 41 22 32 48 38 27 19 43 42 68 22 28 29 17 44 51 29 19 61 31 58 49 12 50 10 71 61 49 32 57 39 26 75 64 54 21 35 0 49 63 15 77 45 31 49 58 28 65 68 12 59 45 15 20 34 81 54 41 
77 37 46 44 42 29 58 42 55 60 30 18 8 4 88 39 93 65 71 25 30 27 40 37 53 60 55 25 83 54 23 35 69 82 40 60 26 39 66 59 72 25 72 71 18 88 30 56 61 36 60 29 27 31 59 59 62 3 42 53 92 74 10 15 59 39 57 42 99 90 49 16 18 70 58 29 68 38 14 49 0 32 64 55 81 18 72 91 51 50 64 61 10 11 53 29 15 64 93 78 
77 66 66 73 64 12 48 34 55 37 61 49 28 35 79 12 87 39 84 33 42 58 36 11 61 56 32 26 87 23 55 62 80 94 37 71 5 31 51 27 77 11 66 83 33 109 25 55 65 24 50 57 44 35 83 78 50 34 68 74 82 93 37 47 68 21 72 10 93 88 75 47 48 88 27 5 52 42 37 63 32 0 77 24 76 42 62 82 49 21 38 73 31 43 73 44 37 33 89 100 
32 42 20 45 26 65 48 49 31 70 70 67 58 60 56 72 52 79 7 44 35 57 44 70 17 37 69 50 28 87 60 39 7 18 43 7 74 50 57 95 20 80 42 7 47 39 51 32 20 56 49 82 37 42 29 15 51 66 37 22 60 22 73 63 10 62 8 84 55 43 37 71 53 16 87 78 59 34 50 15 64 77 0 89 43 46 51 56 36 77 78 3 74 59 18 35 49 92 49 33 
80 87 82 94 82 29 49 40 61 28 85 73 51 58 75 18 85 23 97 50 58 82 45 21 72 59 25 43 92 2 79 83 90 105 46 82 29 39 47 5 84 34 66 95 53 125 39 60 73 33 49 81 63 49 101 94 49 58 89 92 77 109 61 71 79 27 87 14 91 89 96 71 71 103 5 28 47 55 58 77 55 24 89 0 76 63 59 79 55 12 24 86 55 66 89 61 58 9 88 117 
11 78 57 83 62 65 28 42 26 49 100 92 72 79 13 66 12 56 46 55 52 88 42 65 34 21 51 57 22 74 89 73 37 46 42 37 76 46 30 81 23 84 10 43 62 79 54 25 26 52 27 107 58 49 72 57 27 84 74 63 17 64 92 88 35 55 49 79 18 13 77 95 79 59 72 80 31 43 69 45 81 76 43 76 0 68 18 13 30 65 55 41 89 82 58 54 68 75 12 76 
63 24 28 31 24 34 50 36 42 59 32 24 14 14 77 44 80 66 53 17 16 22 32 42 37 49 55 22 67 61 21 20 52 64 31 43 37 34 59 68 56 39 61 53 10 70 27 43 45 35 52 39 10 22 42 41 54 20 26 35 82 56 27 19 42 40 39 52 86 76 33 26 12 52 63 41 62 25 5 31 18 42 46 63 68 0 63 80 40 54 65 43 28 14 35 14 5 70 80 60 
26 78 60 84 64 51 14 30 24 31 95 86 64 71 17 50 26 38 57 47 47 85 32 50 38 16 34 47 38 57 85 73 47 60 32 45 63 34 12 64 35 71 10 54 55 90 43 22 31 39 12 101 55 42 78 64 11 76 76 68 20 74 83 82 41 40 55 63 32 31 80 88 75 68 54 66 12 38 63 49 72 62 51 59 18 63 0 20 23 48 37 49 80 76 64 50 61 57 29 85 
24 91 70 96 75 72 34 50 37 51 112 104 83 89 4 71 7 57 59 65 63 100 51 71 47 31 54 66 33 77 101 86 50 58 51 50 83 54 32 84 36 92 19 56 73 91 62 36 39 59 32 118 70 60 85 71 31 95 87 76 4 77 102 99 48 61 62 83 12 18 90 106 91 72 74 87 32 54 80 58 91 82 56 79 13 80 20 0 40 68 56 54 99 94 72 66 79 76 12 89 
28 55 38 61 42 37 13 15 6 34 72 63 43 49 37 40 41 43 43 25 24 61 13 39 18 9 33 27 38 53 61 50 35 50 12 29 48 18 23 61 29 55 21 41 33 75 24 6 18 25 15 78 31 20 57 45 17 54 53 47 41 57 62 59 25 29 36 53 48 40 58 65 52 52 52 52 26 14 40 28 51 49 36 55 30 40 23 40 0 43 41 32 59 53 43 26 38 57 42 68 
68 78 72 85 72 21 37 28 49 18 80 68 44 52 64 11 74 17 85 39 48 74 33 13 60 47 14 33 80 9 72 73 78 93 34 71 25 27 36 17 72 33 55 83 44 114 29 48 61 22 38 77 53 38 91 82 38 53 79 81 67 97 57 65 67 15 75 16 80 78 86 66 63 91 10 26 36 43 50 65 50 21 77 12 65 54 48 68 43 0 17 74 51 60 78 50 49 16 77 106 
61 87 76 94 78 35 31 31 47 7 93 82 57 65 52 27 62 1 84 48 55 87 36 28 60 42 10 43 74 22 85 82 77 91 38 70 42 32 25 28 68 50 46 82 55 116 38 45 59 30 31 93 61 45 96 86 30 67 87 86 54 99 72 78 67 25 77 34 68 68 93 81 76 93 18 43 24 47 62 68 64 38 78 24 55 65 37 56 41 17 0 74 67 73 83 57 61 20 66 109 
31 41 19 44 25 61 44 45 27 66 68 65 55 57 54 68 51 76 11 41 32 56 40 67 14 34 65 47 28 83 58 37 8 21 39 4 71 46 54 91 19 76 40 10 44 42 48 29 17 53 46 80 34 38 30 16 47 63 36 22 58 25 70 61 7 59 8 81 55 42 37 69 51 19 83 75 56 31 47 12 61 73 3 86 41 43 49 54 32 74 74 0 71 57 18 32 46 89 48 36 
86 46 56 52 52 32 65 49 63 63 32 20 17 14 96 40 101 68 81 34 40 33 47 38 62 68 59 32 93 54 29 44 79 92 48 70 26 45 72 58 82 21 80 81 28 97 36 64 70 42 67 26 37 39 68 68 69 8 50 62 100 83 6 19 69 43 67 41 107 99 57 16 26 80 58 27 74 47 24 59 10 31 74 55 89 28 80 99 59 51 67 71 0 18 62 39 25 64 102 87 
77 27 40 33 35 39 63 48 56 68 20 10 16 8 91 49 94 74 65 29 30 15 44 47 51 63 63 31 81 65 12 26 65 76 44 57 38 45 71 70 71 36 75 66 21 79 36 57 60 44 65 24 24 34 50 52 67 10 32 45 95 66 15 5 56 48 51 54 100 91 38 12 7 63 68 40 74 39 13 45 11 43 59 66 82 14 76 94 53 60 73 57 18 0 46 28 15 74 94 68 
49 25 7 26 11 62 56 51 40 75 53 52 49 48 71 71 69 84 21 40 31 41 46 69 26 48 73 47 46 87 44 22 26 32 45 21 69 51 66 95 38 73 56 23 39 36 50 42 33 56 58 66 28 40 14 6 60 54 19 4 75 21 61 49 23 63 10 82 73 60 19 57 39 17 88 73 69 35 39 15 53 73 18 89 58 35 64 72 43 78 83 18 62 46 0 29 39 94 66 27 
48 30 22 37 21 33 38 27 28 50 45 38 23 26 63 42 66 59 42 11 3 34 22 40 23 35 47 18 53 59 35 25 40 53 21 31 40 25 47 66 43 45 47 42 12 65 21 30 31 29 40 53 4 12 40 34 42 32 29 31 68 49 40 34 29 35 29 53 72 62 36 41 25 44 60 44 50 12 16 20 29 44 35 61 54 14 50 66 26 50 57 32 39 28 29 0 14 66 65 56 
63 29 32 36 29 29 48 33 41 55 34 25 9 11 76 39 80 62 56 14 16 26 29 37 38 48 51 18 68 56 24 25 54 67 29 45 32 31 56 63 57 34 60 56 6 75 23 43 46 31 50 39 12 19 47 44 52 17 31 39 80 60 25 20 44 36 42 47 86 76 38 26 15 56 59 36 59 24 1 34 15 37 49 58 68 5 61 79 38 49 61 46 25 15 39 14 0 65 80 65 
80 94 88 101 88 36 49 43 63 25 94 82 59 66 72 25 82 19 100 55 64 90 48 28 75 60 24 49 92 10 87 89 93 107 50 85 38 43 45 10 85 43 65 98 60 130 45 62 75 38 49 90 69 54 107 98 48 67 95 97 74 113 70 79 82 31 91 23 88 88 102 80 79 107 6 37 44 59 66 81 64 33 92 9 75 70 57 76 57 16 20 89 64 74 94 66 65 0 86 122 
18 87 65 92 71 77 40 55 38 60 111 104 85 91 15 78 5 67 50 67 64 99 55 78 44 33 63 69 23 86 100 83 42 48 54 45 89 58 41 93 28 97 22 47 74 82 66 37 35 65 39 119 70 62 79 64 39 96 83 70 17 68 104 100 43 68 56 91 6 7 85 106 91 63 83 92 41 55 81 54 93 89 49 88 12 80 29 12 42 77 66 48 102 94 66 65 80 86 0 80 
65 42 34 39 36 90 81 78 64 101 70 72 75 73 89 99 84 110 30 68 58 59 73 96 49 71 100 75 57 115 63 42 39 33 72 40 96 79 90 123 53 99 76 33 66 10 77 65 54 84 82 85 55 67 18 23 84 78 36 25 93 12 84 70 44 90 31 109 86 73 31 78 61 17 116 100 93 62 65 41 78 100 33 117 76 60 85 89 68 106 109 36 87 68 27 56 65 122 80 0 
8 5 10 20 15 16 8 6 20 2 13 3 18 17 20 8 9 18 17 6 7 12 1 3 8 15 2 13 7 9 7 18 6 14 14 9 9 7 18 10 13 8 3 9 19 15 9 11 1 12 17 10 8 5 8 18 9 10 13 15 4 8 19 3 4 6 20 2 9 4 3 12 12 10 13 7 4 13 10 17 10 2 5 11 7 7 7 16 5 18 11 20 9 19 15 13 13 13 3 8 
120 120 120 120 120 120 120 120 120 120 120 120 120 120 120 120 120 120 120 120 120 120 120 120 120 120 120 120 120 120 120 120 120 120 120 120 120 120 120 120 120 120 120 120 120 120 120 120 120 120 120 120 120 120 120 120 120 120 120 120 120 120 120 120 120 120 120 120 120 120 120 120 120 120 120 120 120 120 120 120 120 120 120 120 120 120 120 120 120 120 120 120 120 120 120 120 120 120 120 120 