4 15 100 10 21
0 89 40 27 108 32 69 78 67 90 10 59 95 18 81 59 71 16 58 29 83 34 68 73 61 57 27 30 54 72 23 69 7 76 55 53 39 73 78 41 51 27 59 87 17 77 53 90 18 92 89 88 48 84 22 106 12 54 42 86 89 59 68 37 47 95 53 109 86 83 34 67 41 93 28 75 65 84 50 84 81 50 67 82 69 54 63 83 42 32 108 76 71 84 75 54 77 109 70 75 
89 0 50 97 53 62 34 18 25 70 82 42 47 93 93 50 29 82 40 82 32 92 23 29 41 35 65 61 38 42 67 50 96 32 73 101 78 65 97 57 79 62 30 28 73 66 49 86 81 27 80 45 44 15 69 58 78 64 47 111 91 78 51 78 45 15 67 40 8 110 93 25 55 14 63 16 91 7 93 96 12 40 77 19 51 37 104 99 92 79 58 20 105 50 21 39 65 50 28 96 
40 50 0 54 80 21 31 41 27 74 34 23 68 47 79 38 38 32 20 42 51 53 28 33 33 22 14 11 20 46 19 47 46 38 51 69 44 59 80 15 53 13 20 48 24 63 20 81 36 58 78 61 18 44 23 80 28 43 10 92 83 57 47 43 17 58 45 75 46 90 54 30 22 56 18 36 68 44 62 83 41 10 61 42 48 19 76 84 57 41 82 36 81 60 38 14 62 79 30 77 
27 97 54 0 100 35 85 81 79 76 24 77 88 8 58 53 71 43 74 15 80 9 79 87 59 62 46 47 59 68 34 61 30 92 38 27 23 59 54 61 32 42 69 101 32 63 72 71 18 90 72 81 53 95 30 96 33 42 51 60 68 40 60 22 52 98 40 105 95 57 8 72 42 96 35 81 42 93 25 62 92 62 49 94 61 60 37 59 17 18 99 88 45 76 78 68 63 102 84 51 
108 53 80 100 0 76 83 43 68 32 98 86 12 101 64 48 42 109 83 85 28 92 67 79 47 57 92 89 59 35 85 39 115 84 62 89 77 42 70 93 70 86 64 81 92 39 91 50 92 27 43 19 62 68 85 6 99 57 71 82 56 63 40 78 64 39 59 17 61 83 93 52 67 40 80 51 71 59 84 65 64 74 57 72 39 60 87 69 87 82 5 70 84 23 44 77 40 5 76 71 
32 62 21 35 76 0 51 47 43 62 22 44 63 31 61 28 39 34 41 21 51 33 44 53 29 27 22 20 24 41 9 38 39 58 32 48 23 45 60 33 32 14 33 66 16 49 41 66 19 60 63 56 18 60 9 74 23 27 15 72 67 38 37 21 17 65 28 77 60 70 34 37 9 63 5 46 48 58 41 65 56 28 44 59 38 25 55 65 36 20 77 52 60 53 44 34 48 77 49 58 
69 34 31 85 83 51 0 40 15 89 64 10 74 79 103 57 44 57 11 73 56 84 16 5 49 35 42 39 36 57 51 63 75 7 77 99 74 78 105 29 80 43 23 18 54 81 17 101 67 56 96 69 39 21 55 86 57 68 36 118 105 83 63 73 39 48 71 72 27 117 85 33 49 47 50 32 95 27 91 107 22 23 85 17 64 34 105 108 87 71 87 14 108 71 39 17 80 80 7 103 
78 18 41 81 43 47 40 0 25 52 69 43 34 78 74 31 10 74 40 66 16 76 24 36 23 21 56 52 24 23 54 31 85 41 55 83 61 46 78 53 61 51 23 41 61 48 48 68 66 17 62 30 29 28 56 46 67 46 35 92 72 60 32 61 31 17 49 34 22 91 77 11 39 15 50 8 72 20 75 77 23 33 58 31 32 23 86 80 75 63 47 27 86 33 3 35 47 41 33 77 
67 25 27 79 68 43 15 25 0 74 61 18 59 73 90 43 29 58 15 65 41 76 1 12 35 21 41 37 23 43 46 48 73 18 65 89 64 64 92 32 69 40 10 23 51 66 25 87 61 42 81 54 28 17 49 71 55 55 27 106 90 70 49 63 28 36 58 59 19 104 77 18 39 34 43 17 83 18 81 93 14 17 72 15 50 22 94 95 78 63 72 9 97 55 24 14 65 66 8 90 
90 70 74 76 32 62 89 52 74 0 81 89 25 79 32 36 44 96 85 64 37 67 73 86 41 55 82 80 56 31 72 27 97 92 37 60 53 17 38 89 43 75 66 93 78 13 91 18 73 44 11 24 56 81 70 26 84 36 64 50 24 36 27 55 57 59 37 46 75 51 68 55 54 58 67 59 41 72 56 33 76 72 28 83 26 57 57 37 61 60 29 79 52 20 52 77 13 36 82 39 
10 82 34 24 98 22 64 69 61 81 0 55 85 15 72 49 62 20 53 21 73 28 62 67 51 48 23 25 45 63 15 59 16 71 45 47 30 63 70 38 42 21 52 82 10 68 50 81 9 82 80 78 39 78 13 96 9 44 34 78 80 50 58 28 38 87 43 99 79 75 28 58 31 85 19 67 57 77 42 76 75 44 57 76 59 46 57 75 35 23 99 70 64 75 66 48 67 99 64 67 
59 42 23 77 86 44 10 43 18 89 55 0 76 70 100 55 46 47 4 66 58 77 20 15 48 33 32 30 33 58 42 62 65 17 72 92 67 76 101 19 75 35 23 28 45 79 7 99 59 61 95 71 35 30 47 88 48 64 30 114 102 78 62 66 35 55 66 78 35 112 77 35 44 53 42 36 91 35 85 104 30 18 82 26 63 32 99 105 81 64 90 22 103 72 41 12 78 84 14 99 
95 47 68 88 12 63 74 34 59 25 85 76 0 88 56 36 30 96 72 73 18 80 58 70 35 45 80 77 47 22 73 26 102 75 51 79 64 32 61 81 58 73 53 74 80 30 80 44 79 20 37 7 50 61 72 12 86 45 59 75 50 52 27 65 51 35 47 21 54 75 81 41 54 34 68 42 62 52 73 58 56 62 47 64 26 48 78 62 76 69 14 61 75 11 35 66 30 14 67 62 
18 93 47 8 101 31 79 78 73 79 15 70 88 0 64 53 69 34 68 15 79 16 74 81 57 58 38 40 55 67 27 62 22 86 42 35 25 62 61 53 36 35 64 95 25 66 65 76 12 89 76 81 49 90 24 98 24 43 46 68 74 44 61 24 48 96 42 105 91 65 16 68 38 93 30 77 48 89 32 68 87 57 53 89 61 56 45 66 24 19 101 82 53 77 75 62 65 102 78 58 
81 93 79 58 64 61 103 74 90 32 72 100 56 64 0 46 64 92 96 51 62 49 89 102 54 68 83 81 67 51 69 43 86 108 28 35 42 28 6 93 30 75 79 112 74 27 99 16 63 72 21 53 64 101 66 58 79 35 70 18 11 23 42 44 64 85 33 77 97 19 49 72 57 84 65 79 16 94 34 4 96 81 17 102 41 68 28 5 41 49 61 97 21 47 73 88 28 68 98 8 
59 50 38 53 48 28 57 31 43 36 49 55 36 53 46 0 20 62 50 38 26 46 43 56 8 21 47 44 21 14 37 10 66 61 23 51 31 21 48 53 29 39 33 66 44 25 56 44 43 37 40 29 20 55 37 46 51 14 28 62 47 28 9 31 21 47 17 52 52 61 47 27 19 45 32 34 41 49 44 50 50 37 29 56 10 22 54 51 45 35 49 50 55 25 29 43 24 50 51 47 
71 29 38 71 42 39 44 10 29 44 62 46 30 69 64 20 0 69 42 56 13 66 28 41 13 15 51 48 18 13 47 21 78 47 44 72 51 36 67 51 50 46 23 49 54 38 49 59 58 20 53 25 22 37 48 43 60 35 30 82 63 49 21 51 24 27 38 38 32 81 67 11 31 25 43 15 61 29 65 67 32 31 48 39 22 18 75 70 65 53 44 34 76 26 8 35 37 41 38 66 
16 82 32 43 109 34 57 74 58 96 20 47 96 34 92 62 69 0 46 41 82 49 59 61 61 53 18 21 50 74 24 72 19 64 64 68 50 79 90 28 62 23 52 75 18 84 40 99 29 89 97 89 46 74 26 108 13 60 38 99 99 69 72 48 45 90 61 107 77 96 49 62 42 88 29 69 77 76 63 96 73 42 76 71 72 50 78 95 56 43 110 66 85 87 71 44 83 109 59 87 
58 40 20 74 83 41 11 40 15 85 53 4 72 68 96 50 42 46 0 62 54 74 17 15 44 29 31 28 29 54 40 58 64 18 69 89 64 72 97 18 71 32 19 29 43 75 9 95 56 57 91 67 31 29 44 85 46 60 26 110 98 74 58 63 31 52 62 74 33 108 74 31 40 50 39 32 87 33 82 100 28 14 78 25 59 28 96 101 77 61 86 21 100 68 38 8 74 81 13 95 
29 82 42 15 85 21 73 66 65 64 21 66 73 15 51 38 56 41 62 0 65 11 66 75 43 47 38 38 44 52 24 47 34 80 26 28 10 46 49 52 22 31 55 88 25 51 62 61 12 75 61 66 38 81 19 82 28 28 37 57 60 30 46 8 37 83 26 90 81 55 12 57 27 81 23 66 36 78 22 55 77 50 38 80 46 45 37 54 15 3 85 74 43 62 63 55 50 87 71 46 
83 32 51 80 28 51 56 16 41 37 73 58 18 79 62 26 13 82 54 65 0 73 40 52 21 29 64 61 31 13 59 21 90 57 48 77 58 34 66 64 55 58 36 57 66 34 62 53 68 11 47 13 35 44 60 30 73 40 43 80 58 51 22 58 36 23 43 26 38 80 74 23 41 22 54 24 63 35 70 65 39 45 48 47 22 31 78 68 71 61 31 43 77 17 17 48 34 27 49 66 
34 92 53 9 92 33 84 76 76 67 28 77 80 16 49 46 66 49 74 11 73 0 77 86 53 57 48 48 55 60 34 54 38 91 30 19 15 50 45 62 23 42 66 99 35 54 73 61 20 84 62 73 49 92 30 88 37 34 48 52 59 31 53 15 48 93 32 98 91 49 1 67 37 91 34 76 32 89 16 52 88 61 39 92 53 56 29 50 8 13 91 85 37 68 73 67 54 94 82 42 
68 23 28 79 67 44 16 24 1 73 62 20 58 74 89 43 28 59 17 66 40 77 0 13 35 21 42 39 23 42 47 48 75 18 65 89 64 63 92 33 69 41 11 23 52 66 26 86 62 41 81 53 28 16 50 70 56 55 28 106 90 70 48 63 29 35 58 57 18 104 78 18 39 33 44 16 83 17 81 93 13 18 72 14 49 22 94 95 79 63 71 8 97 55 23 15 65 65 9 90 
73 29 33 87 79 53 5 36 12 86 67 15 70 81 102 56 41 61 15 75 52 86 13 0 48 34 46 43 35 55 53 61 79 5 77 100 75 76 104 33 80 46 22 14 57 79 22 99 69 52 94 65 39 15 57 82 61 67 37 118 103 82 61 74 39 43 70 67 21 116 87 31 50 42 52 28 95 22 92 106 17 25 84 11 62 33 106 107 89 73 83 9 108 67 35 19 78 76 4 102 
61 41 33 59 47 29 49 23 35 41 51 48 35 57 54 8 13 61 44 43 21 53 35 48 0 14 45 42 15 12 38 14 68 53 32 59 38 28 57 48 37 38 26 58 45 31 50 52 46 31 47 28 15 46 38 47 51 22 24 71 55 37 14 38 17 40 26 48 43 70 54 18 20 38 33 26 49 40 52 58 42 31 37 48 15 16 63 60 52 40 49 42 64 26 20 36 30 48 43 55 
57 35 22 62 57 27 35 21 21 55 48 33 45 58 68 21 15 53 29 47 29 57 21 34 14 0 36 32 3 25 33 28 64 40 43 68 44 43 70 36 47 30 11 45 40 46 36 66 46 36 61 39 9 35 35 58 46 33 15 84 69 48 28 43 10 38 36 53 34 82 58 10 20 36 29 19 61 31 60 72 31 17 50 36 29 2 73 73 58 44 60 30 75 39 17 22 45 56 30 68 
27 65 14 46 92 22 42 56 41 82 23 32 80 38 83 47 51 18 31 38 64 48 42 46 45 36 0 3 33 57 14 57 33 49 54 66 43 66 82 15 54 8 34 60 13 70 26 88 28 72 85 73 29 57 18 92 15 49 21 93 89 60 56 41 28 72 50 89 60 91 48 44 28 70 17 51 70 59 60 87 55 24 66 55 57 33 74 87 53 38 94 49 80 71 53 27 69 92 43 79 
30 61 11 47 89 20 39 52 37 80 25 30 77 40 81 44 48 21 28 38 61 48 39 43 42 32 3 0 29 54 14 54 36 46 53 66 42 64 81 14 53 6 31 57 15 68 25 86 29 68 83 70 26 54 18 89 18 47 18 92 87 58 54 41 25 69 48 86 57 90 49 41 26 67 16 48 69 55 59 85 52 21 64 52 55 29 74 85 54 38 91 46 80 68 49 24 67 89 40 78 
54 38 20 59 59 24 36 24 23 56 45 33 47 55 67 21 18 50 29 44 31 55 23 35 15 3 33 29 0 26 30 29 61 41 41 66 41 43 69 34 45 27 12 47 37 46 35 66 43 38 61 41 6 38 32 60 43 32 12 82 69 47 29 41 7 41 35 56 36 81 56 13 17 39 26 22 60 34 58 71 33 16 49 38 30 1 71 72 56 41 62 31 73 40 21 21 45 59 31 67 
72 42 46 68 35 41 57 23 43 31 63 58 22 67 51 14 13 74 54 52 13 60 42 55 12 25 57 54 26 0 50 8 80 61 35 64 45 23 55 60 42 50 35 63 57 24 61 45 57 24 39 15 28 50 50 34 63 27 36 69 49 38 9 45 29 35 30 37 46 68 61 24 31 34 45 29 50 43 57 54 45 42 36 53 9 27 65 57 58 49 36 48 64 14 22 47 24 36 51 54 
23 67 19 34 85 9 51 54 46 72 15 42 73 27 69 37 47 24 40 24 59 34 47 53 38 33 14 14 30 50 0 48 30 58 41 52 29 55 68 28 40 7 37 67 7 59 38 75 16 68 73 66 25 63 4 84 13 36 19 79 76 46 47 27 23 72 37 85 64 76 35 43 18 70 5 51 56 62 45 73 60 29 53 61 48 31 60 73 39 23 87 55 66 63 51 34 58 86 50 65 
69 50 47 61 39 38 63 31 48 27 59 62 26 62 43 10 21 72 58 47 21 54 48 61 14 28 57 54 29 8 48 0 76 67 27 56 38 15 46 62 34 49 39 70 54 17 64 38 53 32 33 19 29 58 47 36 61 19 37 61 42 30 1 39 30 44 22 44 53 60 55 30 29 42 43 36 42 50 49 46 53 45 27 60 1 30 57 49 50 43 39 54 56 15 29 50 17 40 57 46 
7 96 46 30 115 39 75 85 73 97 16 65 102 22 86 66 78 19 64 34 90 38 75 79 68 64 33 36 61 80 30 76 0 82 61 57 44 79 83 46 56 34 66 93 24 84 58 96 24 99 95 95 55 90 30 113 18 60 49 90 95 64 75 43 54 102 60 116 92 87 38 74 48 100 35 82 70 91 54 89 88 57 73 88 76 61 67 88 46 37 116 82 75 91 82 60 83 116 76 79 
76 32 38 92 84 58 7 41 18 92 71 17 75 86 108 61 47 64 18 80 57 91 18 5 53 40 49 46 41 61 58 67 82 0 82 105 80 82 110 36 86 50 28 11 61 84 24 105 74 57 100 71 45 17 62 87 64 73 42 124 109 88 67 79 45 47 76 72 24 122 92 36 55 46 56 33 101 25 98 112 20 30 90 13 68 39 111 113 94 78 88 14 114 73 40 24 84 81 10 108 
55 73 51 38 62 32 77 55 65 37 45 72 51 42 28 23 44 64 69 26 48 30 65 77 32 43 54 53 41 35 41 27 61 82 0 29 16 20 28 65 7 46 54 88 46 24 72 35 37 59 34 45 37 78 38 58 51 9 42 41 35 5 26 18 37 70 6 70 75 39 30 50 29 68 37 58 18 72 22 32 73 54 12 79 26 43 31 32 25 23 61 73 32 39 52 61 24 65 72 26 
53 101 69 27 89 48 99 83 89 60 47 92 79 35 35 51 72 68 89 28 77 19 89 100 59 68 66 66 66 64 52 56 57 105 29 0 25 47 30 80 22 59 78 113 53 50 89 50 39 88 53 73 60 104 48 85 56 37 62 33 46 26 55 26 60 99 34 99 102 30 19 76 49 97 50 85 20 99 7 38 99 75 32 104 55 67 10 34 12 28 88 98 18 67 80 81 50 93 95 27 
39 78 44 23 77 23 74 61 64 53 30 67 64 25 42 31 51 50 64 10 58 15 64 75 38 44 43 42 41 45 29 38 44 80 16 25 0 36 40 56 12 36 53 88 32 41 65 51 21 68 51 58 36 79 25 73 37 19 37 50 50 19 37 2 35 78 17 82 78 47 16 53 25 76 26 62 27 75 17 46 75 50 28 79 38 43 32 45 14 7 76 73 37 53 58 56 40 79 71 37 
73 65 59 59 42 45 78 46 64 17 63 76 32 62 28 21 36 79 72 46 34 50 63 76 28 43 66 64 43 23 55 15 79 82 20 47 36 0 32 74 27 58 54 85 61 4 77 23 55 44 19 27 41 73 53 38 67 19 49 46 26 21 15 38 42 58 20 53 69 46 51 46 38 56 50 52 30 66 41 31 68 58 15 75 14 44 46 33 45 43 41 70 43 21 45 64 3 45 72 31 
78 97 80 54 70 60 105 78 92 38 70 101 61 61 6 48 67 90 97 49 66 45 92 104 57 70 82 81 69 55 68 46 83 110 28 30 40 32 0 93 28 74 81 115 72 32 100 22 61 76 27 58 65 104 64 64 77 36 71 14 17 22 46 42 66 90 34 83 100 13 45 75 57 89 65 83 13 97 29 7 99 83 19 105 45 70 22 5 37 47 67 99 15 52 76 89 32 74 100 3 
41 57 15 61 93 33 29 53 32 89 38 19 81 53 93 53 51 28 18 52 64 62 33 33 48 36 15 14 34 60 28 62 46 36 65 80 56 74 93 0 66 20 30 47 28 78 12 96 43 70 93 75 33 47 32 94 30 58 25 106 98 71 62 54 32 67 60 87 51 103 63 42 36 65 29 46 82 50 73 98 46 19 76 44 63 33 88 98 68 52 96 39 93 74 50 18 77 92 31 91 
51 79 53 32 70 32 80 61 69 43 42 75 58 36 30 29 50 62 71 22 55 23 69 80 37 47 54 53 45 42 40 34 56 86 7 22 12 27 28 66 0 46 58 93 44 31 73 39 33 66 39 52 41 83 36 65 49 15 44 39 38 8 33 14 41 76 12 78 80 37 24 55 31 75 37 64 16 78 15 34 78 57 16 83 33 47 25 33 17 19 68 77 28 46 58 63 31 72 76 25 
27 62 13 42 86 14 43 51 40 75 21 35 73 35 75 39 46 23 32 31 58 42 41 46 38 30 8 6 27 50 7 49 34 50 46 59 36 58 74 20 46 0 32 61 11 62 30 80 23 66 77 66 23 57 12 85 15 41 15 86 81 52 49 34 21 68 42 84 58 83 43 40 20 66 9 47 62 57 53 79 54 23 58 55 50 28 67 79 47 31 87 49 73 64 48 27 61 86 43 72 
59 30 20 69 64 33 23 23 10 66 52 23 53 64 79 33 23 52 19 55 36 66 11 22 26 11 34 31 12 35 37 39 66 28 54 78 53 54 81 30 58 32 0 34 42 57 26 78 52 40 73 48 17 26 40 66 47 45 18 95 81 60 40 52 17 38 48 57 27 94 67 12 28 36 34 17 72 25 70 83 23 10 62 26 41 11 83 85 68 52 67 19 86 49 20 12 56 63 18 80 
87 28 48 101 81 66 18 41 23 93 82 28 74 95 112 66 49 75 29 88 57 99 23 14 58 45 60 57 47 63 67 70 93 11 88 113 88 85 115 47 93 61 34 0 71 87 35 108 83 54 102 71 52 13 71 85 75 79 51 129 112 94 70 87 52 43 82 68 20 128 100 39 63 42 66 34 107 22 105 116 18 38 95 10 71 45 118 118 102 86 85 15 120 74 41 33 87 78 17 113 
17 73 24 32 92 16 54 61 51 78 10 45 80 25 74 44 54 18 43 25 66 35 52 57 45 40 13 15 37 57 7 54 24 61 46 53 32 61 72 28 44 11 42 71 0 65 40 80 14 75 79 73 31 68 8 91 6 42 25 82 81 51 54 30 30 78 42 92 69 80 35 50 25 76 12 58 59 67 47 78 65 34 58 66 55 37 62 77 41 26 94 60 68 70 58 38 64 93 54 69 
77 66 63 63 39 49 81 48 66 13 68 79 30 66 27 25 38 84 75 51 34 54 66 79 31 46 70 68 46 24 59 17 84 84 24 50 41 4 32 78 31 62 57 87 65 0 81 20 60 44 15 25 45 75 57 34 71 23 53 46 24 24 17 42 46 58 24 51 70 46 55 48 42 57 54 54 32 68 44 30 70 62 17 77 16 47 48 33 49 47 37 72 45 19 46 67 1 43 75 32 
53 49 20 72 91 41 17 48 25 91 50 7 80 65 99 56 49 40 9 62 62 73 26 22 50 36 26 25 35 61 38 64 58 24 72 89 65 77 100 12 73 30 26 35 40 81 0 100 54 66 96 74 36 37 42 92 42 64 29 113 103 77 64 63 35 61 66 83 42 111 74 39 42 59 38 41 89 42 82 104 37 19 82 34 65 34 97 104 77 61 94 30 101 75 46 14 80 89 21 98 
90 86 81 71 50 66 101 68 87 18 81 99 44 76 16 44 59 99 95 61 53 61 86 99 52 66 88 86 66 45 75 38 96 105 35 50 51 23 22 96 39 80 78 108 80 20 100 0 72 62 6 42 64 96 72 43 86 39 72 33 6 31 38 53 65 76 38 65 91 34 62 68 60 75 71 74 30 88 47 16 91 82 23 98 37 67 44 20 54 58 46 93 38 37 67 87 21 54 95 24 
18 81 36 18 92 19 67 66 61 73 9 59 79 12 63 43 58 29 56 12 68 20 62 69 46 46 28 29 43 57 16 53 24 74 37 39 21 55 61 43 33 23 52 83 14 60 54 72 0 78 71 72 37 78 12 89 17 36 34 69 71 41 52 19 36 84 35 94 79 67 20 56 27 82 18 65 48 77 34 67 75 45 49 77 53 44 48 66 26 14 92 70 55 68 63 50 59 93 66 58 
92 27 58 90 27 60 56 17 42 44 82 61 20 89 72 37 20 89 57 75 11 84 41 52 31 36 72 68 38 24 68 32 99 57 59 88 68 44 76 70 66 66 40 54 75 44 66 62 78 0 55 19 43 41 69 30 81 51 50 90 67 62 33 69 45 14 54 17 34 90 85 28 51 14 63 25 73 32 81 74 37 50 58 45 33 38 89 77 82 72 31 43 87 25 19 52 43 24 49 76 
89 80 78 72 43 63 96 62 81 11 80 95 37 76 21 40 53 97 91 61 47 62 81 94 47 61 85 83 61 39 73 33 95 100 34 53 51 19 27 93 39 77 73 102 79 15 96 6 71 55 0 35 60 90 70 37 84 36 68 39 12 31 32 52 61 70 36 58 85 40 63 63 57 69 68 68 33 82 49 22 85 77 23 92 31 63 48 26 55 58 40 87 42 30 61 83 16 48 90 29 
88 45 61 81 19 56 69 30 54 24 78 71 7 81 53 29 25 89 67 66 13 73 53 65 28 39 73 70 41 15 66 19 95 71 45 73 58 27 58 75 52 66 48 71 73 25 74 42 72 19 35 0 43 57 65 18 79 39 52 72 48 47 20 59 45 34 41 26 51 72 74 36 47 33 61 37 57 49 67 55 53 56 42 61 20 42 73 58 69 63 21 57 70 6 30 60 25 21 62 58 
48 44 18 53 62 18 39 29 28 56 39 35 50 49 64 20 22 46 31 38 35 49 28 39 15 9 29 26 6 28 25 29 55 45 37 60 36 41 65 33 41 23 17 52 31 45 36 64 37 43 60 43 0 43 26 62 38 28 8 79 67 43 29 35 1 47 31 60 42 77 50 19 11 45 20 28 55 40 53 68 39 17 46 43 30 7 66 69 50 35 64 37 69 42 26 23 44 62 35 63 
84 15 44 95 68 60 21 28 17 81 78 30 61 90 101 55 37 74 29 81 44 92 16 15 46 35 57 54 38 50 63 58 90 17 78 104 79 73 104 47 83 57 26 13 68 75 37 96 78 41 90 57 43 0 66 72 72 69 44 118 100 83 58 79 44 30 72 55 7 117 93 28 55 29 60 21 96 9 96 104 5 34 84 4 59 36 108 106 94 79 72 8 110 61 28 30 74 65 16 102 
22 69 23 30 85 9 55 56 49 70 13 47 72 24 66 37 48 26 44 19 60 30 50 57 38 35 18 18 32 50 4 47 30 62 38 48 25 53 64 32 36 12 40 71 8 57 42 72 12 69 70 65 26 66 0 83 14 34 22 75 73 43 46 23 25 74 34 86 67 73 31 45 18 71 6 54 52 65 41 70 63 32 50 64 47 32 56 69 35 19 86 58 62 62 53 37 56 86 53 62 
106 58 80 96 6 74 86 46 71 26 96 88 12 98 58 46 43 108 85 82 30 88 70 82 47 58 92 89 60 34 84 36 113 87 58 85 73 38 64 94 65 85 66 85 91 34 92 43 89 30 37 18 62 72 83 0 97 54 71 76 49 59 37 74 63 44 56 24 65 77 89 53 65 44 79 54 66 63 79 59 67 75 52 75 36 60 82 63 83 79 3 73 78 21 47 78 35 11 79 65 
12 78 28 33 99 23 57 67 55 84 9 48 86 24 79 51 60 13 46 28 73 37 56 61 51 46 15 18 43 63 13 61 18 64 51 56 37 67 77 30 49 15 47 75 6 71 42 86 17 81 84 79 38 72 14 97 0 48 31 86 86 56 60 35 36 84 48 98 74 83 37 55 32 82 18 63 64 72 51 83 69 38 63 70 61 43 65 82 44 30 100 64 72 76 64 42 70 99 58 74 
54 64 43 42 57 27 68 46 55 36 44 64 45 43 35 14 35 60 60 28 40 34 55 67 22 33 49 47 32 27 36 19 60 73 9 37 19 19 36 58 15 41 45 79 42 23 64 39 36 51 36 39 28 69 34 54 48 0 34 50 40 14 18 20 29 61 3 64 66 48 35 40 21 59 32 49 27 63 30 39 64 46 18 69 18 33 40 40 31 24 57 63 41 34 43 52 22 59 63 35 
42 47 10 51 71 15 36 35 27 64 34 30 59 46 70 28 30 38 26 37 43 48 28 37 24 15 21 18 12 36 19 37 49 42 42 62 37 49 71 25 44 15 18 51 25 53 29 72 34 50 68 52 8 44 22 71 31 34 0 84 74 48 37 36 7 53 36 68 45 82 49 24 13 50 16 32 60 43 55 74 41 12 52 43 38 12 69 75 51 35 73 37 73 50 32 19 52 71 33 68 
86 111 92 60 82 72 118 92 106 50 78 114 75 68 18 62 82 99 110 57 80 52 106 118 71 84 93 92 82 69 79 61 90 124 41 33 50 46 14 106 39 86 95 129 82 46 113 33 69 90 39 72 79 118 75 76 86 50 84 0 27 35 60 52 79 104 47 96 114 3 52 89 70 103 76 97 23 111 36 17 113 96 34 119 59 84 23 13 44 56 79 113 15 66 90 102 47 86 114 15 
89 91 83 68 56 67 105 72 90 24 80 102 50 74 11 47 63 99 98 60 58 59 90 103 55 69 89 87 69 49 76 42 95 109 35 46 50 26 17 98 38 81 81 112 81 24 103 6 71 67 12 48 67 100 73 49 86 40 74 27 0 30 41 52 68 82 39 71 95 28 59 72 61 81 72 79 27 92 44 10 95 84 23 102 41 70 40 14 51 57 52 97 33 42 71 90 25 60 99 20 
59 78 57 40 63 38 83 60 70 36 50 78 52 44 23 28 49 69 74 30 51 31 70 82 37 48 60 58 47 38 46 30 64 88 5 26 19 21 22 71 8 52 60 94 51 24 77 31 41 62 31 47 43 83 43 59 56 14 48 35 30 0 29 21 43 74 12 73 80 34 31 55 34 72 42 63 12 78 20 27 79 60 8 84 29 48 26 27 25 27 62 78 26 41 57 66 24 66 78 20 
68 51 47 60 40 37 63 32 49 27 58 62 27 61 42 9 21 72 58 46 22 53 48 61 14 28 56 54 29 9 47 1 75 67 26 55 37 15 46 62 33 49 40 70 54 17 64 38 52 33 32 20 29 58 46 37 60 18 37 60 41 29 0 38 30 45 21 45 54 59 54 31 29 43 42 37 41 51 48 45 53 45 26 60 1 30 56 48 50 42 40 55 55 16 30 50 16 41 57 45 
37 78 43 22 78 21 73 61 63 55 28 66 65 24 44 31 51 48 63 8 58 15 63 74 38 43 41 41 41 45 27 39 43 79 18 26 2 38 42 54 14 34 52 87 30 42 63 53 19 69 52 59 35 79 23 74 35 20 36 52 52 21 38 0 34 78 18 83 77 49 16 52 24 76 25 61 29 75 19 48 74 49 30 78 38 42 33 47 15 5 77 72 38 54 58 55 41 80 69 39 
47 45 17 52 64 17 39 31 28 57 38 35 51 48 64 21 24 45 31 37 36 48 29 39 17 10 28 25 7 29 23 30 54 45 37 60 35 42 66 32 41 21 17 52 30 46 35 65 36 45 61 45 1 44 25 63 36 29 7 79 68 43 30 34 0 48 31 62 43 77 49 20 10 46 19 29 56 41 53 68 40 17 46 43 31 8 66 69 50 35 66 37 69 43 27 23 45 64 35 64 
95 15 58 98 39 65 48 17 36 59 87 55 35 96 85 47 27 90 52 83 23 93 35 43 40 38 72 69 41 35 72 44 102 47 70 99 78 58 90 67 76 68 38 43 78 58 61 76 84 14 70 34 47 30 74 44 84 61 53 104 82 74 45 78 48 0 64 25 23 104 94 28 57 2 68 21 86 21 91 88 26 49 71 34 45 41 101 91 92 80 44 34 100 39 20 49 57 35 42 89 
53 67 45 40 59 28 71 49 58 37 43 66 47 42 33 17 38 61 62 26 43 32 58 70 26 36 50 48 35 30 37 22 60 76 6 34 17 20 34 60 12 42 48 82 42 24 66 38 35 54 36 41 31 72 34 56 48 3 36 47 39 12 21 18 31 64 0 66 69 46 33 43 23 62 33 52 24 66 27 37 67 48 16 72 21 36 37 38 28 23 59 66 38 36 46 54 23 62 66 32 
109 40 75 105 17 77 72 34 59 46 99 78 21 105 77 52 38 107 74 90 26 98 57 67 48 53 89 86 56 37 85 44 116 72 70 99 82 53 83 87 78 84 57 68 92 51 83 65 94 17 58 26 60 55 86 24 98 64 68 96 71 73 45 83 62 25 66 0 48 97 99 45 67 26 80 42 83 46 92 79 51 68 68 59 45 56 99 83 95 87 22 58 96 32 37 70 51 12 65 83 
86 8 46 95 61 60 27 22 19 75 79 35 54 91 97 52 32 77 33 81 38 91 18 21 43 34 60 57 36 46 64 53 92 24 75 102 78 69 100 51 80 58 27 20 69 70 42 91 79 34 85 51 42 7 67 65 74 66 45 114 95 80 54 77 43 23 69 48 0 113 92 25 54 22 61 17 93 2 94 100 5 35 80 11 55 35 106 102 93 78 65 12 107 55 24 33 70 58 21 99 
83 110 90 57 83 70 117 91 104 51 75 112 75 65 19 61 81 96 108 55 80 49 104 116 70 82 91 90 81 68 76 60 87 122 39 30 47 46 13 103 37 83 94 128 80 46 111 34 67 90 40 72 77 117 73 77 83 48 82 3 28 34 59 49 77 104 46 97 113 0 49 88 68 102 74 96 21 110 33 18 112 94 33 118 59 82 20 14 41 53 80 112 12 66 89 100 46 87 112 14 
34 93 54 8 93 34 85 77 77 68 28 77 81 16 49 47 67 49 74 12 74 1 78 87 54 58 48 49 56 61 35 55 38 92 30 19 16 51 45 63 24 43 67 100 35 55 74 62 20 85 63 74 50 93 31 89 37 35 49 52 59 31 54 16 49 94 33 99 92 49 0 68 38 92 35 77 33 90 16 53 89 62 40 92 54 57 29 50 8 14 92 86 37 69 74 68 55 95 83 42 
67 25 30 72 52 37 33 11 18 55 58 35 41 68 72 27 11 62 31 57 23 67 18 31 18 10 44 41 13 24 43 30 74 36 50 76 53 46 75 42 55 40 12 39 50 48 39 68 56 28 63 36 19 28 45 53 55 40 24 89 72 55 31 52 20 28 43 45 25 88 68 0 30 26 39 9 68 22 69 76 23 22 55 29 31 12 80 78 67 54 55 24 82 37 8 25 47 50 27 74 
41 55 22 42 67 9 49 39 39 54 31 44 54 38 57 19 31 42 40 27 41 37 39 50 20 20 28 26 17 31 18 29 48 55 29 49 25 38 57 36 31 20 28 63 25 42 42 60 27 51 57 47 11 55 18 65 32 21 13 70 61 34 29 24 10 57 23 67 54 68 38 30 0 55 13 39 46 51 42 61 50 26 39 54 29 18 55 61 39 24 68 48 59 44 36 32 41 67 46 55 
93 14 56 96 40 63 47 15 34 58 85 53 34 93 84 45 25 88 50 81 22 91 33 42 38 36 70 67 39 34 70 42 100 46 68 97 76 56 89 65 75 66 36 42 76 57 59 75 82 14 69 33 45 29 71 44 82 59 50 103 81 72 43 76 46 2 62 26 22 102 92 26 55 0 65 19 84 20 89 87 25 46 70 33 44 39 99 90 90 78 44 32 99 38 18 47 56 36 40 88 
28 63 18 35 80 5 50 50 43 67 19 42 68 30 65 32 43 29 39 23 54 34 44 52 33 29 17 16 26 45 5 43 35 56 37 50 26 50 65 29 37 9 34 66 12 54 38 71 18 63 68 61 20 60 6 79 18 32 16 76 72 42 42 25 19 68 33 80 61 74 35 39 13 65 0 48 53 59 44 70 57 27 49 59 43 26 58 69 38 22 82 52 64 58 47 32 53 81 48 62 
75 16 36 81 51 46 32 8 17 59 67 36 42 77 79 34 15 69 32 66 24 76 16 28 26 19 51 48 22 29 51 36 82 33 58 85 62 52 83 46 64 47 17 34 58 54 41 74 65 25 68 37 28 21 54 54 63 49 32 97 79 63 37 61 29 21 52 42 17 96 77 9 39 19 48 0 76 14 78 83 16 27 63 23 38 21 89 85 76 63 55 19 90 40 7 28 53 49 25 82 
65 91 68 42 71 48 95 72 83 41 57 91 62 48 16 41 61 77 87 36 63 32 83 95 49 61 70 69 60 50 56 42 70 101 18 20 27 30 13 82 16 62 72 107 59 32 89 30 48 73 33 57 55 96 52 66 64 27 60 23 27 12 41 29 56 86 24 83 93 21 33 68 46 84 53 76 0 90 17 19 91 72 15 97 40 61 16 18 25 34 69 91 14 51 70 79 32 75 91 10 
84 7 44 93 59 58 27 20 18 72 77 35 52 89 94 49 29 76 33 78 35 89 17 22 40 31 59 55 34 43 62 50 91 25 72 99 75 66 97 50 78 57 25 22 67 68 42 88 77 32 82 49 40 9 65 63 72 63 43 111 92 78 51 75 41 21 66 46 2 110 90 22 51 20 59 14 90 0 92 97 5 34 77 13 52 33 103 99 90 76 63 13 104 52 21 32 67 56 21 96 
50 93 62 25 84 41 91 75 81 56 42 85 73 32 34 44 65 63 82 22 70 16 81 92 52 60 60 59 58 57 45 49 54 98 22 7 17 41 29 73 15 53 70 105 47 44 82 47 34 81 49 67 53 96 41 79 51 30 55 36 44 20 48 19 53 91 27 92 94 33 16 69 42 89 44 78 17 92 0 37 92 68 27 96 48 59 14 34 8 21 82 90 21 61 73 74 44 87 88 26 
84 96 83 62 65 65 107 77 93 33 76 104 58 68 4 50 67 96 100 55 65 52 93 106 58 72 87 85 71 54 73 46 89 112 32 38 46 31 7 98 34 79 83 116 78 30 104 16 67 74 22 55 68 104 70 59 83 39 74 17 10 27 45 48 68 88 37 79 100 18 53 76 61 87 70 83 19 97 37 0 99 85 21 106 45 72 30 4 44 53 62 100 23 49 76 92 31 69 102 10 
81 12 41 92 64 56 22 23 14 76 75 30 56 87 96 50 32 73 28 77 39 88 13 17 42 31 55 52 33 45 60 53 88 20 73 99 75 68 99 46 78 54 23 18 65 70 37 91 75 37 85 53 39 5 63 67 69 64 41 113 95 79 53 74 40 26 67 51 5 112 89 23 50 25 57 16 91 5 92 99 0 31 79 8 54 32 104 101 90 75 68 7 105 56 23 28 69 61 16 97 
50 40 10 62 74 28 23 33 17 72 44 18 62 57 81 37 31 42 14 50 45 61 18 25 31 17 24 21 16 42 29 45 57 30 54 75 50 58 83 19 57 23 10 38 34 62 19 82 45 50 77 56 17 34 32 75 38 46 12 96 84 60 45 49 17 49 48 68 35 94 62 22 26 46 27 27 72 34 68 85 31 0 63 32 46 15 82 86 64 48 76 26 85 56 30 6 61 72 21 80 
67 77 61 49 57 44 85 58 72 28 57 82 47 53 17 29 48 76 78 38 48 39 72 84 37 50 66 64 49 36 53 27 73 90 12 32 28 15 19 76 16 58 62 95 58 17 82 23 49 58 23 42 46 84 50 52 63 18 52 34 23 8 26 30 46 71 16 68 80 33 40 55 39 70 49 63 15 77 27 21 79 63 0 85 26 51 31 23 33 35 55 79 28 36 56 70 17 60 80 18 
82 19 42 94 72 59 17 31 15 83 76 26 64 89 102 56 39 71 25 80 47 92 14 11 48 36 55 52 38 53 61 60 88 13 79 104 79 75 105 44 83 55 26 10 66 77 34 98 77 45 92 61 43 4 64 75 70 69 43 119 102 84 60 78 43 34 72 59 11 118 92 29 54 33 59 23 97 13 96 106 8 32 85 0 61 36 109 108 94 78 76 6 111 64 31 28 76 69 12 104 
69 51 48 61 39 38 64 32 50 26 59 63 26 61 41 10 22 72 59 46 22 53 49 62 15 29 57 55 30 9 48 1 76 68 26 55 38 14 45 63 33 50 41 71 55 16 65 37 53 33 31 20 30 59 47 36 61 18 38 59 41 29 1 38 31 45 21 45 55 59 54 31 29 44 43 38 40 52 48 45 54 46 26 61 0 31 55 47 50 43 39 56 55 15 31 51 15 41 58 44 
54 37 19 60 60 25 34 23 22 57 46 32 48 56 68 22 18 50 28 45 31 56 22 33 16 2 33 29 1 27 31 30 61 39 43 67 43 44 70 33 47 28 11 45 37 47 34 67 44 38 63 42 7 36 32 60 43 33 12 84 70 48 30 42 8 41 36 56 35 82 57 12 18 39 26 21 61 33 59 72 32 15 51 36 31 0 72 74 57 42 62 30 75 41 20 20 46 59 29 68 
63 104 76 37 87 55 105 86 94 57 57 99 78 45 28 54 75 78 96 37 78 29 94 106 63 73 74 74 71 65 60 57 67 111 31 10 32 46 22 88 25 67 83 118 62 48 97 44 48 89 48 73 66 108 56 82 65 40 69 23 40 26 56 33 66 101 37 99 106 20 29 80 55 99 58 89 16 103 14 30 104 82 31 109 55 72 0 26 21 36 85 103 8 67 83 88 48 91 101 20 
83 99 84 59 69 65 108 80 95 37 75 105 62 66 5 51 70 95 101 54 68 50 95 107 60 73 87 85 72 57 73 49 88 113 32 34 45 33 5 98 33 79 85 118 77 33 104 20 66 77 26 58 69 106 69 63 82 40 75 13 14 27 48 47 69 91 38 83 102 14 50 78 61 90 69 85 18 99 34 4 101 86 23 108 47 74 26 0 42 52 66 102 19 52 78 93 34 73 103 8 
42 92 57 17 87 36 87 75 78 61 35 81 76 24 41 45 65 56 77 15 71 8 79 89 52 58 53 54 56 58 39 50 46 94 25 12 14 45 37 68 17 47 68 102 41 49 77 54 26 82 55 69 50 94 35 83 44 31 51 44 51 25 50 15 50 92 28 95 93 41 8 67 39 90 38 76 25 90 8 44 90 64 33 94 50 57 21 42 0 16 86 87 29 64 72 70 48 90 85 34 
32 79 41 18 82 20 71 63 63 60 23 64 69 19 49 35 53 43 61 3 61 13 63 73 40 44 38 38 41 49 23 43 37 78 23 28 7 43 47 52 19 31 52 86 26 47 61 58 14 72 58 63 35 79 19 79 30 24 35 56 57 27 42 5 35 80 23 87 78 53 14 54 24 78 22 63 34 76 21 53 75 48 35 78 43 42 36 52 16 0 82 72 42 58 60 54 46 84 69 44 
108 58 82 99 5 77 87 47 72 29 99 90 14 101 61 49 44 110 86 85 31 91 71 83 49 60 94 91 62 36 87 39 116 88 61 88 76 41 67 96 68 87 67 85 94 37 94 46 92 31 40 21 64 72 86 3 100 57 73 79 52 62 40 77 66 44 59 22 65 80 92 55 68 44 82 55 69 63 82 62 68 76 55 76 39 62 85 66 86 82 0 74 81 24 48 80 38 9 80 68 
76 20 36 88 70 52 14 27 9 79 70 22 61 82 97 50 34 66 21 74 43 85 8 9 42 30 49 46 31 48 55 54 82 14 73 98 73 70 99 39 77 49 19 15 60 72 30 93 70 43 87 57 37 8 58 73 64 63 37 113 97 78 55 72 37 34 66 58 12 112 86 24 48 32 52 19 91 13 90 100 7 26 79 6 56 30 103 102 87 72 74 0 105 60 27 22 71 67 8 98 
71 105 81 45 84 60 108 86 97 52 64 103 75 53 21 55 76 85 100 43 77 37 97 108 64 75 80 80 73 64 66 56 75 114 32 18 37 43 15 93 28 73 86 120 68 45 101 38 55 87 42 70 69 110 62 78 72 41 73 15 33 26 55 38 69 100 38 96 107 12 37 82 59 99 64 90 14 104 21 23 105 85 28 111 55 75 8 19 29 42 81 105 0 64 84 92 45 88 104 13 
84 50 60 76 23 53 71 33 55 20 75 72 11 77 47 25 26 87 68 62 17 68 55 67 26 39 71 68 40 14 63 15 91 73 39 67 53 21 52 74 46 64 49 74 70 19 75 37 68 25 30 6 42 61 62 21 76 34 50 66 42 41 16 54 43 39 36 32 55 66 69 37 44 38 58 40 51 52 61 49 56 56 36 64 15 41 67 52 64 58 24 60 64 0 32 61 19 26 64 52 
75 21 38 78 44 44 39 3 24 52 66 41 35 75 73 29 8 71 38 63 17 73 23 35 20 17 53 49 21 22 51 29 82 40 52 80 58 45 76 50 58 48 20 41 58 46 46 67 63 19 61 30 26 28 53 47 64 43 32 90 71 57 30 58 27 20 46 37 24 89 74 8 36 18 47 7 70 21 73 76 23 30 56 31 31 20 83 78 72 60 48 27 84 32 0 33 46 43 32 75 
54 39 14 68 77 34 17 35 14 77 48 12 66 62 88 43 35 44 8 55 48 67 15 19 36 22 27 24 21 47 34 50 60 24 61 81 56 64 89 18 63 27 12 33 38 67 14 87 50 52 83 60 23 30 37 78 42 52 19 102 90 66 50 55 23 49 54 70 33 100 68 25 32 47 32 28 79 32 74 92 28 6 70 28 51 20 88 93 70 54 80 22 92 61 33 0 66 75 16 87 
77 65 62 63 40 48 80 47 65 13 67 78 30 65 28 24 37 83 74 50 34 54 65 78 30 45 69 67 45 24 58 17 83 84 24 50 40 3 32 77 31 61 56 87 64 1 80 21 59 43 16 25 44 74 56 35 70 22 52 47 25 24 16 41 45 57 23 51 70 46 55 47 41 56 53 53 32 67 44 31 69 61 17 76 15 46 48 34 48 46 38 71 45 19 46 66 0 43 74 32 
109 50 79 102 5 77 80 41 66 36 99 84 14 102 68 50 41 109 81 87 27 94 65 76 48 56 92 89 59 36 86 40 116 81 65 93 79 45 74 92 72 86 63 78 93 43 89 54 93 24 48 21 62 65 86 11 99 59 71 86 60 66 41 80 64 35 62 12 58 87 95 50 67 36 81 49 75 56 87 69 61 72 60 69 41 59 91 73 90 84 9 67 88 26 43 75 43 0 73 75 
70 28 30 84 76 49 7 33 8 82 64 14 67 78 98 51 38 59 13 71 49 82 9 4 43 30 43 40 31 51 50 57 76 10 72 95 71 72 100 31 76 43 18 17 54 75 21 95 66 49 90 62 35 16 53 79 58 63 33 114 99 78 57 69 35 42 66 65 21 112 83 27 46 40 48 25 91 21 88 102 16 21 80 12 58 29 101 103 85 69 80 8 104 64 32 16 74 73 0 98 
75 96 77 51 71 58 103 77 90 39 67 99 62 58 8 47 66 87 95 46 66 42 90 102 55 68 79 78 67 54 65 46 79 108 26 27 37 31 3 91 25 72 80 113 69 32 98 24 58 76 29 58 63 102 62 65 74 35 68 15 20 20 45 39 64 89 32 83 99 14 42 74 55 88 62 82 10 96 26 10 97 80 18 104 44 68 20 8 34 44 68 98 13 52 75 87 32 75 98 0 
4 6 18 13 9 7 2 3 12 15 14 17 10 15 16 7 15 1 9 18 14 18 15 13 13 16 6 17 19 8 5 17 18 18 5 10 15 14 3 10 4 8 2 9 14 18 20 17 9 4 17 5 17 4 5 7 2 13 20 20 1 13 19 9 20 1 6 12 3 12 8 3 20 6 5 6 18 5 19 9 1 6 13 11 14 3 4 19 9 5 3 15 14 7 5 4 3 5 20 14 
120 120 120 120 120 120 120 120 120 120 120 120 120 120 120 120 120 120 120 120 120 120 120 120 120 120 120 120 120 120 120 120 120 120 120 120 120 120 120 120 120 120 120 120 120 120 120 120 120 120 120 120 120 120 120 120 120 120 120 120 120 120 120 120 120 120 120 120 120 120 120 120 120 120 120 120 120 120 120 120 120 120 120 120 120 120 120 120 120 120 120 120 120 120 120 120 120 120 120 120 