4 6 50 5 31
0 89 40 27 108 32 69 78 67 90 10 59 95 18 81 59 71 16 58 29 83 34 68 73 61 57 27 30 54 72 23 69 7 76 55 53 39 73 78 41 51 27 59 87 17 77 53 90 18 92 
89 0 50 97 53 62 34 18 25 70 82 42 47 93 93 50 29 82 40 82 32 92 23 29 41 35 65 61 38 42 67 50 96 32 73 101 78 65 97 57 79 62 30 28 73 66 49 86 81 27 
40 50 0 54 80 21 31 41 27 74 34 23 68 47 79 38 38 32 20 42 51 53 28 33 33 22 14 11 20 46 19 47 46 38 51 69 44 59 80 15 53 13 20 48 24 63 20 81 36 58 
27 97 54 0 100 35 85 81 79 76 24 77 88 8 58 53 71 43 74 15 80 9 79 87 59 62 46 47 59 68 34 61 30 92 38 27 23 59 54 61 32 42 69 101 32 63 72 71 18 90 
108 53 80 100 0 76 83 43 68 32 98 86 12 101 64 48 42 109 83 85 28 92 67 79 47 57 92 89 59 35 85 39 115 84 62 89 77 42 70 93 70 86 64 81 92 39 91 50 92 27 
32 62 21 35 76 0 51 47 43 62 22 44 63 31 61 28 39 34 41 21 51 33 44 53 29 27 22 20 24 41 9 38 39 58 32 48 23 45 60 33 32 14 33 66 16 49 41 66 19 60 
69 34 31 85 83 51 0 40 15 89 64 10 74 79 103 57 44 57 11 73 56 84 16 5 49 35 42 39 36 57 51 63 75 7 77 99 74 78 105 29 80 43 23 18 54 81 17 101 67 56 
78 18 41 81 43 47 40 0 25 52 69 43 34 78 74 31 10 74 40 66 16 76 24 36 23 21 56 52 24 23 54 31 85 41 55 83 61 46 78 53 61 51 23 41 61 48 48 68 66 17 
67 25 27 79 68 43 15 25 0 74 61 18 59 73 90 43 29 58 15 65 41 76 1 12 35 21 41 37 23 43 46 48 73 18 65 89 64 64 92 32 69 40 10 23 51 66 25 87 61 42 
90 70 74 76 32 62 89 52 74 0 81 89 25 79 32 36 44 96 85 64 37 67 73 86 41 55 82 80 56 31 72 27 97 92 37 60 53 17 38 89 43 75 66 93 78 13 91 18 73 44 
10 82 34 24 98 22 64 69 61 81 0 55 85 15 72 49 62 20 53 21 73 28 62 67 51 48 23 25 45 63 15 59 16 71 45 47 30 63 70 38 42 21 52 82 10 68 50 81 9 82 
59 42 23 77 86 44 10 43 18 89 55 0 76 70 100 55 46 47 4 66 58 77 20 15 48 33 32 30 33 58 42 62 65 17 72 92 67 76 101 19 75 35 23 28 45 79 7 99 59 61 
95 47 68 88 12 63 74 34 59 25 85 76 0 88 56 36 30 96 72 73 18 80 58 70 35 45 80 77 47 22 73 26 102 75 51 79 64 32 61 81 58 73 53 74 80 30 80 44 79 20 
18 93 47 8 101 31 79 78 73 79 15 70 88 0 64 53 69 34 68 15 79 16 74 81 57 58 38 40 55 67 27 62 22 86 42 35 25 62 61 53 36 35 64 95 25 66 65 76 12 89 
81 93 79 58 64 61 103 74 90 32 72 100 56 64 0 46 64 92 96 51 62 49 89 102 54 68 83 81 67 51 69 43 86 108 28 35 42 28 6 93 30 75 79 112 74 27 99 16 63 72 
59 50 38 53 48 28 57 31 43 36 49 55 36 53 46 0 20 62 50 38 26 46 43 56 8 21 47 44 21 14 37 10 66 61 23 51 31 21 48 53 29 39 33 66 44 25 56 44 43 37 
71 29 38 71 42 39 44 10 29 44 62 46 30 69 64 20 0 69 42 56 13 66 28 41 13 15 51 48 18 13 47 21 78 47 44 72 51 36 67 51 50 46 23 49 54 38 49 59 58 20 
16 82 32 43 109 34 57 74 58 96 20 47 96 34 92 62 69 0 46 41 82 49 59 61 61 53 18 21 50 74 24 72 19 64 64 68 50 79 90 28 62 23 52 75 18 84 40 99 29 89 
58 40 20 74 83 41 11 40 15 85 53 4 72 68 96 50 42 46 0 62 54 74 17 15 44 29 31 28 29 54 40 58 64 18 69 89 64 72 97 18 71 32 19 29 43 75 9 95 56 57 
29 82 42 15 85 21 73 66 65 64 21 66 73 15 51 38 56 41 62 0 65 11 66 75 43 47 38 38 44 52 24 47 34 80 26 28 10 46 49 52 22 31 55 88 25 51 62 61 12 75 
83 32 51 80 28 51 56 16 41 37 73 58 18 79 62 26 13 82 54 65 0 73 40 52 21 29 64 61 31 13 59 21 90 57 48 77 58 34 66 64 55 58 36 57 66 34 62 53 68 11 
34 92 53 9 92 33 84 76 76 67 28 77 80 16 49 46 66 49 74 11 73 0 77 86 53 57 48 48 55 60 34 54 38 91 30 19 15 50 45 62 23 42 66 99 35 54 73 61 20 84 
68 23 28 79 67 44 16 24 1 73 62 20 58 74 89 43 28 59 17 66 40 77 0 13 35 21 42 39 23 42 47 48 75 18 65 89 64 63 92 33 69 41 11 23 52 66 26 86 62 41 
73 29 33 87 79 53 5 36 12 86 67 15 70 81 102 56 41 61 15 75 52 86 13 0 48 34 46 43 35 55 53 61 79 5 77 100 75 76 104 33 80 46 22 14 57 79 22 99 69 52 
61 41 33 59 47 29 49 23 35 41 51 48 35 57 54 8 13 61 44 43 21 53 35 48 0 14 45 42 15 12 38 14 68 53 32 59 38 28 57 48 37 38 26 58 45 31 50 52 46 31 
57 35 22 62 57 27 35 21 21 55 48 33 45 58 68 21 15 53 29 47 29 57 21 34 14 0 36 32 3 25 33 28 64 40 43 68 44 43 70 36 47 30 11 45 40 46 36 66 46 36 
27 65 14 46 92 22 42 56 41 82 23 32 80 38 83 47 51 18 31 38 64 48 42 46 45 36 0 3 33 57 14 57 33 49 54 66 43 66 82 15 54 8 34 60 13 70 26 88 28 72 
30 61 11 47 89 20 39 52 37 80 25 30 77 40 81 44 48 21 28 38 61 48 39 43 42 32 3 0 29 54 14 54 36 46 53 66 42 64 81 14 53 6 31 57 15 68 25 86 29 68 
54 38 20 59 59 24 36 24 23 56 45 33 47 55 67 21 18 50 29 44 31 55 23 35 15 3 33 29 0 26 30 29 61 41 41 66 41 43 69 34 45 27 12 47 37 46 35 66 43 38 
72 42 46 68 35 41 57 23 43 31 63 58 22 67 51 14 13 74 54 52 13 60 42 55 12 25 57 54 26 0 50 8 80 61 35 64 45 23 55 60 42 50 35 63 57 24 61 45 57 24 
23 67 19 34 85 9 51 54 46 72 15 42 73 27 69 37 47 24 40 24 59 34 47 53 38 33 14 14 30 50 0 48 30 58 41 52 29 55 68 28 40 7 37 67 7 59 38 75 16 68 
69 50 47 61 39 38 63 31 48 27 59 62 26 62 43 10 21 72 58 47 21 54 48 61 14 28 57 54 29 8 48 0 76 67 27 56 38 15 46 62 34 49 39 70 54 17 64 38 53 32 
7 96 46 30 115 39 75 85 73 97 16 65 102 22 86 66 78 19 64 34 90 38 75 79 68 64 33 36 61 80 30 76 0 82 61 57 44 79 83 46 56 34 66 93 24 84 58 96 24 99 
76 32 38 92 84 58 7 41 18 92 71 17 75 86 108 61 47 64 18 80 57 91 18 5 53 40 49 46 41 61 58 67 82 0 82 105 80 82 110 36 86 50 28 11 61 84 24 105 74 57 
55 73 51 38 62 32 77 55 65 37 45 72 51 42 28 23 44 64 69 26 48 30 65 77 32 43 54 53 41 35 41 27 61 82 0 29 16 20 28 65 7 46 54 88 46 24 72 35 37 59 
53 101 69 27 89 48 99 83 89 60 47 92 79 35 35 51 72 68 89 28 77 19 89 100 59 68 66 66 66 64 52 56 57 105 29 0 25 47 30 80 22 59 78 113 53 50 89 50 39 88 
39 78 44 23 77 23 74 61 64 53 30 67 64 25 42 31 51 50 64 10 58 15 64 75 38 44 43 42 41 45 29 38 44 80 16 25 0 36 40 56 12 36 53 88 32 41 65 51 21 68 
73 65 59 59 42 45 78 46 64 17 63 76 32 62 28 21 36 79 72 46 34 50 63 76 28 43 66 64 43 23 55 15 79 82 20 47 36 0 32 74 27 58 54 85 61 4 77 23 55 44 
78 97 80 54 70 60 105 78 92 38 70 101 61 61 6 48 67 90 97 49 66 45 92 104 57 70 82 81 69 55 68 46 83 110 28 30 40 32 0 93 28 74 81 115 72 32 100 22 61 76 
41 57 15 61 93 33 29 53 32 89 38 19 81 53 93 53 51 28 18 52 64 62 33 33 48 36 15 14 34 60 28 62 46 36 65 80 56 74 93 0 66 20 30 47 28 78 12 96 43 70 
51 79 53 32 70 32 80 61 69 43 42 75 58 36 30 29 50 62 71 22 55 23 69 80 37 47 54 53 45 42 40 34 56 86 7 22 12 27 28 66 0 46 58 93 44 31 73 39 33 66 
27 62 13 42 86 14 43 51 40 75 21 35 73 35 75 39 46 23 32 31 58 42 41 46 38 30 8 6 27 50 7 49 34 50 46 59 36 58 74 20 46 0 32 61 11 62 30 80 23 66 
59 30 20 69 64 33 23 23 10 66 52 23 53 64 79 33 23 52 19 55 36 66 11 22 26 11 34 31 12 35 37 39 66 28 54 78 53 54 81 30 58 32 0 34 42 57 26 78 52 40 
87 28 48 101 81 66 18 41 23 93 82 28 74 95 112 66 49 75 29 88 57 99 23 14 58 45 60 57 47 63 67 70 93 11 88 113 88 85 115 47 93 61 34 0 71 87 35 108 83 54 
17 73 24 32 92 16 54 61 51 78 10 45 80 25 74 44 54 18 43 25 66 35 52 57 45 40 13 15 37 57 7 54 24 61 46 53 32 61 72 28 44 11 42 71 0 65 40 80 14 75 
77 66 63 63 39 49 81 48 66 13 68 79 30 66 27 25 38 84 75 51 34 54 66 79 31 46 70 68 46 24 59 17 84 84 24 50 41 4 32 78 31 62 57 87 65 0 81 20 60 44 
53 49 20 72 91 41 17 48 25 91 50 7 80 65 99 56 49 40 9 62 62 73 26 22 50 36 26 25 35 61 38 64 58 24 72 89 65 77 100 12 73 30 26 35 40 81 0 100 54 66 
90 86 81 71 50 66 101 68 87 18 81 99 44 76 16 44 59 99 95 61 53 61 86 99 52 66 88 86 66 45 75 38 96 105 35 50 51 23 22 96 39 80 78 108 80 20 100 0 72 62 
18 81 36 18 92 19 67 66 61 73 9 59 79 12 63 43 58 29 56 12 68 20 62 69 46 46 28 29 43 57 16 53 24 74 37 39 21 55 61 43 33 23 52 83 14 60 54 72 0 78 
92 27 58 90 27 60 56 17 42 44 82 61 20 89 72 37 20 89 57 75 11 84 41 52 31 36 72 68 38 24 68 32 99 57 59 88 68 44 76 70 66 66 40 54 75 44 66 62 78 0 
20 9 15 15 8 11 5 19 6 6 19 17 3 5 12 8 6 11 20 2 20 7 14 6 13 12 10 5 7 11 11 20 13 7 16 20 6 20 20 1 10 1 8 15 8 9 10 20 6 7 
120 120 120 120 120 120 120 120 120 120 120 120 120 120 120 120 120 120 120 120 120 120 120 120 120 120 120 120 120 120 120 120 120 120 120 120 120 120 120 120 120 120 120 120 120 120 120 120 120 120 