5 2 50 12 20
0 69 47 74 53 65 31 43 22 54 93 87 69 74 24 68 20 63 35 52 47 81 41 67 26 21 55 55 12 78 82 65 26 35 40 27 76 46 36 86 12 84 15 32 58 68 52 22 17 53 
69 0 22 7 16 58 67 57 54 80 28 30 37 33 89 68 89 88 47 39 33 17 52 66 43 62 77 45 70 85 21 5 50 57 51 43 61 55 77 92 60 62 73 48 33 52 49 56 52 57 
47 22 0 26 6 55 51 45 36 69 49 47 42 42 68 64 67 78 25 33 24 37 40 62 22 44 67 40 47 80 39 18 28 37 38 21 62 45 61 88 37 66 53 26 32 43 43 38 31 50 
74 7 26 0 20 65 74 64 60 88 31 35 45 40 94 76 94 96 48 46 40 20 59 73 48 68 84 52 73 93 25 12 53 58 58 47 68 62 84 99 64 69 78 50 41 49 57 62 57 65 
53 16 6 20 0 54 55 47 40 71 43 41 38 38 74 64 73 80 31 32 24 30 42 61 27 48 68 39 53 80 33 12 34 43 40 27 60 46 65 88 44 63 58 33 30 46 43 42 36 50 
65 58 55 65 54 0 38 22 43 31 59 47 23 31 68 10 76 36 73 22 31 53 24 8 49 44 26 15 75 27 51 54 68 82 25 59 11 19 42 34 65 19 55 71 24 99 13 43 53 12 
31 67 51 74 55 38 0 16 17 23 82 73 50 57 30 38 38 32 54 34 35 72 18 37 31 11 24 33 43 47 72 62 46 60 18 40 49 20 10 54 36 57 18 52 42 87 29 15 28 25 
43 57 45 64 47 22 16 0 21 24 68 58 34 42 47 25 53 32 56 19 24 59 5 24 31 22 21 17 53 38 58 52 49 64 6 42 33 3 23 46 44 42 32 54 27 86 12 21 33 10 
22 54 36 60 40 43 17 21 0 39 74 66 47 53 35 47 38 48 37 29 26 62 19 45 14 8 39 32 32 59 63 49 29 44 18 23 54 24 26 67 22 61 18 35 36 70 30 2 12 31 
54 80 69 88 71 31 23 24 39 0 88 77 52 60 47 25 57 9 77 42 48 81 29 26 52 35 5 37 67 26 79 75 69 83 30 63 40 25 19 33 60 48 39 74 49 109 32 38 51 24 
93 28 49 31 43 59 82 68 74 88 0 12 36 28 109 69 111 94 75 48 48 12 64 67 66 81 84 51 95 84 10 31 77 86 63 69 56 65 91 89 85 53 93 76 40 80 57 75 75 64 
87 30 47 35 41 47 73 58 66 77 12 0 24 16 101 57 104 83 73 39 40 14 54 55 60 73 72 41 90 72 9 31 74 84 54 65 44 55 81 77 80 41 84 74 31 83 46 67 69 53 
69 37 42 45 38 23 50 34 47 52 36 24 0 8 80 33 84 58 65 17 23 30 31 31 45 52 48 17 75 49 28 34 63 76 31 54 23 31 57 55 65 25 64 65 11 84 21 48 53 28 
74 33 42 40 38 31 57 42 53 60 28 16 8 0 86 41 91 66 67 24 27 23 39 39 49 58 56 25 80 57 20 31 65 78 39 57 30 38 65 62 69 29 70 67 16 83 29 54 58 37 
24 89 68 94 74 68 30 47 35 47 109 101 80 86 0 68 11 53 59 62 61 98 48 67 46 28 50 63 34 73 99 84 50 59 48 50 80 50 28 80 36 88 16 56 70 92 59 33 38 56 
68 68 64 76 64 10 38 25 47 25 69 57 33 41 68 0 76 27 80 31 40 64 28 2 55 47 20 24 78 17 61 64 74 89 30 66 15 23 39 24 69 23 56 78 34 107 21 46 58 16 
20 89 67 94 73 76 38 53 38 57 111 104 84 91 11 76 0 63 54 67 64 100 54 75 46 32 60 68 27 83 101 84 45 52 53 47 87 57 38 90 31 95 21 51 74 86 65 37 37 63 
63 88 78 96 80 36 32 32 48 9 94 83 58 66 53 27 63 0 86 49 56 88 38 29 62 44 11 44 75 22 86 83 78 92 39 72 42 33 26 27 69 50 47 84 56 118 39 47 60 31 
35 47 25 48 31 73 54 56 37 77 75 73 65 67 59 80 54 86 0 52 43 62 51 78 25 43 76 58 28 94 65 43 9 11 50 14 82 57 63 102 23 87 47 3 54 33 59 39 26 64 
52 39 33 46 32 22 34 19 29 42 48 39 17 24 62 31 67 49 52 0 9 39 15 29 30 34 38 7 59 48 38 34 48 62 15 39 30 17 42 55 48 35 46 51 8 77 10 30 36 18 
47 33 24 40 24 31 35 24 26 48 48 40 23 27 61 40 64 56 43 9 0 37 19 38 22 33 44 16 52 56 37 28 40 53 18 31 39 22 44 64 42 44 44 42 12 67 19 27 30 26 
81 17 37 20 30 53 72 59 62 81 12 14 30 23 98 64 100 88 62 39 37 0 55 61 54 70 77 44 83 80 4 18 65 73 54 57 53 56 81 86 73 52 81 63 32 69 49 64 63 57 
41 52 40 59 42 24 18 5 19 29 64 54 31 39 48 28 54 38 51 15 19 55 0 27 26 21 26 15 51 43 54 47 45 60 1 37 35 5 26 51 41 42 33 50 23 81 11 19 29 12 
67 66 62 73 61 8 37 24 45 26 67 55 31 39 67 2 75 29 78 29 38 61 27 0 53 46 21 22 77 19 59 62 72 87 28 64 14 21 39 26 68 22 55 76 32 105 19 45 57 14 
26 43 22 48 27 49 31 31 14 52 66 60 45 49 46 55 46 62 25 30 22 54 26 53 0 22 51 35 30 69 55 38 18 33 25 10 59 32 41 77 19 65 30 23 34 56 35 16 9 39 
21 62 44 68 48 44 11 22 8 35 81 73 52 58 28 47 32 44 43 34 33 70 21 46 22 0 35 36 32 57 70 57 35 48 21 30 56 25 19 65 25 64 12 41 42 76 33 6 17 32 
55 77 67 84 68 26 24 21 39 5 84 72 48 56 50 20 60 11 76 38 44 77 26 21 51 35 0 33 68 23 75 72 68 83 28 62 35 22 22 30 60 43 41 74 45 107 28 38 51 20 
55 45 40 52 39 15 33 17 32 37 51 41 17 25 63 24 68 44 58 7 16 44 15 22 35 36 33 0 63 41 42 40 54 68 15 45 23 13 40 48 53 30 48 57 12 84 5 32 41 13 
12 70 47 73 53 75 43 53 32 67 95 90 75 80 34 78 27 75 28 59 52 83 51 77 30 32 68 63 0 90 85 65 20 25 50 26 86 56 49 98 10 93 28 25 64 59 62 32 22 63 
78 85 80 93 80 27 47 38 59 26 84 72 49 57 73 17 83 22 94 48 56 80 43 19 69 57 23 41 90 0 77 81 88 103 44 80 28 37 45 8 82 33 64 93 51 123 37 58 71 31 
82 21 39 25 33 51 72 58 63 79 10 9 28 20 99 61 101 86 65 38 37 4 54 59 55 70 75 42 85 77 0 22 67 76 53 59 50 55 81 83 75 48 82 66 31 73 47 65 65 55 
65 5 18 12 12 54 62 52 49 75 31 31 34 31 84 64 84 83 43 34 28 18 47 62 38 57 72 40 65 81 22 0 46 54 46 39 58 50 72 88 55 59 68 45 29 52 45 51 47 53 
26 50 28 53 34 68 46 49 29 69 77 74 63 65 50 74 45 78 9 48 40 65 45 72 18 35 68 54 20 88 67 46 0 14 44 9 77 51 54 96 14 83 37 6 52 43 54 31 17 58 
35 57 37 58 43 82 60 64 44 83 86 84 76 78 59 89 52 92 11 62 53 73 60 87 33 48 83 68 25 103 76 54 14 0 59 23 92 66 68 111 24 97 49 11 65 34 68 45 32 72 
40 51 38 58 40 25 18 6 18 30 63 54 31 39 48 30 53 39 50 15 18 54 1 28 25 21 28 15 50 44 53 46 44 59 0 36 36 7 27 52 40 43 32 48 23 80 12 18 28 13 
27 43 21 47 27 59 40 42 23 63 69 65 54 57 50 66 47 72 14 39 31 57 37 64 10 30 62 45 26 80 59 39 9 23 36 0 69 43 50 88 16 74 36 12 43 46 45 25 13 50 
76 61 62 68 60 11 49 33 54 40 56 44 23 30 80 15 87 42 82 30 39 53 35 14 59 56 35 23 86 28 50 58 77 92 36 69 0 30 53 32 76 8 66 81 30 106 24 54 64 24 
46 55 45 62 46 19 20 3 24 25 65 55 31 38 50 23 57 33 57 17 22 56 5 21 32 25 22 13 56 37 55 50 51 66 7 43 30 0 26 45 46 38 36 56 24 87 9 24 35 7 
36 77 61 84 65 42 10 23 26 19 91 81 57 65 28 39 38 26 63 42 44 81 26 39 41 19 22 40 49 45 81 72 54 68 27 50 53 26 0 52 43 61 21 60 50 96 35 24 37 30 
86 92 88 99 88 34 54 46 67 33 89 77 55 62 80 24 90 27 102 55 64 86 51 26 77 65 30 48 98 8 83 88 96 111 52 88 32 45 52 0 90 37 72 101 58 131 45 66 79 39 
12 60 37 64 44 65 36 44 22 60 85 80 65 69 36 69 31 69 23 48 42 73 41 68 19 25 60 53 10 82 75 55 14 24 40 16 76 46 43 90 0 83 25 20 54 56 52 23 12 53 
84 62 66 69 63 19 57 42 61 48 53 41 25 29 88 23 95 50 87 35 44 52 42 22 65 64 43 30 93 33 48 59 83 97 43 74 8 38 61 37 83 0 74 86 33 109 31 61 71 32 
15 73 53 78 58 55 18 32 18 39 93 84 64 70 16 56 21 47 47 46 44 81 33 55 30 12 41 48 28 64 82 68 37 49 32 36 66 36 21 72 25 74 0 44 54 80 44 17 23 42 
32 48 26 50 33 71 52 54 35 74 76 74 65 67 56 78 51 84 3 51 42 63 50 76 23 41 74 57 25 93 66 45 6 11 48 12 81 56 60 101 20 86 44 0 54 36 58 36 23 62 
58 33 32 41 30 24 42 27 36 49 40 31 11 16 70 34 74 56 54 8 12 32 23 32 34 42 45 12 64 51 31 29 52 65 23 43 30 24 50 58 54 33 54 54 0 76 17 37 42 25 
68 52 43 49 46 99 87 86 70 109 80 83 84 83 92 107 86 118 33 77 67 69 81 105 56 76 107 84 59 123 73 52 43 34 80 46 106 87 96 131 56 109 80 36 76 0 86 72 59 92 
52 49 43 57 43 13 29 12 30 32 57 46 21 29 59 21 65 39 59 10 19 49 11 19 35 33 28 5 62 37 47 45 54 68 12 45 24 9 35 45 52 31 44 58 17 86 0 30 40 8 
22 56 38 62 42 43 15 21 2 38 75 67 48 54 33 46 37 47 39 30 27 64 19 45 16 6 38 32 32 58 65 51 31 45 18 25 54 24 24 66 23 61 17 36 37 72 30 0 13 31 
17 52 31 57 36 53 28 33 12 51 75 69 53 58 38 58 37 60 26 36 30 63 29 57 9 17 51 41 22 71 65 47 17 32 28 13 64 35 37 79 12 71 23 23 42 59 40 13 0 42 
53 57 50 65 50 12 25 10 31 24 64 53 28 37 56 16 63 31 64 18 26 57 12 14 39 32 20 13 63 31 55 53 58 72 13 50 24 7 30 39 53 32 42 62 25 92 8 31 42 0 
10 17 20 2 12 8 13 11 7 3 6 5 10 17 18 7 10 3 7 5 4 20 3 4 19 6 17 5 6 10 15 15 6 7 20 16 1 19 2 16 9 2 19 4 15 5 4 5 18 19 
50 50 50 50 50 50 50 50 50 50 50 50 50 50 50 50 50 50 50 50 50 50 50 50 50 50 50 50 50 50 50 50 50 50 50 50 50 50 50 50 50 50 50 50 50 50 50 50 50 50 