5 18 100 25 14
0 65 78 68 3 38 39 66 49 71 91 64 72 98 26 53 68 99 48 88 80 27 87 39 81 76 33 41 86 50 48 66 45 89 22 83 90 84 65 15 53 98 43 74 93 59 51 38 14 41 35 79 22 81 81 62 62 16 61 62 45 68 86 7 48 70 92 54 78 58 89 37 18 42 86 93 23 39 40 11 44 75 56 89 62 57 72 38 76 50 51 75 49 105 21 41 41 70 59 44 
65 0 13 45 67 78 62 46 60 37 28 23 39 46 65 46 15 53 17 28 15 41 23 63 32 23 45 57 43 51 22 38 31 40 52 24 31 32 25 66 26 41 47 45 41 31 23 56 67 67 78 21 45 47 21 51 3 51 29 31 60 41 50 66 70 36 27 25 36 41 50 79 70 26 21 33 43 61 59 60 21 42 9 38 52 64 20 34 11 43 40 20 41 44 57 62 72 8 22 70 
78 13 0 45 80 86 70 47 73 34 14 24 36 36 79 50 14 44 30 16 3 52 9 76 37 28 54 70 36 56 31 49 38 31 63 13 30 36 25 77 32 40 60 54 30 34 30 64 80 74 87 24 58 55 22 62 16 64 31 33 73 40 45 79 83 45 20 31 42 53 44 87 80 40 8 20 55 74 66 71 34 50 22 29 63 76 27 48 4 48 45 14 46 39 68 75 86 8 34 83 
68 45 45 0 71 55 38 3 91 11 46 22 10 37 83 15 31 35 42 40 48 43 46 89 77 68 34 85 22 21 31 80 26 30 46 37 74 78 20 58 23 85 77 88 34 15 27 34 77 41 58 66 58 92 65 89 44 62 16 14 89 5 19 72 98 80 64 22 81 79 23 57 60 55 52 43 50 87 35 57 42 86 42 30 90 97 65 61 48 17 17 31 18 84 48 88 96 39 63 96 
3 67 80 71 0 41 43 69 47 74 93 66 75 100 23 56 70 102 50 90 82 30 89 37 81 77 36 39 88 53 50 65 48 92 25 85 91 85 68 18 56 98 42 73 96 62 54 41 11 44 38 80 23 80 82 60 64 17 64 65 43 72 89 4 45 70 94 57 78 57 93 40 21 43 88 95 25 37 43 14 46 75 58 92 61 55 72 38 78 54 54 77 52 106 24 38 38 72 59 41 
38 78 86 55 41 0 17 52 85 64 94 64 63 91 64 40 72 90 62 89 89 40 92 77 103 97 33 77 77 34 55 94 47 84 28 85 108 106 64 23 54 118 76 103 88 55 55 22 52 14 4 97 50 109 98 94 75 48 58 57 81 58 74 45 86 97 105 55 103 88 78 2 20 66 95 94 43 76 20 30 59 103 69 84 95 94 92 65 87 40 43 77 41 122 24 78 79 78 82 82 
39 62 70 38 43 17 0 35 81 46 77 47 46 74 63 23 55 73 49 72 73 29 75 74 90 83 19 73 60 17 40 84 31 66 21 68 94 92 47 25 38 103 70 92 71 38 39 6 53 4 20 83 44 98 83 86 60 43 41 40 77 41 57 46 83 86 89 38 91 79 61 19 25 55 79 76 35 72 3 29 46 92 54 67 87 89 78 56 71 23 26 60 24 107 19 74 78 62 70 80 
66 46 47 3 69 52 35 0 91 14 49 24 13 40 82 13 33 38 42 43 51 41 49 88 79 70 33 84 25 18 32 81 25 33 43 40 76 79 22 55 23 87 77 89 37 16 27 31 75 38 55 68 57 93 67 89 45 60 17 15 88 7 22 70 97 81 67 23 82 79 26 54 57 55 54 46 48 86 32 55 42 87 43 34 90 97 66 60 50 15 15 33 17 87 46 87 95 41 64 95 
49 60 73 91 47 85 81 91 0 89 88 75 90 106 25 81 72 112 51 89 73 53 83 11 53 54 64 8 100 82 60 32 65 99 60 84 67 57 77 63 69 70 14 35 101 77 65 76 37 84 83 59 37 42 62 18 59 38 77 79 4 89 105 43 11 38 77 69 47 23 106 85 66 37 78 94 46 10 79 55 49 39 55 98 18 8 51 30 69 78 76 79 75 81 63 9 18 69 40 13 
71 37 34 11 74 64 46 14 89 0 35 14 2 28 84 23 22 28 38 29 38 45 35 87 69 60 39 83 14 29 29 74 26 20 50 26 65 69 12 63 20 75 74 81 24 13 24 42 79 50 66 57 59 84 55 84 36 63 11 10 87 6 16 75 96 73 54 19 73 74 18 65 66 52 41 32 51 85 43 61 39 78 35 20 85 94 57 58 38 24 22 20 24 74 53 87 95 30 57 94 
91 28 14 46 93 94 77 49 88 35 0 30 36 25 93 55 23 34 43 6 14 64 5 91 48 40 64 85 30 62 43 62 48 23 74 9 37 46 30 88 40 47 75 67 21 39 40 72 94 81 96 35 71 67 32 77 30 77 36 37 88 41 40 92 98 59 23 39 54 67 38 96 91 55 12 7 68 89 74 83 47 63 35 21 77 91 40 62 18 55 51 17 53 42 78 90 100 21 48 98 
64 23 24 22 66 64 47 24 75 14 30 0 16 34 72 26 9 38 24 25 27 36 28 75 55 46 34 70 24 32 17 59 19 26 45 21 52 55 2 59 11 63 61 67 29 9 12 41 70 51 66 44 48 70 43 70 22 53 7 8 73 18 30 66 83 58 44 10 59 60 31 65 62 38 32 30 42 72 43 55 26 64 21 25 71 80 43 45 26 25 21 13 23 63 49 74 83 17 42 82 
72 39 36 10 75 63 46 13 90 2 36 16 0 28 85 23 24 27 39 30 40 46 36 89 71 62 39 84 14 29 30 76 28 20 51 28 66 71 14 64 21 77 76 83 25 14 25 42 80 49 66 59 60 86 57 86 38 64 12 11 88 5 14 76 98 75 55 21 75 76 17 65 66 53 43 33 52 87 43 62 41 80 37 21 87 96 59 60 40 24 22 22 24 76 54 88 96 32 58 96 
98 46 36 37 100 91 74 40 106 28 25 34 28 0 106 51 34 9 56 20 38 70 29 108 72 64 66 102 14 57 51 85 52 8 77 23 63 71 32 91 44 72 92 90 5 39 47 70 104 77 94 60 82 91 57 98 48 87 36 36 105 33 21 101 115 81 48 43 78 88 17 93 94 70 37 18 76 105 71 88 59 86 51 8 99 111 63 78 40 52 50 26 52 67 81 107 116 38 69 115 
26 65 79 83 23 64 63 82 25 84 93 72 85 106 0 70 73 110 50 92 80 40 89 14 70 68 50 19 97 69 55 51 57 98 42 87 82 73 74 41 63 87 26 57 101 71 60 60 12 65 61 72 24 64 75 42 63 21 72 74 21 82 100 19 22 56 89 64 65 41 102 63 44 38 86 97 33 15 62 34 47 59 57 98 42 33 64 31 76 67 66 81 65 97 43 16 15 72 51 18 
53 46 50 15 56 40 23 13 81 23 55 26 23 51 70 0 35 50 37 50 53 30 54 77 77 68 20 74 37 6 26 76 18 43 31 46 77 78 25 42 19 87 68 84 47 16 23 19 63 26 43 67 46 88 67 82 43 49 19 18 78 18 34 58 87 76 70 20 79 73 38 42 44 48 58 54 37 76 20 42 36 82 39 43 83 88 64 52 52 3 6 38 6 89 33 77 84 42 59 84 
68 15 14 31 70 72 55 33 72 22 23 9 24 34 73 35 0 39 22 20 18 41 20 73 47 38 40 68 28 41 20 53 25 26 50 15 43 47 10 64 17 54 58 60 28 19 17 49 72 59 73 35 50 62 33 65 15 55 16 18 71 26 35 69 81 51 34 17 51 55 35 73 68 36 23 25 45 71 52 60 26 57 16 25 66 77 35 43 17 33 30 7 32 54 55 72 82 8 36 80 
99 53 44 35 102 90 73 38 112 28 34 38 27 9 110 50 39 0 61 28 46 73 37 112 80 72 67 107 13 56 54 92 54 13 78 31 71 79 36 91 47 81 98 97 13 40 50 69 107 76 93 68 86 99 65 104 54 90 38 37 111 32 16 103 121 89 57 46 86 94 12 92 94 75 45 27 79 110 70 89 64 94 56 14 105 117 71 82 48 51 50 33 51 76 82 111 121 44 75 119 
48 17 30 42 50 62 49 42 51 38 43 24 39 56 50 37 22 61 0 42 32 24 39 51 41 34 29 45 48 41 11 39 19 49 36 37 46 43 26 49 19 55 37 47 51 27 15 42 50 53 63 34 28 51 35 47 14 34 27 29 49 39 54 49 59 39 44 19 42 37 55 63 53 14 38 47 25 49 45 42 4 45 8 48 48 56 29 21 28 34 31 30 31 60 41 50 59 22 22 58 
88 28 16 40 90 89 72 43 89 29 6 25 30 20 92 50 20 28 42 0 17 61 9 91 52 44 59 85 24 56 40 65 44 17 70 5 43 51 25 84 36 53 75 70 15 34 37 67 92 76 91 39 69 71 37 79 30 75 31 32 88 35 33 89 99 62 29 35 58 69 31 91 87 54 17 5 65 89 69 80 45 66 34 15 79 92 43 62 20 49 46 13 48 48 74 90 100 20 50 98 
80 15 3 48 82 89 73 51 73 38 14 27 40 38 80 53 18 46 32 17 0 55 9 77 34 26 57 71 39 60 34 48 42 33 66 15 27 33 28 80 35 37 60 52 32 37 34 67 82 77 90 22 60 53 19 62 18 66 35 36 73 43 48 81 84 44 16 34 40 52 47 91 83 41 6 21 57 75 70 74 36 48 24 31 62 76 25 49 4 52 48 17 50 36 70 76 86 11 33 84 
27 41 52 43 30 40 29 41 53 45 64 36 46 70 40 30 41 73 24 61 55 0 60 47 63 57 11 45 59 30 21 55 18 62 12 56 70 66 38 25 25 78 41 63 65 32 24 24 34 33 39 58 16 69 59 57 38 19 34 35 49 43 60 30 57 57 68 26 63 49 63 40 29 25 61 66 7 46 27 19 20 63 31 62 58 60 52 26 51 27 26 48 24 84 17 48 53 43 42 54 
87 23 9 46 89 92 75 49 83 35 5 28 36 29 89 54 20 37 39 9 9 60 0 86 43 35 61 80 32 60 39 58 45 26 70 8 34 42 28 84 38 44 70 62 24 38 37 69 89 79 94 31 67 62 28 72 25 73 35 36 83 41 41 88 93 54 20 37 50 62 40 93 88 50 8 11 64 84 72 79 43 58 31 24 72 86 35 57 13 53 49 15 51 40 75 85 95 17 43 93 
39 63 76 89 37 77 74 88 11 87 91 75 89 108 14 77 73 112 51 91 77 47 86 0 61 61 58 7 99 78 58 40 62 100 52 86 75 65 77 54 67 78 17 45 102 75 63 70 26 76 74 65 31 52 68 29 61 30 76 77 7 87 104 33 9 46 83 68 55 31 106 76 57 37 82 96 40 2 72 47 48 48 57 99 29 18 57 30 73 74 73 81 72 89 55 2 9 71 45 7 
81 32 37 77 81 103 90 79 53 69 48 55 71 72 70 77 47 80 41 52 34 63 43 61 0 9 71 54 72 82 51 21 60 68 75 50 15 4 57 87 57 17 44 21 67 63 54 84 76 94 103 12 59 19 15 36 33 64 61 63 55 73 81 78 64 15 29 57 7 30 81 104 91 39 36 55 62 59 87 79 44 16 37 66 36 52 12 43 32 74 71 50 71 28 80 59 70 39 22 66 
76 23 28 68 77 97 83 70 54 60 40 46 62 64 68 68 38 72 34 44 26 57 35 61 9 0 64 54 64 73 43 24 52 59 69 41 14 9 48 81 49 21 44 26 59 54 45 76 73 87 96 5 54 26 8 39 25 60 52 54 55 64 72 75 65 19 23 48 14 31 72 97 85 34 28 47 56 59 79 74 37 22 29 57 39 55 5 39 24 66 62 41 63 29 74 59 70 30 17 66 
33 45 54 34 36 33 19 33 64 39 64 34 39 66 50 20 40 67 29 59 57 11 61 58 71 64 0 56 53 19 22 64 15 58 11 55 75 73 35 25 23 84 52 73 62 27 23 13 43 23 33 64 27 79 65 68 42 29 30 30 60 35 53 37 68 66 72 24 71 59 57 34 28 35 63 64 18 57 16 22 26 72 36 58 69 71 59 37 54 17 17 46 16 89 15 59 64 45 50 65 
41 57 70 85 39 77 73 84 8 83 85 70 84 102 19 74 68 107 45 85 71 45 80 7 54 54 56 0 94 75 54 33 58 95 52 80 68 58 72 55 63 71 10 39 96 71 59 68 30 76 75 58 29 46 61 23 55 30 72 73 4 83 99 35 13 39 76 63 48 24 101 77 58 31 76 90 38 5 71 47 43 42 51 93 23 16 50 24 67 71 69 75 68 82 55 5 16 65 38 13 
86 43 36 22 88 77 60 25 100 14 30 24 14 14 97 37 28 13 48 24 39 59 32 99 72 64 53 94 0 43 41 81 40 8 65 24 66 72 22 78 33 76 85 88 12 26 36 56 93 63 80 60 72 90 58 93 43 77 24 23 98 19 9 89 108 79 52 32 78 83 8 79 80 63 40 25 65 97 57 75 50 85 44 10 94 105 62 70 40 38 36 22 38 72 68 99 107 34 64 106 
50 51 56 21 53 34 17 18 82 29 62 32 29 57 69 6 41 56 41 56 60 30 60 78 82 73 19 75 43 0 30 79 21 50 28 53 83 83 32 38 25 93 70 87 54 22 28 13 61 20 37 72 46 92 72 85 49 48 25 24 79 24 40 55 87 80 76 25 83 76 44 36 39 51 65 60 37 76 14 39 39 86 44 50 86 90 69 54 58 7 11 45 10 95 29 78 83 48 63 84 
48 22 31 31 50 55 40 32 60 29 43 17 30 51 55 26 20 54 11 40 34 21 39 58 51 43 22 54 41 30 0 50 8 43 31 35 53 53 18 45 8 63 46 58 46 17 5 33 53 44 56 43 31 62 43 57 19 36 17 19 58 29 45 50 67 50 49 9 53 47 47 56 49 23 40 45 25 56 36 40 10 56 14 42 58 66 38 29 31 23 20 27 20 67 36 58 66 23 33 65 
66 38 49 80 65 94 84 81 32 74 62 59 76 85 51 76 53 92 39 65 48 55 58 40 21 24 64 33 81 79 50 0 58 79 66 61 36 25 62 75 58 38 25 8 79 65 54 78 59 88 93 29 45 15 32 15 38 50 64 66 34 77 89 62 43 6 47 58 15 9 89 94 79 29 51 69 51 38 81 67 40 9 38 77 15 31 22 29 44 73 70 59 70 49 70 38 49 47 17 45 
45 31 38 26 48 47 31 25 65 26 48 19 28 52 57 18 25 54 19 44 42 18 45 62 60 52 15 58 40 21 8 58 0 44 26 39 62 62 20 40 8 72 51 66 47 13 8 25 52 36 48 51 32 71 52 64 28 36 16 17 62 25 42 48 71 58 57 9 61 55 45 48 43 30 47 49 24 60 28 36 18 64 23 43 65 71 47 35 39 15 12 31 12 75 30 62 69 30 41 69 
89 40 31 30 92 84 66 33 99 20 23 26 20 8 98 43 26 13 49 17 33 62 26 100 68 59 58 95 8 50 43 79 44 0 69 18 60 67 24 83 36 70 85 85 4 31 39 62 96 70 86 55 74 86 53 91 41 79 28 28 98 25 17 92 108 76 46 35 74 81 14 86 86 63 34 17 68 98 63 80 51 81 43 2 92 104 58 70 35 44 42 20 44 65 73 99 108 31 62 107 
22 52 63 46 25 28 21 43 60 50 74 45 51 77 42 31 50 78 36 70 66 12 70 52 75 69 11 52 65 28 31 66 26 69 0 65 82 78 46 14 34 90 49 74 73 38 33 17 33 24 27 70 23 81 71 66 49 22 41 41 56 47 65 27 62 69 80 35 75 59 68 28 17 37 72 75 14 51 19 11 32 74 43 69 67 68 64 36 62 28 29 57 27 96 5 53 57 54 54 58 
83 24 13 37 85 85 68 40 84 26 9 21 28 23 87 46 15 31 37 5 15 56 8 86 50 41 55 80 24 53 35 61 39 18 65 0 42 49 21 79 31 52 71 67 17 30 32 62 87 72 87 37 64 68 34 75 25 70 27 28 84 32 33 84 94 58 28 30 55 65 32 87 83 49 16 10 60 84 64 75 40 63 29 16 75 88 40 57 17 45 42 8 44 49 69 85 95 15 46 93 
90 31 30 74 91 108 94 76 67 65 37 52 66 63 82 77 43 71 46 43 27 70 34 75 15 14 75 68 66 83 53 36 62 60 82 42 0 11 54 94 57 10 58 36 58 62 55 87 88 98 109 11 68 33 10 51 34 74 60 61 69 70 75 89 78 30 15 57 22 44 74 109 98 47 26 45 69 73 90 87 49 31 39 58 51 67 18 53 26 75 71 44 72 14 87 73 84 35 32 80 
84 32 36 78 85 106 92 79 57 69 46 55 71 71 73 78 47 79 43 51 33 66 42 65 4 9 73 58 72 83 53 25 62 67 78 49 11 0 57 90 58 13 48 24 66 64 55 86 80 97 106 12 62 21 14 40 34 68 62 64 59 73 81 82 68 19 26 58 10 34 80 106 94 42 34 53 65 63 89 82 47 20 38 65 40 56 14 46 32 76 72 50 73 24 83 63 74 39 25 70 
65 25 25 20 68 64 47 22 77 12 30 2 14 32 74 25 10 36 26 25 28 38 28 77 57 48 35 72 22 32 18 62 20 24 46 21 54 57 0 60 12 64 63 69 27 9 14 41 71 51 66 45 50 72 44 72 24 55 6 7 75 16 27 68 85 60 45 11 61 62 29 66 63 40 33 29 43 74 43 56 28 66 23 24 73 82 45 47 27 24 21 13 23 65 50 76 85 18 44 84 
15 66 77 58 18 23 25 55 63 63 88 59 64 91 41 42 64 91 49 84 80 25 84 54 87 81 25 55 78 38 45 75 40 83 14 79 94 90 60 0 48 102 55 83 87 52 47 25 29 26 20 82 29 90 84 73 63 26 55 55 58 59 77 22 63 78 94 49 85 67 81 22 4 48 86 89 24 53 26 8 45 84 56 83 74 71 76 45 76 40 41 71 40 109 10 55 56 68 65 59 
53 26 32 23 56 54 38 23 69 20 40 11 21 44 63 19 17 47 19 36 35 25 38 67 57 49 23 63 33 25 8 58 8 36 34 31 57 58 12 48 0 68 55 66 40 8 4 31 59 42 55 47 38 70 47 66 24 43 9 10 66 20 36 56 76 58 51 1 60 56 39 55 51 32 41 41 31 65 34 44 19 64 20 36 67 75 44 38 33 17 13 23 15 70 38 66 74 24 41 74 
98 41 40 85 98 118 103 87 70 75 47 63 77 72 87 87 54 81 55 53 37 78 44 78 17 21 84 71 76 93 63 38 72 70 90 52 10 13 64 102 68 0 61 35 68 72 65 97 93 108 118 20 75 31 20 52 44 81 70 72 72 80 85 95 81 32 24 67 23 47 84 118 107 55 36 54 78 76 100 95 58 31 49 68 52 68 26 59 37 85 81 55 83 12 95 76 87 45 38 83 
43 47 60 77 42 76 70 77 14 74 75 61 76 92 26 68 58 98 37 75 60 41 70 17 44 44 52 10 85 70 46 25 51 85 49 71 58 48 63 55 55 61 0 31 87 63 51 65 34 73 74 48 26 38 51 18 45 29 63 65 13 75 91 38 23 30 66 55 39 15 92 76 59 22 65 80 35 15 68 47 35 34 41 84 19 20 40 16 56 65 63 65 62 72 53 15 26 55 27 23 
74 45 54 88 73 103 92 89 35 81 67 67 83 90 57 84 60 97 47 70 52 63 62 45 21 26 73 39 88 87 58 8 66 85 74 67 36 24 69 83 66 35 31 0 85 73 62 86 66 96 102 31 53 7 35 17 45 58 72 74 38 84 95 70 46 8 49 66 13 16 96 103 87 37 55 74 59 44 90 75 48 4 46 83 17 33 26 38 49 81 78 65 78 47 79 43 53 53 25 49 
93 41 30 34 96 88 71 37 101 24 21 29 25 5 101 47 28 13 51 15 32 65 24 102 67 59 62 96 12 54 46 79 47 4 73 17 58 66 27 87 40 68 87 85 0 35 42 66 99 74 91 55 77 86 52 92 42 82 32 32 100 30 21 96 110 76 44 39 73 82 18 90 90 65 32 14 71 100 67 84 54 81 45 4 93 105 58 72 35 48 46 21 48 63 77 101 110 32 63 109 
59 31 34 15 62 55 38 16 77 13 39 9 14 39 71 16 19 40 27 34 37 32 38 75 63 54 27 71 26 22 17 65 13 31 38 30 62 64 9 52 8 72 63 73 35 0 12 32 66 42 57 52 46 77 52 74 29 50 3 3 74 12 29 62 84 65 54 7 66 64 31 56 55 40 42 38 38 73 34 49 27 71 27 31 75 83 50 46 36 15 12 22 13 73 42 74 82 26 48 82 
51 23 30 27 54 55 39 27 65 24 40 12 25 47 60 23 17 50 15 37 34 24 37 63 54 45 23 59 36 28 5 54 8 39 33 32 55 55 14 47 4 65 51 62 42 12 0 33 57 43 56 44 35 66 44 62 21 40 12 14 63 24 40 54 72 54 49 4 56 52 42 56 50 28 39 42 29 61 36 43 15 60 16 38 63 71 41 34 31 20 17 24 17 67 37 63 71 22 37 70 
38 56 64 34 41 22 6 31 76 42 72 41 42 70 60 19 49 69 42 67 67 24 69 70 84 76 13 68 56 13 33 78 25 62 17 62 87 86 41 25 31 97 65 86 66 32 33 0 50 10 24 76 39 92 77 81 53 39 35 35 72 37 53 44 79 80 83 32 84 73 57 24 26 49 72 71 30 68 3 27 39 86 48 62 82 84 72 50 64 18 20 54 18 101 17 70 74 55 63 76 
14 67 80 77 11 52 53 75 37 79 94 70 80 104 12 63 72 107 50 92 82 34 89 26 76 73 43 30 93 61 53 59 52 96 33 87 88 80 71 29 59 93 34 66 99 66 57 50 0 54 49 76 22 73 79 52 64 16 68 69 33 77 95 7 34 64 92 60 72 50 98 51 32 41 88 97 28 26 52 24 46 68 58 95 53 45 69 34 78 60 60 79 58 102 34 28 27 72 56 30 
41 67 74 41 44 14 4 38 84 50 81 51 49 77 65 26 59 76 53 76 77 33 79 76 94 87 23 76 63 20 44 88 36 70 24 72 98 97 51 26 42 108 73 96 74 42 43 10 54 0 17 87 47 102 87 90 64 46 45 44 80 44 60 47 85 90 93 43 95 82 64 16 25 58 83 80 38 75 7 30 50 96 58 70 91 92 82 59 75 26 29 64 28 111 21 77 80 66 74 82 
35 78 87 58 38 4 20 55 83 66 96 66 66 94 61 43 73 93 63 91 90 39 94 74 103 96 33 75 80 37 56 93 48 86 27 87 109 106 66 20 55 118 74 102 91 57 56 24 49 17 0 97 48 108 98 93 75 45 60 59 79 61 77 42 83 96 106 56 102 86 81 2 17 65 96 96 42 73 23 27 59 102 69 87 93 91 91 64 87 42 45 79 43 123 23 75 76 79 81 79 
79 21 24 66 80 97 83 68 59 57 35 44 59 60 72 67 35 68 34 39 22 58 31 65 12 5 64 58 60 72 43 29 51 55 70 37 11 12 45 82 47 20 48 31 55 52 44 76 76 87 97 0 57 31 3 44 23 62 50 52 60 61 69 77 70 24 18 47 18 36 68 98 87 36 23 42 58 63 79 75 38 27 28 53 44 60 8 42 20 65 61 38 62 26 75 63 74 27 21 71 
22 45 58 58 23 50 44 57 37 59 71 48 60 82 24 46 50 86 28 69 60 16 67 31 59 54 27 29 72 46 31 45 32 74 23 64 68 62 50 29 38 75 26 53 77 46 35 39 22 47 48 57 0 60 59 44 42 6 48 49 33 58 75 21 40 49 71 39 56 38 77 50 33 20 66 74 9 29 42 21 24 54 36 73 45 45 49 16 56 43 42 57 41 83 26 31 37 50 37 38 
81 47 55 92 80 109 98 93 42 84 67 70 86 91 64 88 62 99 51 71 53 69 62 52 19 26 79 46 90 92 62 15 71 86 81 68 33 21 72 90 70 31 38 7 86 77 66 92 73 102 108 31 60 0 34 23 48 65 76 78 45 88 98 77 52 12 48 70 12 23 98 109 94 43 55 74 66 51 95 82 53 6 50 84 23 39 28 44 50 86 82 67 83 43 85 50 60 55 29 55 
81 21 22 65 82 98 83 67 62 55 32 43 57 57 75 67 33 65 35 37 19 59 28 68 15 8 65 61 58 72 43 32 52 53 71 34 10 14 44 84 47 20 51 35 52 52 44 77 79 87 98 3 59 34 0 47 23 65 49 51 63 60 67 80 73 27 15 47 22 39 66 99 88 38 20 39 59 66 80 77 39 31 29 51 48 63 11 44 18 65 61 36 62 24 76 66 77 25 24 74 
62 51 62 89 60 94 86 89 18 84 77 70 86 98 42 82 65 104 47 79 62 57 72 29 36 39 68 23 93 85 57 15 64 91 66 75 51 40 72 73 66 52 18 17 92 74 62 81 52 90 93 44 44 23 47 0 50 47 74 76 21 86 100 57 29 20 63 66 29 10 101 94 77 34 66 83 52 27 84 65 47 21 49 90 1 16 37 31 58 79 76 71 76 63 70 26 36 60 29 32 
62 3 16 44 64 75 60 45 59 36 30 22 38 48 63 43 15 54 14 30 18 38 25 61 33 25 42 55 43 49 19 38 28 41 49 25 34 34 24 63 24 44 45 45 42 29 21 53 64 64 75 23 42 48 23 50 0 48 28 30 58 40 50 63 68 36 30 23 37 40 51 76 67 24 24 35 40 59 56 56 18 42 6 39 51 62 21 31 14 41 38 21 38 47 54 60 70 10 21 68 
16 51 64 62 17 48 43 60 38 63 77 53 64 87 21 49 55 90 34 75 66 19 73 30 64 60 29 30 77 48 36 50 36 79 22 70 74 68 55 26 43 81 29 58 82 50 40 39 16 46 45 62 6 65 65 47 48 0 52 53 34 61 79 15 40 54 77 44 62 42 82 47 29 26 72 80 12 29 42 18 30 59 42 78 48 46 55 21 62 46 45 63 43 89 25 31 35 56 42 36 
61 29 31 16 64 58 41 17 77 11 36 7 12 36 72 19 16 38 27 31 35 34 35 76 61 52 30 72 24 25 17 64 16 28 41 27 60 62 6 55 9 70 63 72 32 3 12 35 68 45 60 50 48 76 49 74 28 52 0 2 75 12 27 65 85 64 51 8 65 64 29 60 58 41 39 35 40 74 37 51 28 70 26 28 75 83 49 47 33 18 15 19 17 71 45 75 84 24 47 83 
62 31 33 14 65 57 40 15 79 10 37 8 11 36 74 18 18 37 29 32 36 35 36 77 63 54 30 73 23 24 19 66 17 28 41 28 61 64 7 55 10 72 65 74 32 3 14 35 69 44 59 52 49 78 51 76 30 53 2 0 77 10 26 65 86 66 53 10 67 66 28 59 58 42 41 36 41 75 37 52 30 72 28 28 77 85 51 49 35 17 14 20 16 72 45 77 85 26 49 85 
45 60 73 89 43 81 77 88 4 87 88 73 88 105 21 78 71 111 49 88 73 49 83 7 55 55 60 4 98 79 58 34 62 98 56 84 69 59 75 58 66 72 13 38 100 74 63 72 33 80 79 60 33 45 63 21 58 34 75 77 0 87 103 39 10 40 78 67 49 25 104 80 62 35 78 93 42 6 75 51 47 41 54 97 22 12 52 28 69 75 73 78 73 83 59 5 15 68 40 11 
68 41 40 5 72 58 41 7 89 6 41 18 5 33 82 18 26 32 39 35 43 43 41 87 73 64 35 83 19 24 29 77 25 25 47 32 70 73 16 59 20 80 75 84 30 12 24 37 77 44 61 61 58 88 60 86 40 61 12 10 87 0 17 73 96 76 59 20 77 76 21 60 62 53 47 38 49 85 38 58 40 82 38 26 87 95 61 59 43 19 18 26 19 80 50 87 94 34 59 94 
86 50 45 19 89 74 57 22 105 16 40 30 14 21 100 34 35 16 54 33 48 60 41 104 81 72 53 99 9 40 45 89 42 17 65 33 75 81 27 77 36 85 91 95 21 29 40 53 95 60 77 69 75 98 67 100 50 79 27 26 103 17 0 90 112 87 62 36 86 89 4 76 79 68 49 34 67 101 54 76 55 92 50 19 101 110 70 74 49 36 35 31 37 82 67 103 111 42 71 111 
7 66 79 72 4 45 46 70 43 75 92 66 76 101 19 58 69 103 49 89 81 30 88 33 78 75 37 35 89 55 50 62 48 92 27 84 89 82 68 22 56 95 38 70 96 62 54 44 7 47 42 77 21 77 80 57 63 15 65 65 39 73 90 0 41 67 92 57 75 53 93 44 25 41 87 95 24 32 46 17 45 71 57 92 57 51 70 35 77 55 55 77 53 104 27 34 34 71 57 37 
48 70 83 98 45 86 83 97 11 96 98 83 98 115 22 87 81 121 59 99 84 57 93 9 64 65 68 13 108 87 67 43 71 108 62 94 78 68 85 63 76 81 23 46 110 84 72 79 34 85 83 70 40 52 73 29 68 40 85 86 10 96 112 41 0 49 88 76 58 34 114 85 66 45 89 103 50 11 82 56 57 50 64 107 29 14 62 38 80 84 82 89 81 92 64 9 9 78 50 4 
70 36 45 80 70 97 86 81 38 73 59 58 75 81 56 76 51 89 39 62 44 57 54 46 15 19 66 39 79 80 50 6 58 76 69 58 30 19 60 78 58 32 30 8 76 65 54 80 64 90 96 24 49 12 27 20 36 54 64 66 40 76 87 67 49 0 42 58 9 15 87 97 83 31 47 65 54 44 83 70 41 6 38 74 21 37 18 33 41 73 70 57 70 43 73 44 55 44 17 51 
92 27 20 64 94 105 89 67 77 54 23 44 55 48 89 70 34 57 44 29 16 68 20 83 29 23 72 76 52 76 49 47 57 46 80 28 15 26 45 94 51 24 66 49 44 54 49 83 92 93 106 18 71 48 15 63 30 77 51 53 78 59 62 92 88 42 0 50 36 54 60 106 97 51 12 30 70 81 85 87 49 45 37 44 63 78 26 58 18 68 65 33 66 20 85 81 92 27 38 89 
54 25 31 22 57 55 38 23 69 19 39 10 21 43 64 20 17 46 19 35 34 26 37 68 57 48 24 63 32 25 9 58 9 35 35 30 57 58 11 49 1 67 55 66 39 7 4 32 60 43 56 47 39 70 47 66 23 44 8 10 67 20 36 57 76 58 50 0 59 56 38 56 52 33 40 40 32 65 35 45 20 64 20 35 67 75 44 39 32 18 14 22 15 69 39 67 75 23 41 75 
78 36 42 81 78 103 91 82 47 73 54 59 75 78 65 79 51 86 42 58 40 63 50 55 7 14 71 48 78 83 53 15 61 74 75 55 22 10 61 85 60 23 39 13 73 66 56 84 72 95 102 18 56 12 22 29 37 62 65 67 49 77 86 75 58 9 36 59 0 24 86 103 89 37 42 61 60 53 88 77 45 9 39 72 29 45 16 40 38 76 73 55 73 34 79 53 64 43 21 60 
58 41 53 79 57 88 79 79 23 74 67 60 76 88 41 73 55 94 37 69 52 49 62 31 30 31 59 24 83 76 47 9 55 81 59 65 44 34 62 67 56 47 15 16 82 64 52 73 50 82 86 36 38 23 39 10 40 42 64 66 25 76 89 53 34 15 54 56 24 0 90 88 71 25 56 73 44 29 76 59 37 18 38 80 11 24 28 23 48 70 67 61 67 58 64 29 40 49 19 36 
89 50 44 23 93 78 61 26 106 18 38 31 17 17 102 38 35 12 55 31 47 63 40 106 81 72 57 101 8 44 47 89 45 14 68 32 74 80 29 81 39 84 92 96 18 31 42 57 98 64 81 68 77 98 66 101 51 82 29 28 104 21 4 93 114 87 60 38 86 90 0 80 83 69 48 31 70 103 58 79 57 93 51 16 102 112 70 76 48 40 39 30 41 80 71 105 113 42 72 113 
37 79 87 57 40 2 19 54 85 65 96 65 65 93 63 42 73 92 63 91 91 40 93 76 104 97 34 77 79 36 56 94 48 86 28 87 109 106 66 22 55 118 76 103 90 56 56 24 51 16 2 98 50 109 99 94 76 47 60 59 80 60 76 44 85 97 106 56 103 88 80 0 19 66 96 95 43 75 22 29 60 103 70 86 95 93 92 65 88 42 44 78 43 123 24 77 78 79 82 81 
18 70 80 60 21 20 25 57 66 66 91 62 66 94 44 44 68 94 53 87 83 29 88 57 91 85 28 58 80 39 49 79 43 86 17 83 98 94 63 4 51 107 59 87 90 55 50 26 32 25 17 87 33 94 88 77 67 29 58 58 62 62 79 25 66 83 97 52 89 71 83 19 0 52 89 92 29 56 26 12 49 88 60 86 78 74 80 49 80 42 44 74 42 113 13 58 59 72 69 62 
42 26 40 55 43 66 55 55 37 52 55 38 53 70 38 48 36 75 14 54 41 25 50 37 39 34 35 31 63 51 23 29 30 63 37 49 47 42 40 48 32 55 22 37 65 40 28 49 41 58 65 36 20 43 38 34 24 26 41 42 35 53 68 41 45 31 51 33 37 25 69 66 52 0 47 59 23 35 52 40 13 37 19 61 35 42 29 7 37 45 42 43 42 62 42 36 46 34 17 44 
86 21 8 52 88 95 79 54 78 41 12 32 43 37 86 58 23 45 38 17 6 61 8 82 36 28 63 76 40 65 40 51 47 34 72 16 26 34 33 86 41 36 65 55 32 42 39 72 88 83 96 23 66 55 20 66 24 72 39 41 78 47 49 87 89 47 12 40 42 56 48 96 89 47 0 19 63 80 75 80 42 51 30 32 66 80 29 54 10 57 53 21 55 32 76 81 92 17 38 89 
93 33 20 43 95 94 76 46 94 32 7 30 33 18 97 54 25 27 47 5 21 66 11 96 55 47 64 90 25 60 45 69 49 17 75 10 45 53 29 89 41 54 80 74 14 38 42 71 97 80 96 42 74 74 39 83 35 80 35 36 93 38 34 95 103 65 30 40 61 73 31 95 92 59 19 0 70 94 73 85 50 70 39 15 84 97 47 67 24 53 50 18 52 49 79 95 105 25 54 103 
23 43 55 50 25 43 35 48 46 51 68 42 52 76 33 37 45 79 25 65 57 7 64 40 62 56 18 38 65 37 25 51 24 68 14 60 69 65 43 24 31 78 35 59 71 38 29 30 28 38 42 58 9 66 59 52 40 12 40 41 42 49 67 24 50 54 70 32 60 44 70 43 29 23 63 70 0 39 33 17 21 60 33 67 53 54 51 21 53 34 33 52 32 84 19 41 46 47 40 47 
39 61 74 87 37 76 72 86 10 85 89 72 87 105 15 76 71 110 49 89 75 46 84 2 59 59 57 5 97 76 56 38 60 98 51 84 73 63 74 53 65 76 15 44 100 73 61 68 26 75 73 63 29 51 66 27 59 29 74 75 6 85 101 32 11 44 81 65 53 29 103 75 56 35 80 94 39 0 71 46 46 47 54 97 28 18 55 27 71 72 71 79 70 87 54 2 11 68 42 9 
40 59 66 35 43 20 3 32 79 43 74 43 43 71 62 20 52 70 45 69 70 27 72 72 87 79 16 71 57 14 36 81 28 63 19 64 90 89 43 26 34 100 68 90 67 34 36 3 52 7 23 79 42 95 80 84 56 42 37 37 75 38 54 46 82 83 85 35 88 76 58 22 26 52 75 73 33 71 0 28 42 89 51 63 85 87 75 53 67 19 22 56 20 103 18 73 77 58 67 78 
11 60 71 57 14 30 29 55 55 61 83 55 62 88 34 42 60 89 42 80 74 19 79 47 79 74 22 47 75 39 40 67 36 80 11 75 87 82 56 8 44 95 47 75 84 49 43 27 24 30 27 75 21 82 77 65 56 18 51 52 51 58 76 17 56 70 87 45 77 59 79 29 12 40 80 85 17 46 28 0 38 76 50 80 66 63 69 37 70 39 40 67 38 102 10 48 49 63 57 52 
44 21 34 42 46 59 46 42 49 39 47 26 41 59 47 36 26 64 4 45 36 20 43 48 44 37 26 43 50 39 10 40 18 51 32 40 49 47 28 45 19 58 35 48 54 27 15 39 46 50 59 38 24 53 39 47 18 30 28 30 47 40 55 45 57 41 49 20 45 37 57 60 49 13 42 50 21 46 42 38 0 47 12 50 48 55 32 19 32 33 30 33 30 64 37 48 57 26 24 55 
75 42 50 86 75 103 92 87 39 78 63 64 80 86 59 82 57 94 45 66 48 63 58 48 16 22 72 42 85 86 56 9 64 81 74 63 31 20 66 84 64 31 34 4 81 71 60 86 68 96 102 27 54 6 31 21 42 59 70 72 41 82 92 71 50 6 45 64 9 18 93 103 88 37 51 70 60 47 89 76 47 0 44 79 21 37 23 38 46 79 76 62 76 43 79 46 57 50 23 52 
56 9 22 42 58 69 54 43 55 35 35 21 37 51 57 39 16 56 8 34 24 31 31 57 37 29 36 51 44 44 14 38 23 43 43 29 39 38 23 56 20 49 41 46 45 27 16 48 58 58 69 28 36 50 29 49 6 42 26 28 54 38 50 57 64 38 37 20 39 38 51 70 60 19 30 39 33 54 51 50 12 44 0 42 50 60 24 27 20 37 33 24 34 53 48 56 65 14 21 64 
89 38 29 30 92 84 67 34 98 20 21 25 21 8 98 43 25 14 48 15 31 62 24 99 66 57 58 93 10 50 42 77 43 2 69 16 58 65 24 83 36 68 84 83 4 31 38 62 95 70 87 53 73 84 51 90 39 78 28 28 97 26 19 92 107 74 44 35 72 80 16 86 86 61 32 15 67 97 63 80 50 79 42 0 91 102 56 69 33 44 42 18 44 63 73 98 107 30 61 106 
62 52 63 90 61 95 87 90 18 85 77 71 87 99 42 83 66 105 48 79 62 58 72 29 36 39 69 23 94 86 58 15 65 92 67 75 51 40 73 74 67 52 19 17 93 75 63 82 53 91 93 44 45 23 48 1 51 48 75 77 22 87 101 57 29 21 63 67 29 11 102 95 78 35 66 84 53 28 85 66 48 21 50 91 0 16 38 32 59 80 77 72 77 63 71 27 37 60 30 32 
57 64 76 97 55 94 89 97 8 94 91 80 96 111 33 88 77 117 56 92 76 60 86 18 52 55 71 16 105 90 66 31 71 104 68 88 67 56 82 71 75 68 20 33 105 83 71 84 45 92 91 60 45 39 63 16 62 46 83 85 12 95 110 51 14 37 78 75 45 24 112 93 74 42 80 97 54 18 87 63 55 37 60 102 16 0 52 36 72 85 83 84 82 80 71 17 23 72 42 18 
72 20 27 65 72 92 78 66 51 57 40 43 59 63 64 64 35 71 29 43 25 52 35 57 12 5 59 50 62 69 38 22 47 58 64 40 18 14 45 76 44 26 40 26 58 50 41 72 69 82 91 8 49 28 11 37 21 55 49 51 52 61 70 70 62 18 26 44 16 28 70 92 80 29 29 47 51 55 75 69 32 23 24 56 38 52 0 34 22 62 58 39 59 33 69 55 66 27 13 63 
38 34 48 61 38 65 56 60 30 58 62 45 60 78 31 52 43 82 21 62 49 26 57 30 43 39 37 24 70 54 29 29 35 70 36 57 53 46 47 45 38 59 16 38 72 46 34 50 34 59 64 42 16 44 44 31 31 21 47 49 28 59 74 35 38 33 58 39 40 23 76 65 49 7 54 67 21 27 53 37 19 38 27 69 32 36 34 0 45 49 46 51 46 68 41 29 38 41 21 37 
76 11 4 48 78 87 71 50 69 38 18 26 40 40 76 52 17 48 28 20 4 51 13 73 32 24 54 67 40 58 31 44 39 35 62 17 26 32 27 76 33 37 56 49 35 36 31 64 78 75 87 20 56 50 18 58 14 62 33 35 69 43 49 77 80 41 18 32 38 48 48 88 80 37 10 24 53 71 67 70 32 46 20 33 59 72 22 45 0 50 46 18 48 37 67 72 82 9 30 80 
50 43 48 17 54 40 23 15 78 24 55 25 24 52 67 3 33 51 34 49 52 27 53 74 74 66 17 71 38 7 23 73 15 44 28 45 75 76 24 40 17 85 65 81 48 15 20 18 60 26 42 65 43 86 65 79 41 46 18 17 75 19 36 55 84 73 68 18 76 70 40 42 42 45 57 53 34 72 19 39 33 79 37 44 80 85 62 49 50 0 3 37 3 87 31 74 80 41 56 81 
51 40 45 17 54 43 26 15 76 22 51 21 22 50 66 6 30 50 31 46 48 26 49 73 71 62 17 69 36 11 20 70 12 42 29 42 71 72 21 41 13 81 63 78 46 12 17 20 60 29 45 61 42 82 61 76 38 45 15 14 73 18 35 55 82 70 65 14 73 67 39 44 44 42 53 50 33 71 22 40 30 76 33 42 77 83 58 46 46 3 0 34 2 84 32 72 79 37 53 79 
75 20 14 31 77 77 60 33 79 20 17 13 22 26 81 38 7 33 30 13 17 48 15 81 50 41 46 75 22 45 27 59 31 20 57 8 44 50 13 71 23 55 65 65 21 22 24 54 79 64 79 38 57 67 36 71 21 63 19 20 78 26 31 77 89 57 33 22 55 61 30 78 74 43 21 18 52 79 56 67 33 62 24 18 72 84 39 51 18 37 34 0 36 53 61 80 89 12 42 88 
49 41 46 18 52 41 24 17 75 24 53 23 24 52 65 6 32 51 31 48 50 24 51 72 71 63 16 68 38 10 20 70 12 44 27 44 72 73 23 40 15 83 62 78 48 13 17 18 58 28 43 62 41 83 62 76 38 43 17 16 73 19 37 53 81 70 66 15 73 67 41 43 42 42 55 52 32 70 20 38 30 76 34 44 77 82 59 46 48 3 2 36 0 85 30 72 78 38 53 78 
105 44 39 84 106 122 107 87 81 74 42 63 76 67 97 89 54 76 60 48 36 84 40 89 28 29 89 82 72 95 67 49 75 65 96 49 14 24 65 109 70 12 72 47 63 73 67 101 102 111 123 26 83 43 24 63 47 89 71 72 83 80 82 104 92 43 20 69 34 58 80 123 113 62 32 49 84 87 103 102 64 43 53 63 63 80 33 68 37 87 84 53 85 0 101 87 98 46 46 94 
21 57 68 48 24 24 19 46 63 53 78 49 54 81 43 33 55 82 41 74 70 17 75 55 80 74 15 55 68 29 36 70 30 73 5 69 87 83 50 10 38 95 53 79 77 42 37 17 34 21 23 75 26 85 76 70 54 25 45 45 59 50 67 27 64 73 85 39 79 64 71 24 13 42 76 79 19 54 18 10 37 79 48 73 71 71 69 41 67 31 32 61 30 101 0 56 58 59 58 61 
41 62 75 88 38 78 74 87 9 87 90 74 88 107 16 77 72 111 50 90 76 48 85 2 59 59 59 5 99 78 58 38 62 99 53 85 73 63 76 55 66 76 15 43 101 74 63 70 28 77 75 63 31 50 66 26 60 31 75 77 5 87 103 34 9 44 81 67 53 29 105 77 58 36 81 95 41 2 73 48 48 46 56 98 27 17 55 29 72 74 72 80 72 87 56 0 11 69 43 8 
41 72 86 96 38 79 78 95 18 95 100 83 96 116 15 84 82 121 59 100 86 53 95 9 70 70 64 16 107 83 66 49 69 108 57 95 84 74 85 56 74 87 26 53 110 82 71 74 27 80 76 74 37 60 77 36 70 35 84 85 15 94 111 34 9 55 92 75 64 40 113 78 59 46 92 105 46 11 77 49 57 57 65 107 37 23 66 38 82 80 79 89 78 98 58 11 0 80 54 5 
70 8 8 39 72 78 62 41 69 30 21 17 32 38 72 42 8 44 22 20 11 43 17 71 39 30 45 65 34 48 23 47 30 31 54 15 35 39 18 68 24 45 55 53 32 26 22 55 72 66 79 27 50 55 25 60 10 56 24 26 68 34 42 71 78 44 27 23 43 49 42 79 72 34 17 25 47 68 58 63 26 50 14 30 60 72 27 41 9 41 37 12 38 46 59 69 80 0 30 78 
59 22 34 63 59 82 70 64 40 57 48 42 58 69 51 59 36 75 22 50 33 42 43 45 22 17 50 38 64 63 33 17 41 62 54 46 32 25 44 65 41 38 27 25 63 48 37 63 56 74 81 21 37 29 24 29 21 42 47 49 40 59 71 57 50 17 38 41 21 19 72 82 69 17 38 54 40 42 67 57 24 23 21 61 30 42 13 21 30 56 53 42 53 46 58 43 54 30 0 51 
44 70 83 96 41 82 80 95 13 94 98 82 96 115 18 84 80 119 58 98 84 54 93 7 66 66 65 13 106 84 65 45 69 107 58 93 80 70 84 59 74 83 23 49 109 82 70 76 30 82 79 71 38 55 74 32 68 36 83 85 11 94 111 37 4 51 89 75 60 36 113 81 62 44 89 103 47 9 78 52 55 52 64 106 32 18 63 37 80 81 79 88 78 94 61 8 5 78 51 0 
4 8 9 12 10 14 14 12 1 3 20 17 11 14 19 10 12 16 13 14 2 12 17 4 13 3 10 6 3 20 1 3 8 4 18 5 13 10 12 20 18 17 14 6 1 3 1 13 20 7 18 4 17 8 2 20 4 2 3 20 8 4 9 15 18 16 18 17 19 16 18 6 12 7 2 5 15 17 5 5 13 12 20 11 12 19 20 2 15 5 1 8 6 17 12 18 3 12 2 16 
48 48 48 48 48 48 48 48 48 48 48 48 48 48 48 48 48 48 48 48 48 48 48 48 48 48 48 48 48 48 48 48 48 48 48 48 48 48 48 48 48 48 48 48 48 48 48 48 48 48 48 48 48 48 48 48 48 48 48 48 48 48 48 48 48 48 48 48 48 48 48 48 48 48 48 48 48 48 48 48 48 48 48 48 48 48 48 48 48 48 48 48 48 48 48 48 48 48 48 48 