5 27 150 37 12
0 15 94 45 75 82 47 72 89 43 88 13 53 16 56 78 77 31 31 77 58 86 64 30 87 48 81 82 73 27 11 65 41 72 89 58 26 98 66 60 51 18 36 75 29 10 44 73 65 79 64 22 71 87 5 85 13 72 15 11 67 61 47 66 17 71 71 40 45 100 6 45 35 25 64 75 58 61 20 63 89 43 61 66 43 31 87 79 47 39 54 80 37 12 9 37 25 42 58 84 41 59 70 15 99 68 29 61 55 29 32 30 69 15 53 41 57 63 59 33 85 18 61 74 103 76 41 64 63 32 73 37 80 24 50 11 36 76 88 82 53 25 62 30 42 81 82 60 46 64 
15 0 104 43 82 81 53 70 94 52 98 23 63 16 69 88 86 32 19 88 72 81 73 31 98 51 81 91 70 39 21 71 56 75 100 60 14 108 78 70 61 5 25 81 18 20 57 78 74 77 79 35 71 84 12 84 23 68 9 21 75 76 48 73 10 77 79 52 50 109 9 44 43 12 62 75 50 75 11 78 84 57 61 80 44 31 90 82 47 54 62 76 52 4 14 50 29 55 58 82 56 58 84 30 107 77 43 76 66 16 19 43 64 13 48 30 68 76 60 21 92 32 76 74 112 89 55 79 78 17 73 49 87 39 48 26 26 74 96 89 68 31 77 45 53 88 81 55 55 60 
94 104 0 78 33 70 56 80 44 52 8 101 41 89 41 16 19 76 123 23 81 98 31 78 7 62 66 15 81 67 84 42 85 51 5 60 119 4 29 35 43 109 103 37 101 85 56 41 31 79 73 73 65 85 100 75 82 86 109 84 35 56 68 38 111 39 26 56 60 14 99 75 61 117 79 62 98 54 99 67 98 63 67 46 68 80 47 49 69 78 43 87 67 100 104 59 76 53 67 79 77 73 40 82 22 27 89 61 38 106 124 67 91 92 88 105 38 36 62 104 24 94 74 63 17 30 59 67 79 120 65 58 25 76 79 87 101 77 13 29 62 73 73 71 52 29 74 91 50 86 
45 43 78 0 48 38 23 27 54 36 70 57 46 29 58 62 59 15 59 71 86 43 50 15 73 16 37 62 27 39 37 36 75 35 74 20 55 80 61 46 43 47 27 45 29 36 55 42 47 34 87 41 28 42 48 41 35 27 52 35 43 76 10 40 53 41 52 47 19 77 45 3 29 53 19 33 22 74 32 83 45 62 18 74 11 13 50 42 8 68 36 35 59 40 53 48 22 47 16 39 70 15 75 47 73 53 66 79 48 34 59 47 26 31 13 28 52 63 19 30 58 60 85 31 79 75 55 84 90 50 30 45 55 51 5 47 25 31 67 54 72 26 85 54 43 54 38 19 34 20 
75 82 33 48 0 38 29 47 19 34 25 85 30 65 40 20 17 50 100 37 84 65 21 52 30 32 35 18 48 51 64 11 81 18 30 28 96 34 32 20 29 87 74 4 74 65 50 8 14 46 79 57 32 53 80 44 62 53 88 63 8 62 38 8 90 6 13 46 32 29 79 44 40 94 46 29 66 59 74 73 66 60 34 54 39 53 20 18 39 73 21 54 61 77 85 49 52 43 34 47 73 41 51 66 25 20 80 67 28 79 101 55 58 68 56 76 31 40 30 76 10 81 78 30 31 44 53 73 84 94 32 47 8 64 48 70 72 44 20 7 64 51 78 62 40 6 43 58 29 53 
82 81 70 38 38 0 40 15 28 55 62 94 59 67 72 58 56 51 97 74 111 29 55 52 68 35 3 56 16 67 72 33 104 21 67 26 93 70 68 52 56 85 63 33 66 72 77 30 49 10 109 72 11 15 86 5 70 21 90 71 40 94 35 38 91 33 50 70 39 62 83 37 55 91 21 9 42 91 71 104 29 85 21 88 39 51 24 20 35 96 46 18 85 78 91 72 57 68 24 9 97 23 86 80 54 56 98 98 59 72 97 75 28 69 37 62 63 74 24 66 45 95 108 10 63 81 78 104 113 88 9 69 45 82 33 82 61 10 56 40 94 59 108 82 64 40 5 34 51 27 
47 53 56 23 29 40 0 38 42 16 48 58 24 36 36 39 37 21 71 48 72 58 27 23 50 7 38 41 39 27 36 18 63 25 52 14 66 59 38 23 20 57 47 28 45 37 38 26 24 42 70 33 28 51 52 45 34 41 59 36 22 56 13 20 61 24 29 30 4 57 50 20 15 65 32 31 45 54 45 65 59 46 21 53 12 24 39 32 15 56 13 47 44 48 57 32 23 29 19 45 57 25 53 42 54 30 58 60 25 51 72 34 43 39 35 49 29 41 17 48 39 57 69 30 60 52 39 66 74 65 30 29 35 42 26 45 45 38 46 36 55 22 69 42 24 35 42 40 12 38 
72 70 80 27 47 15 38 0 42 54 72 85 61 56 74 66 63 42 84 80 109 20 59 42 77 31 17 65 1 63 64 39 100 29 77 24 80 81 72 56 57 74 49 43 53 63 76 39 54 7 108 67 15 14 75 15 62 6 79 63 47 95 28 44 80 41 57 68 36 73 72 27 51 79 8 18 27 93 59 104 21 84 16 91 32 41 37 31 27 93 47 9 82 67 80 70 49 67 19 12 94 13 89 73 66 61 92 98 61 58 84 71 13 58 22 47 66 77 21 53 56 87 107 17 75 86 77 104 112 74 15 67 55 77 22 75 47 5 67 51 93 52 107 78 63 51 12 18 50 11 
89 94 44 54 19 28 42 42 0 52 37 100 49 77 60 37 35 61 111 55 103 57 40 63 44 42 25 33 43 68 79 25 100 18 43 34 107 43 52 40 48 98 81 16 82 79 70 17 34 39 98 74 28 43 94 33 76 48 101 78 26 81 46 26 103 20 32 64 44 34 92 51 56 105 44 24 66 79 85 93 57 79 36 74 49 63 4 12 47 92 39 47 80 90 99 67 65 61 38 37 92 42 70 83 26 39 98 86 48 88 112 73 55 80 58 82 51 60 35 84 20 98 98 25 35 63 72 93 104 104 27 65 23 82 52 86 79 37 31 16 84 65 98 80 58 17 33 58 47 51 
43 52 52 36 34 55 16 54 52 0 46 51 11 36 22 36 34 27 71 37 56 74 21 29 45 23 53 39 55 16 32 27 49 37 47 30 66 55 27 17 9 57 54 36 50 33 21 35 22 58 54 23 44 67 48 61 29 58 57 31 26 40 27 26 59 32 28 14 18 57 47 33 8 65 48 46 58 38 47 49 76 30 38 38 25 31 50 44 29 41 13 63 29 48 52 16 25 12 35 61 42 41 39 32 57 25 46 44 14 55 72 21 59 40 49 57 17 28 33 54 42 47 53 45 60 40 23 50 58 67 46 13 37 30 40 36 52 55 45 41 38 21 53 28 8 40 58 54 5 53 
88 98 8 70 25 62 48 72 37 46 0 95 36 82 38 10 12 69 117 22 80 90 24 71 7 54 59 7 73 61 77 34 82 43 5 52 112 10 26 28 37 103 95 29 94 79 52 33 24 71 72 67 57 77 94 67 75 78 103 77 27 55 60 30 105 31 18 51 52 14 93 67 54 111 71 54 90 53 92 66 91 60 59 45 60 72 40 41 62 74 36 79 63 94 98 54 69 48 59 71 74 65 39 76 19 20 85 60 33 99 118 62 83 85 80 97 33 34 54 96 17 89 73 55 17 30 55 66 78 113 57 53 17 71 71 81 93 69 5 21 61 66 72 67 47 21 67 83 43 78 
13 23 101 57 85 94 58 85 100 51 95 0 59 29 60 85 84 43 34 81 52 99 71 42 93 60 93 89 85 34 22 75 35 83 96 70 30 104 71 68 59 24 48 85 41 22 46 83 73 92 59 28 83 100 12 98 24 85 18 23 77 60 59 76 20 81 79 44 57 108 15 58 44 29 77 87 71 60 32 59 102 43 73 67 55 44 98 90 59 34 63 93 37 23 9 41 37 47 70 96 36 72 72 18 108 75 22 59 62 39 35 34 82 28 66 53 63 67 71 44 93 10 56 86 111 79 43 60 58 38 85 42 88 25 63 14 48 88 95 92 52 36 57 31 48 91 95 73 55 77 
53 63 41 46 30 59 24 61 49 11 36 59 0 48 13 26 24 38 82 26 54 81 11 41 34 31 56 29 61 25 42 26 51 39 36 36 77 45 15 10 3 68 65 33 62 43 20 33 16 64 50 31 48 72 58 65 40 65 67 42 22 34 36 23 70 30 20 16 27 48 58 43 20 76 56 49 68 32 59 45 82 29 44 30 35 42 49 44 38 43 13 70 31 59 62 19 36 13 42 66 43 49 29 40 49 15 50 39 2 67 83 26 67 51 58 69 6 17 39 66 36 54 49 49 51 29 23 45 55 79 50 18 31 36 50 45 64 60 36 36 35 32 49 32 11 35 62 64 12 62 
16 16 89 29 65 67 36 56 77 36 82 29 48 0 55 72 70 16 35 74 68 70 57 15 82 35 66 75 57 26 12 54 53 59 84 44 30 92 63 54 46 21 23 65 17 10 46 62 58 63 72 24 56 71 19 70 12 56 24 10 58 66 32 56 25 60 63 39 33 92 16 30 28 29 48 60 42 65 11 70 73 48 46 68 28 16 74 66 32 48 45 64 43 12 24 38 12 41 43 68 50 44 71 23 90 62 42 67 51 20 36 33 53 3 37 28 53 62 44 21 75 33 69 59 95 75 44 71 73 31 58 36 71 31 34 22 23 60 80 72 59 15 70 36 39 71 67 44 39 48 
56 69 41 58 40 72 36 74 60 22 38 60 13 55 0 29 29 49 87 20 44 94 19 51 34 44 69 34 74 29 47 39 44 51 36 49 82 45 11 20 16 73 75 43 71 49 14 44 25 77 38 34 61 85 62 77 45 78 72 47 33 22 49 35 74 41 27 16 40 51 62 55 30 81 69 62 80 20 67 33 95 22 57 17 47 53 59 56 51 36 26 83 26 65 65 19 45 14 55 79 36 62 17 42 55 21 47 26 12 75 88 26 80 59 71 79 8 6 52 75 43 53 38 62 55 19 18 33 44 86 63 19 38 35 62 47 74 73 40 44 24 40 38 30 16 43 75 76 24 74 
78 88 16 62 20 58 39 66 37 36 10 85 26 72 29 0 3 60 107 17 72 86 14 62 11 45 55 5 67 51 68 28 73 38 12 45 102 19 18 18 27 93 86 25 84 69 43 28 15 67 65 57 51 74 84 64 65 72 93 67 20 48 51 23 95 25 10 41 44 23 83 59 44 101 65 50 82 45 83 59 86 51 53 38 52 63 39 38 53 65 27 74 54 84 88 44 60 38 52 67 65 59 34 66 26 10 75 53 23 89 108 52 77 76 72 89 23 26 48 87 17 80 65 50 26 25 46 59 71 103 52 43 14 61 64 71 85 64 11 20 53 56 65 57 37 19 63 76 33 72 
77 86 19 59 17 56 37 63 35 34 12 84 24 70 29 3 0 57 105 19 72 83 13 59 14 43 52 5 64 49 66 25 73 35 14 42 100 22 18 16 25 91 84 22 82 67 42 25 12 64 66 56 49 71 82 61 63 69 91 65 17 48 49 20 93 22 7 40 41 24 81 56 42 99 62 47 79 46 80 60 83 51 50 39 49 60 36 36 50 65 24 71 53 82 86 43 57 37 49 64 65 56 35 65 26 8 74 53 21 87 106 51 74 73 70 86 22 26 45 85 15 78 66 47 27 27 45 60 71 101 49 42 12 60 61 69 82 61 11 18 53 54 65 56 35 17 60 73 31 69 
31 32 76 15 50 51 21 42 61 27 69 43 38 16 49 60 57 0 50 65 72 58 46 2 70 18 50 61 42 25 22 39 60 42 72 27 46 79 54 42 36 37 27 49 24 21 43 46 44 48 74 26 40 56 35 54 20 42 40 20 43 64 16 41 42 45 50 35 17 78 32 14 19 44 34 44 34 62 24 70 61 48 30 64 12 4 57 49 16 53 32 50 45 28 40 35 7 36 27 53 55 28 66 31 75 50 51 66 41 30 51 33 41 19 26 30 44 55 28 27 60 45 72 43 81 67 42 71 76 44 42 33 56 36 21 32 25 45 67 57 59 11 72 40 33 56 51 33 27 36 
31 19 123 59 100 97 71 84 111 71 117 34 82 35 87 107 105 50 0 107 86 92 92 48 117 69 96 110 83 57 40 89 69 93 119 77 5 127 97 89 80 14 35 100 30 38 75 97 93 91 93 53 87 97 26 98 42 81 16 40 93 92 65 92 14 95 99 71 68 128 25 61 62 6 76 92 61 92 26 93 95 74 77 97 62 48 108 100 64 68 81 89 68 23 25 68 48 73 75 96 70 73 102 46 126 97 56 92 85 25 1 61 76 32 61 38 87 94 77 31 111 44 90 91 131 107 72 94 92 10 89 68 106 55 63 42 37 88 116 108 84 50 91 61 72 107 95 67 74 73 
77 88 23 71 37 74 48 80 55 37 22 81 26 74 20 17 19 65 107 0 58 100 21 67 16 55 71 22 81 49 67 41 62 53 19 57 102 27 10 25 28 93 92 41 88 68 35 44 26 82 50 54 66 89 82 80 65 85 92 67 34 33 61 36 94 41 24 36 52 36 82 68 46 101 77 65 93 31 85 44 101 41 65 23 60 68 56 55 63 55 35 89 45 84 85 39 62 34 63 83 54 71 17 62 41 18 67 38 23 93 108 47 89 77 83 95 20 14 60 92 35 74 51 65 39 8 38 44 56 105 67 39 31 55 74 67 90 79 26 38 39 58 50 50 34 37 79 87 37 84 
58 72 81 86 84 111 72 109 103 56 80 52 54 68 44 72 72 72 86 58 0 128 63 73 74 77 109 77 110 47 56 80 17 93 77 86 82 85 54 63 56 75 91 87 85 57 34 87 69 114 10 45 100 123 61 117 55 112 70 57 76 25 81 78 72 84 72 41 73 94 63 85 58 81 103 102 107 27 77 15 130 25 93 35 77 75 103 98 82 19 66 118 27 70 61 39 65 43 90 117 17 96 41 44 98 65 30 20 55 86 87 39 112 70 99 96 52 46 89 89 87 42 8 101 97 51 33 15 6 89 102 42 82 36 92 47 91 110 83 88 19 61 9 32 47 87 114 106 60 106 
86 81 98 43 65 29 58 20 57 74 90 99 81 70 94 86 83 58 92 100 128 0 79 58 96 51 32 84 19 81 80 58 118 47 96 44 89 99 92 76 78 84 57 61 62 79 95 57 74 19 128 84 34 14 89 24 78 16 90 78 66 114 47 63 91 60 76 87 55 91 85 44 70 88 25 36 31 112 70 123 3 103 36 111 50 56 53 49 45 111 68 11 101 79 93 89 65 86 38 20 112 32 110 90 83 81 109 118 81 67 92 89 17 71 33 54 86 97 41 61 74 103 126 35 92 106 96 124 131 82 33 86 73 94 37 90 55 21 85 69 112 69 126 97 82 69 24 26 70 22 
64 73 31 50 21 55 27 59 40 21 24 71 11 57 19 14 13 46 92 21 63 79 0 48 24 34 52 18 60 36 53 21 62 34 26 35 87 34 13 4 12 78 73 24 70 54 31 26 6 61 58 43 46 69 69 61 50 64 78 53 14 41 40 17 80 22 9 27 31 37 68 47 29 86 56 45 72 38 68 52 81 40 44 34 39 49 40 37 42 54 14 68 42 69 73 31 45 24 42 63 54 49 31 52 38 4 62 46 9 75 93 38 68 61 62 75 11 19 39 73 25 65 57 45 40 26 34 52 63 88 47 29 20 47 53 56 71 58 24 25 43 42 57 44 22 24 59 66 18 62 
30 31 78 15 52 52 23 42 63 29 71 42 41 15 51 62 59 2 48 67 73 58 48 0 72 20 51 64 43 26 21 41 60 44 74 29 44 81 56 44 38 35 25 51 22 21 45 48 47 49 75 27 41 57 34 55 20 42 39 20 46 65 17 43 40 47 52 37 19 80 31 15 21 42 34 45 33 64 22 72 60 50 31 66 13 2 59 51 17 54 34 50 46 27 39 37 7 38 28 53 56 29 68 32 77 52 51 68 43 27 49 34 41 17 26 28 46 57 29 25 62 45 73 44 83 69 44 73 77 42 43 34 58 37 21 32 23 45 69 59 61 12 73 41 35 58 52 33 29 35 
87 98 7 73 30 68 50 77 44 45 7 93 34 82 34 11 14 70 117 16 74 96 24 72 0 57 65 12 78 60 77 39 77 48 3 56 112 11 22 28 36 102 97 34 95 78 48 38 26 77 66 65 62 83 93 74 75 83 102 77 31 49 63 34 104 36 21 48 55 20 92 70 54 110 76 60 94 47 93 60 97 56 64 39 63 74 47 48 65 70 38 85 60 93 97 51 70 45 63 77 69 70 33 74 26 20 81 54 31 100 117 59 88 86 84 100 30 29 59 98 24 87 67 61 23 23 52 60 72 113 62 51 23 68 75 79 95 74 13 28 55 66 66 64 45 28 73 87 43 83 
48 51 62 16 32 35 7 31 42 23 54 60 31 35 44 45 43 18 69 55 77 51 34 20 57 0 33 46 32 32 38 21 68 24 57 10 64 64 45 30 28 56 42 31 41 38 44 27 30 36 77 37 24 45 52 40 36 35 59 37 27 63 6 24 60 26 35 36 4 61 50 13 20 63 25 27 38 61 42 72 53 52 15 60 7 20 39 31 8 61 20 41 50 47 57 38 23 35 12 40 62 18 60 44 58 37 62 67 32 47 69 39 36 38 28 43 37 48 11 43 43 59 75 26 64 59 45 73 80 62 25 35 39 46 19 47 40 33 51 39 61 24 75 47 31 38 37 32 19 30 
81 81 66 37 35 3 38 17 25 53 59 93 56 66 69 55 52 50 96 71 109 32 52 51 65 33 0 53 18 65 71 30 102 18 64 24 92 67 65 49 53 85 63 30 66 71 74 27 46 13 106 70 10 18 85 8 69 23 89 70 37 91 34 35 90 30 47 67 37 59 82 36 53 91 22 7 43 89 70 101 32 83 20 85 38 50 21 17 34 94 43 21 82 77 90 69 56 65 23 12 95 23 83 78 51 53 96 95 56 72 97 73 30 68 37 62 60 71 22 66 42 93 105 7 60 78 76 102 111 88 8 67 42 80 33 81 61 12 53 37 91 57 105 80 61 37 8 35 48 28 
82 91 15 62 18 56 41 65 33 39 7 89 29 75 34 5 5 61 110 22 77 84 18 64 12 46 53 0 66 55 71 27 78 36 12 44 105 17 23 21 30 96 88 22 86 72 47 26 17 65 70 61 50 71 87 61 69 71 96 71 19 53 52 22 98 24 11 45 45 18 86 59 47 103 64 47 82 50 85 64 84 56 52 43 53 65 35 36 54 70 29 72 59 86 91 49 62 42 51 65 70 58 39 70 21 14 80 58 27 91 111 56 76 78 73 90 27 31 47 89 12 84 71 48 21 30 51 64 76 105 50 47 10 65 64 75 86 62 6 16 58 59 70 61 41 16 61 75 36 71 
73 70 81 27 48 16 39 1 43 55 73 85 61 57 74 67 64 42 83 81 110 19 60 43 78 32 18 66 0 63 64 40 100 30 78 25 80 82 73 57 58 74 49 44 53 64 77 40 55 7 109 67 16 14 76 15 63 5 79 63 48 95 29 45 80 42 58 69 36 74 72 27 52 79 8 19 26 93 59 104 20 84 17 91 33 41 38 32 28 93 48 8 82 67 81 70 49 68 19 12 94 14 90 74 67 62 93 99 62 58 84 72 12 58 22 47 67 78 22 52 57 88 108 18 76 87 77 105 113 74 16 67 56 77 22 75 47 5 68 52 94 52 108 79 63 52 13 18 51 11 
27 39 67 39 51 67 27 63 68 16 61 34 25 26 29 51 49 25 57 49 47 81 36 26 60 32 65 55 63 0 17 43 36 52 62 41 53 71 39 34 24 43 48 52 43 19 20 51 39 68 49 6 56 77 33 72 15 65 42 17 43 40 34 42 44 48 44 13 28 73 32 37 12 51 56 58 60 39 37 45 83 23 47 42 30 28 66 59 35 29 29 72 20 35 36 12 18 15 44 72 31 49 45 15 73 41 30 42 28 46 58 8 65 29 51 52 29 36 43 47 59 30 47 58 77 49 18 46 51 56 57 10 54 14 44 20 47 65 61 57 34 13 47 15 14 57 69 58 21 59 
11 21 84 37 64 72 36 64 79 32 77 22 42 12 47 68 66 22 40 67 56 80 53 21 77 38 71 71 64 17 0 54 41 61 79 48 35 87 56 49 41 26 35 64 29 2 36 62 54 70 60 13 61 79 16 76 2 64 25 1 56 55 37 55 27 60 60 30 35 89 15 37 24 34 56 65 53 54 22 58 82 37 51 58 33 23 76 68 37 36 43 72 32 18 21 28 15 33 48 75 38 50 62 11 88 57 30 56 45 31 41 22 62 14 47 40 47 54 49 33 73 23 57 64 92 67 33 59 61 38 63 27 68 19 42 10 35 67 77 71 48 14 58 25 32 70 73 54 35 57 
65 71 42 36 11 33 18 39 25 27 34 75 26 54 39 28 25 39 89 41 80 58 21 41 39 21 30 27 40 43 54 0 76 12 39 17 85 44 34 19 24 76 63 10 62 55 46 8 15 40 77 49 24 47 70 39 52 44 78 54 8 61 26 5 80 5 18 40 21 40 68 33 31 83 37 23 55 59 63 71 59 55 25 55 28 41 23 17 28 68 14 47 56 67 75 43 42 37 24 41 68 31 52 58 36 22 73 65 26 68 90 48 49 57 45 64 30 41 20 65 22 73 76 24 43 48 48 72 81 83 25 40 18 57 37 61 61 37 30 18 62 40 76 55 34 17 37 48 22 44 
41 56 85 75 81 104 63 100 100 49 82 35 51 53 44 73 73 60 69 62 17 118 62 60 77 68 102 78 100 36 41 76 0 87 80 78 65 89 56 61 52 58 76 84 69 43 31 83 67 105 25 33 92 114 44 109 41 102 53 42 73 32 71 74 55 80 71 35 64 96 47 73 48 64 93 94 94 33 61 27 120 22 84 42 67 62 99 93 72 8 61 109 20 54 44 32 53 38 81 109 8 86 48 29 99 65 13 29 53 70 70 29 101 55 86 81 51 48 80 73 87 25 22 94 99 57 28 28 23 72 94 35 82 23 80 31 76 101 84 87 23 48 23 21 41 86 106 94 54 95 
72 75 51 35 18 21 25 29 18 37 43 83 39 59 51 38 35 42 93 53 93 47 34 44 48 24 18 36 30 52 61 12 87 0 48 15 88 52 47 31 36 80 63 14 64 61 58 10 28 28 89 58 14 35 76 26 59 35 83 60 19 73 27 17 84 12 29 52 26 45 74 32 40 87 29 11 50 71 66 84 48 67 18 67 30 44 15 7 28 79 26 36 67 71 81 54 47 49 19 29 80 25 65 67 39 34 83 78 39 69 93 58 40 62 41 63 43 53 16 65 27 82 89 12 47 60 60 85 94 85 14 51 26 66 34 70 60 26 38 22 74 47 88 66 45 22 25 42 32 36 
89 100 5 74 30 67 52 77 43 47 5 96 36 84 36 12 14 72 119 19 77 96 26 74 3 57 64 12 78 62 79 39 80 48 0 56 114 8 25 30 38 104 98 34 96 80 51 38 27 76 69 68 62 83 95 73 77 83 104 79 31 52 63 34 106 36 22 51 56 17 94 71 56 112 76 59 94 50 94 63 96 59 64 42 64 75 46 47 65 73 39 84 62 95 99 54 71 48 63 76 72 70 36 77 24 22 84 57 33 101 119 62 88 87 84 101 33 32 59 99 22 89 70 60 20 26 55 63 75 115 62 53 22 71 75 82 97 74 11 27 58 68 69 66 47 27 72 87 45 83 
58 60 60 20 28 26 14 24 34 30 52 70 36 44 49 45 42 27 77 57 86 44 35 29 56 10 24 44 25 41 48 17 78 15 56 0 73 62 48 32 33 65 48 25 48 48 52 21 31 28 84 46 14 36 62 30 46 29 68 47 25 70 12 22 69 21 35 44 13 57 60 17 29 72 20 17 38 68 50 79 46 60 8 66 15 29 30 22 13 70 23 33 59 56 67 46 33 43 7 31 71 14 65 54 52 38 72 74 37 54 78 49 32 47 28 48 41 53 3 50 38 69 83 16 59 62 53 80 88 70 16 43 36 56 20 57 45 24 48 34 69 34 83 56 38 34 28 31 26 27 
26 14 119 55 96 93 66 80 107 66 112 30 77 30 82 102 100 46 5 102 82 89 87 44 112 64 92 105 80 53 35 85 65 88 114 73 0 122 92 84 75 9 32 95 27 33 70 92 88 87 89 48 83 94 21 95 37 78 12 35 89 88 61 87 10 90 94 66 63 123 20 56 58 1 72 88 58 87 22 88 92 69 73 93 58 44 103 95 60 64 76 86 64 18 21 63 43 68 70 92 66 69 97 42 121 92 52 87 80 22 5 56 73 27 58 35 82 89 73 28 106 40 86 86 126 102 67 89 88 9 85 63 101 50 59 37 34 84 111 103 79 45 87 57 67 102 92 64 69 70 
98 108 4 80 34 70 59 81 43 55 10 104 45 92 45 19 22 79 127 27 85 99 34 81 11 64 67 17 82 71 87 44 89 52 8 62 122 0 34 38 46 113 106 38 104 89 60 42 34 80 77 77 66 85 104 75 85 87 113 87 37 60 70 40 115 40 29 60 63 12 103 77 64 121 80 63 100 58 102 71 99 68 69 50 71 83 47 50 72 82 46 88 71 104 107 63 79 57 68 79 81 75 44 86 20 30 93 65 42 109 128 71 92 95 90 108 41 40 64 107 25 98 78 64 13 34 63 71 83 123 66 62 26 80 81 90 104 78 14 30 67 76 77 75 56 30 75 92 53 87 
66 78 29 61 32 68 38 72 52 27 26 71 15 63 11 18 18 54 97 10 54 92 13 56 22 45 65 23 73 39 56 34 56 47 25 48 92 34 0 16 18 82 81 36 78 58 26 38 19 74 47 44 59 82 72 74 54 77 81 56 27 30 51 30 84 35 19 26 42 40 72 58 36 90 68 58 83 28 74 41 93 34 56 21 50 58 52 50 53 48 25 81 37 74 75 29 52 24 55 76 48 62 18 53 44 12 59 35 13 82 97 37 80 67 73 84 9 8 51 81 33 64 48 58 43 14 29 42 53 94 60 29 29 46 64 58 80 71 29 35 35 47 47 41 24 34 72 77 27 75 
60 70 35 46 20 52 23 56 40 17 28 68 10 54 20 18 16 42 89 25 63 76 4 44 28 30 49 21 57 34 49 19 61 31 30 32 84 38 16 0 9 74 69 23 66 51 30 24 6 58 59 40 43 66 66 58 47 61 75 49 13 42 36 15 77 21 10 26 27 39 65 43 26 82 52 42 68 40 64 53 77 39 40 36 35 45 39 35 38 53 10 65 41 65 70 29 41 23 39 60 53 46 33 49 40 8 60 47 8 71 89 36 64 57 58 71 11 22 35 69 26 63 58 43 43 30 33 53 63 85 44 27 21 45 49 54 67 55 27 26 44 38 58 42 20 25 56 62 15 59 
51 61 43 43 29 56 20 57 48 9 37 59 3 46 16 27 25 36 80 28 56 78 12 38 36 28 53 30 58 24 41 24 52 36 38 33 75 46 18 9 0 66 63 31 60 42 22 31 15 61 53 30 46 69 57 62 38 62 66 41 21 37 33 21 68 28 20 17 24 49 56 40 18 74 53 46 65 35 57 47 79 31 41 33 32 40 47 42 35 44 10 67 32 57 61 20 34 14 39 63 44 46 32 40 49 16 51 41 5 64 81 26 64 49 55 66 9 20 36 63 35 54 52 46 52 32 24 48 57 77 47 18 30 36 46 44 61 57 36 35 37 30 51 33 11 34 60 60 9 58 
18 5 109 47 87 85 57 74 98 57 103 24 68 21 73 93 91 37 14 93 75 84 78 35 102 56 85 96 74 43 26 76 58 80 104 65 9 113 82 74 66 0 27 86 21 24 62 83 79 81 82 39 75 88 14 88 28 72 7 26 80 79 53 78 6 82 84 57 55 114 12 49 48 7 66 80 53 79 15 81 87 61 65 84 49 36 95 87 52 57 67 80 56 9 15 55 34 59 63 86 59 62 88 33 112 82 45 79 71 17 15 48 67 18 52 32 73 80 65 23 97 33 79 79 117 93 59 82 81 14 77 54 92 42 52 29 29 78 101 94 71 36 80 49 58 93 85 58 60 64 
36 25 103 27 74 63 47 49 81 54 95 48 65 23 75 86 84 27 35 92 91 57 73 25 97 42 63 88 49 48 35 63 76 63 98 48 32 106 81 69 63 27 0 73 7 33 68 69 71 56 95 47 55 62 36 64 35 46 34 34 69 88 36 66 34 68 76 61 43 104 32 30 45 31 42 60 26 87 15 93 60 71 45 90 35 23 77 69 35 72 59 54 66 24 40 60 30 62 43 61 74 40 92 47 100 77 64 90 68 10 35 55 41 21 26 5 71 81 46 4 85 54 93 58 106 94 66 94 96 25 56 58 81 55 30 44 2 54 92 81 82 35 93 60 59 81 61 32 54 38 
75 81 37 45 4 33 28 43 16 36 29 85 33 65 43 25 22 49 100 41 87 61 24 51 34 31 30 22 44 52 64 10 84 14 34 25 95 38 36 23 31 86 73 0 72 65 53 4 18 42 82 58 28 49 81 39 62 49 88 64 10 65 36 10 90 4 17 48 31 32 79 42 41 94 42 25 62 63 73 76 62 62 31 58 38 51 16 13 37 75 23 50 63 77 85 51 52 45 31 42 76 37 55 68 27 24 82 70 31 78 100 57 54 68 53 74 35 44 27 74 13 82 82 26 34 49 56 77 87 93 28 49 12 66 45 71 70 40 24 8 68 51 81 64 42 8 38 55 31 50 
29 18 101 29 74 66 45 53 82 50 94 41 62 17 71 84 82 24 30 88 85 62 70 22 95 41 66 86 53 43 29 62 69 64 96 48 27 104 78 66 60 21 7 72 0 27 63 69 69 60 89 41 57 67 29 68 29 51 27 27 68 83 37 65 28 68 75 56 41 103 25 31 42 26 45 62 32 82 8 87 65 65 47 85 34 21 79 71 35 65 57 59 60 17 33 55 25 57 45 65 67 43 87 40 99 74 57 84 65 5 30 50 46 14 31 12 68 77 48 4 84 47 86 60 105 90 61 88 90 21 59 53 80 48 32 38 8 57 91 81 76 30 87 54 55 80 65 37 51 43 
10 20 85 36 65 72 37 63 79 33 79 22 43 10 49 69 67 21 38 68 57 79 54 21 78 38 71 72 64 19 2 55 43 61 80 48 33 89 58 51 42 24 33 65 27 0 38 63 55 70 62 15 61 78 15 76 3 64 24 1 57 57 37 56 26 61 61 32 35 90 14 36 25 32 55 65 52 56 20 60 81 39 51 60 33 22 76 69 37 38 44 71 34 16 20 30 15 34 48 74 40 50 64 13 89 58 31 58 46 29 39 24 61 12 46 38 48 55 49 31 74 24 59 64 93 68 35 61 62 37 63 29 69 21 42 12 33 66 78 72 50 14 60 27 33 71 73 53 36 56 
44 57 56 55 50 77 38 76 70 21 52 46 20 46 14 43 42 43 75 35 34 95 31 45 48 44 74 47 77 20 36 46 31 58 51 52 70 60 26 30 22 62 68 53 63 38 0 53 36 80 32 22 66 89 49 82 34 79 59 36 43 20 48 43 61 50 40 8 40 66 50 53 25 69 70 67 78 19 57 28 97 9 60 22 45 47 69 64 50 23 32 85 11 54 52 8 38 9 57 83 23 63 26 29 68 34 32 23 22 66 76 13 80 49 68 72 20 20 55 67 56 39 31 67 69 32 3 28 36 75 67 10 51 21 60 34 67 77 54 56 17 33 31 15 13 55 80 75 26 74 
73 78 41 42 8 30 26 39 17 35 33 83 33 62 44 28 25 46 97 44 87 57 26 48 38 27 27 26 40 51 62 8 83 10 38 21 92 42 38 24 31 83 69 4 69 63 53 0 19 38 83 57 24 45 78 36 60 45 85 61 11 67 32 9 87 3 20 48 28 36 76 39 39 91 38 21 58 64 70 78 58 62 27 60 34 48 15 11 33 75 22 46 63 74 83 50 49 45 27 39 76 33 57 66 31 26 81 71 32 75 97 56 50 65 49 70 36 46 23 71 17 81 83 22 38 51 56 78 88 90 24 48 16 65 41 70 67 36 28 13 68 48 82 63 41 12 35 51 30 45 
65 74 31 47 14 49 24 54 34 22 24 73 16 58 25 15 12 44 93 26 69 74 6 47 26 30 46 17 55 39 54 15 67 28 27 31 88 34 19 6 15 79 71 18 69 55 36 19 0 55 64 45 40 63 71 54 52 59 79 54 8 47 36 10 81 16 5 32 28 35 70 44 30 87 51 39 68 45 68 58 75 45 39 40 37 48 34 31 38 59 12 62 47 70 75 35 45 29 38 57 59 45 37 55 34 7 66 52 14 74 94 41 63 61 58 73 17 26 34 72 20 69 64 39 38 32 39 59 69 88 41 33 15 51 49 59 69 52 22 20 49 42 63 48 26 19 53 62 19 58 
79 77 79 34 46 10 42 7 39 58 71 92 64 63 77 67 64 48 91 82 114 19 61 49 77 36 13 65 7 68 70 40 105 28 76 28 87 80 74 58 61 81 56 42 60 70 80 38 55 0 113 72 15 8 82 8 69 11 86 69 48 98 34 45 87 41 58 73 40 72 79 33 56 86 15 17 33 96 66 108 19 88 20 94 38 47 34 30 33 98 50 8 87 74 87 74 55 71 23 5 99 19 92 79 64 63 98 102 64 65 91 76 18 65 29 54 69 80 25 60 55 93 111 16 73 88 81 108 116 81 14 71 54 82 29 81 54 3 66 50 97 58 111 84 67 50 6 25 54 18 
64 79 73 87 79 109 70 108 98 54 72 59 50 72 38 65 66 74 93 50 10 128 58 75 66 77 106 70 109 49 60 77 25 89 69 84 89 77 47 59 53 82 95 82 89 62 32 83 64 113 0 48 98 121 68 114 59 112 77 61 72 17 81 73 79 80 66 40 73 86 70 85 58 88 102 99 109 19 82 6 130 25 92 27 78 77 98 94 82 25 63 118 29 76 68 39 68 41 89 116 23 95 33 49 91 59 37 12 51 91 94 40 113 74 100 100 47 39 87 93 81 49 3 99 89 43 32 6 6 96 100 42 77 40 92 53 95 109 76 83 15 63 2 35 45 82 112 107 58 107 
22 35 73 41 57 72 33 67 74 23 67 28 31 24 34 57 56 26 53 54 45 84 43 27 65 37 70 61 67 6 13 49 33 58 68 46 48 77 44 40 30 39 47 58 41 15 22 57 45 72 48 0 61 81 27 77 12 68 37 14 49 42 38 48 39 54 50 18 33 80 27 40 18 46 59 64 61 41 35 46 87 24 52 45 34 30 72 65 39 27 35 76 19 31 31 15 20 20 49 76 28 53 49 9 80 47 25 43 34 44 54 9 68 27 53 51 35 41 48 45 65 24 46 63 83 54 20 47 50 52 62 15 60 10 47 13 46 69 67 64 35 15 46 13 20 63 74 60 27 62 
71 71 65 28 32 11 28 15 28 44 57 83 48 56 61 51 49 40 87 66 100 34 46 41 62 24 10 50 16 56 61 24 92 14 62 14 83 66 59 43 46 75 55 28 57 61 66 24 40 15 98 61 0 23 75 16 59 21 79 60 32 83 24 29 81 26 42 58 27 59 72 26 43 82 16 5 38 81 61 93 35 74 10 78 28 40 24 17 24 85 35 22 73 67 80 60 46 57 13 17 85 14 76 68 52 47 86 87 49 63 87 63 26 58 30 54 53 64 12 58 41 83 97 3 60 72 67 94 102 79 2 57 40 70 25 71 52 12 52 36 82 47 97 71 52 36 14 29 39 23 
87 84 85 42 53 15 51 14 43 67 77 100 72 71 85 74 71 56 97 89 123 14 69 57 83 45 18 71 14 77 79 47 114 35 83 36 94 85 82 66 69 88 62 49 67 78 89 45 63 8 121 81 23 0 90 10 77 16 93 77 55 106 42 52 94 48 65 81 49 77 87 42 65 93 22 24 37 104 73 116 14 97 29 102 46 55 39 35 42 106 59 8 95 81 95 83 63 79 32 6 107 28 100 88 69 70 106 111 72 72 97 85 22 72 36 60 77 88 34 66 60 102 120 23 78 96 90 117 125 87 22 80 60 91 36 89 60 12 72 55 106 66 120 92 75 56 10 30 62 24 
5 12 100 48 80 86 52 75 94 48 94 12 58 19 62 84 82 35 26 82 61 89 69 34 93 52 85 87 76 33 16 70 44 76 95 62 21 104 72 66 57 14 36 81 29 15 49 78 71 82 68 27 75 90 0 89 18 75 9 17 73 66 51 72 12 76 76 45 50 106 3 49 40 20 67 79 59 66 20 67 92 48 65 71 47 35 91 84 51 43 60 83 42 11 5 43 29 48 62 87 45 63 76 20 105 73 31 66 61 27 27 35 71 17 55 41 62 69 63 32 90 20 65 78 109 81 46 68 67 28 77 42 85 29 53 15 37 79 93 88 58 30 66 35 48 87 86 62 52 67 
85 84 75 41 44 5 45 15 33 61 67 98 65 70 77 64 61 54 98 80 117 24 61 55 74 40 8 61 15 72 76 39 109 26 73 30 95 75 74 58 62 88 64 39 68 76 82 36 54 8 114 77 16 10 89 0 74 20 93 75 46 99 39 44 94 39 56 75 44 67 86 40 60 94 22 15 42 97 73 109 24 91 25 94 43 54 29 25 38 101 51 15 90 81 94 77 61 73 28 4 102 26 92 84 59 61 102 104 65 73 99 80 27 72 37 62 69 80 28 68 50 99 113 15 68 87 84 110 119 89 15 74 51 86 36 86 62 10 62 46 99 63 113 87 69 46 3 34 56 26 
13 23 82 35 62 70 34 62 76 29 75 24 40 12 45 65 63 20 42 65 55 78 50 20 75 36 69 69 63 15 2 52 41 59 77 46 37 85 54 47 38 28 35 62 29 3 34 60 52 69 59 12 59 77 18 74 0 63 27 2 54 54 35 53 29 58 58 29 33 87 17 35 21 36 55 63 53 53 23 57 81 36 49 57 31 22 74 66 35 36 41 71 31 19 23 27 13 31 46 73 38 49 60 12 86 55 31 55 43 32 43 21 61 15 46 40 45 52 47 33 71 24 57 62 90 65 32 58 60 40 61 26 66 19 41 12 35 65 75 69 47 12 57 24 30 68 71 53 33 56 
72 68 86 27 53 21 41 6 48 58 78 85 65 56 78 72 69 42 81 85 112 16 64 42 83 35 23 71 5 65 64 44 102 35 83 29 78 87 77 61 62 72 46 49 51 64 79 45 59 11 112 68 21 16 75 20 63 0 77 63 52 98 31 49 78 47 62 71 39 80 71 28 54 77 9 24 22 96 57 107 18 87 20 95 34 41 44 38 29 95 52 8 84 65 80 72 50 70 22 16 96 16 94 74 73 66 93 102 66 56 81 73 7 57 20 44 70 82 26 50 62 88 110 23 81 91 80 108 115 71 21 70 61 78 21 75 44 10 73 57 96 53 110 80 66 57 17 14 54 8 
15 9 109 52 88 90 59 79 101 57 103 18 67 24 72 93 91 40 16 92 70 90 78 39 102 59 89 96 79 42 25 78 53 83 104 68 12 113 81 75 66 7 34 88 27 24 59 85 79 86 77 37 79 93 9 93 27 77 0 25 81 76 56 79 2 84 85 55 57 114 9 53 49 11 71 84 60 75 20 76 93 57 69 81 52 39 98 90 56 52 68 85 52 12 9 53 36 58 66 91 54 67 85 30 113 82 40 75 70 24 17 45 73 21 57 38 72 78 68 30 98 28 74 83 117 91 56 77 76 19 81 52 93 39 57 25 35 83 102 95 67 37 75 45 57 95 90 64 60 69 
11 21 84 35 63 71 36 63 78 31 77 23 42 10 47 67 65 20 40 67 57 78 53 20 77 37 70 71 63 17 1 54 42 60 79 47 35 87 56 49 41 26 34 64 27 1 36 61 54 69 61 14 60 77 17 75 2 63 25 0 56 56 36 55 27 59 60 31 34 89 15 35 23 33 55 64 52 55 21 59 81 38 50 59 32 22 75 67 36 38 43 71 33 17 21 29 14 33 47 74 39 49 62 13 88 57 31 57 45 30 41 23 61 13 46 39 47 54 48 32 73 24 58 63 92 67 34 60 62 38 62 28 68 20 41 12 34 66 77 71 49 13 59 26 32 70 72 53 35 56 
67 75 35 43 8 40 22 47 26 26 27 77 22 58 33 20 17 43 93 34 76 66 14 46 31 27 37 19 48 43 56 8 73 19 31 25 89 37 27 13 21 80 69 10 68 57 43 11 8 48 72 49 32 55 73 46 54 52 81 56 0 55 33 3 83 7 10 38 26 34 71 40 32 87 45 31 63 53 67 66 67 52 33 48 34 46 26 22 34 65 13 55 53 70 77 41 45 35 32 49 65 39 46 58 32 15 72 60 21 73 94 47 57 61 53 71 25 34 28 70 17 73 72 31 37 40 45 67 77 88 33 39 12 56 44 62 67 45 23 14 57 43 71 54 32 13 45 56 21 52 
61 76 56 76 62 94 56 95 81 40 55 60 34 66 22 48 48 64 92 33 25 114 41 65 49 63 91 53 95 40 55 61 32 73 52 70 88 60 30 42 37 79 88 65 83 57 20 67 47 98 17 42 83 106 66 99 54 98 76 56 55 0 68 57 78 63 49 28 59 69 67 73 46 86 89 84 98 2 77 11 116 18 78 10 65 68 81 78 70 27 48 104 23 72 68 28 59 28 76 101 26 82 16 46 73 42 41 5 34 86 93 33 100 69 89 92 30 22 73 87 64 51 18 84 72 26 22 11 23 93 84 31 59 37 80 50 87 95 58 65 9 53 17 30 32 65 97 95 44 94 
47 48 68 10 38 35 13 28 46 27 60 59 36 32 49 51 49 16 65 61 81 47 40 17 63 6 34 52 29 34 37 26 71 27 63 12 61 70 51 36 33 53 36 36 37 37 48 32 36 34 81 38 24 42 51 39 35 31 56 36 33 68 0 30 57 32 41 40 9 67 48 7 23 60 21 28 32 66 38 76 49 55 14 66 4 17 42 34 2 64 26 37 53 44 56 41 22 39 11 38 65 15 66 45 63 43 63 71 38 42 66 42 31 35 22 38 42 54 12 38 48 59 79 27 69 65 49 77 84 58 26 39 45 48 13 47 34 30 56 44 65 24 79 50 35 44 36 27 25 26 
66 73 38 40 8 38 20 44 26 26 30 76 23 56 35 23 20 41 92 36 78 63 17 43 34 24 35 22 45 42 55 5 74 17 34 22 87 40 30 15 21 78 66 10 65 56 43 9 10 45 73 48 29 52 72 44 53 49 79 55 3 57 30 0 81 6 13 38 24 37 70 37 31 85 42 28 60 55 65 68 64 53 30 50 31 44 25 20 32 66 13 52 53 69 76 41 43 35 29 46 66 36 48 58 34 17 72 62 22 71 92 47 54 60 50 68 26 36 25 68 19 72 73 29 39 43 46 68 78 86 30 39 15 56 41 62 64 42 26 16 59 42 72 54 32 15 42 53 21 49 
17 10 111 53 90 91 61 80 103 59 105 20 70 25 74 95 93 42 14 94 72 91 80 40 104 60 90 98 80 44 27 80 55 84 106 69 10 115 84 77 68 6 34 90 28 26 61 87 81 87 79 39 81 94 12 94 29 78 2 27 83 78 57 81 0 85 87 57 59 116 12 54 51 9 72 85 60 78 21 78 93 60 71 83 54 41 99 92 57 54 70 86 54 13 11 55 38 60 68 92 56 68 88 32 115 84 42 78 72 24 15 47 73 22 58 38 74 80 70 30 100 30 76 84 119 93 58 79 78 18 83 54 95 41 58 27 36 84 104 97 70 39 77 47 59 96 91 64 62 70 
71 77 39 41 6 33 24 41 20 32 31 81 30 60 41 25 22 45 95 41 84 60 22 47 36 26 30 24 42 48 60 5 80 12 36 21 90 40 35 21 28 82 68 4 68 61 50 3 16 41 80 54 26 48 76 39 58 47 84 59 7 63 32 6 85 0 17 44 27 35 74 38 36 89 40 24 59 61 69 74 61 59 28 56 33 47 18 14 33 72 19 49 60 73 81 47 47 41 28 42 72 34 53 63 31 22 78 68 29 74 96 53 52 63 50 70 32 42 24 70 17 78 79 25 38 48 52 74 84 89 26 45 14 62 42 67 66 38 26 12 65 46 79 60 38 12 38 52 27 47 
71 79 26 52 13 50 29 57 32 28 18 79 20 63 27 10 7 50 99 24 72 76 9 52 21 35 47 11 58 44 60 18 71 29 22 35 94 29 19 10 20 84 76 17 75 61 40 20 5 58 66 50 42 65 76 56 58 62 85 60 10 49 41 13 87 17 0 36 34 29 75 49 36 92 55 41 72 47 73 60 77 49 43 41 42 53 33 31 43 63 17 65 51 75 80 39 50 33 42 59 63 49 37 60 29 6 71 54 18 80 99 46 67 67 62 79 20 27 38 78 16 74 66 41 32 31 43 60 71 94 43 38 11 56 53 64 75 55 17 16 52 48 65 52 31 15 55 66 24 62 
40 52 56 47 46 70 30 68 64 14 51 44 16 39 16 41 40 35 71 36 41 87 27 37 48 36 67 45 69 13 30 40 35 52 51 44 66 60 26 26 17 57 61 48 56 32 8 48 32 73 40 18 58 81 45 75 29 71 55 31 38 28 40 38 57 44 36 0 32 64 45 45 17 64 62 60 70 26 51 36 89 15 52 29 37 39 63 57 42 27 25 77 15 48 48 3 31 3 49 76 28 55 31 26 65 31 34 31 18 59 72 10 72 43 60 65 18 23 47 60 52 38 38 60 67 36 8 36 43 69 60 3 47 20 52 31 60 69 52 52 25 26 38 16 6 51 73 67 19 66 
45 50 60 19 32 39 4 36 44 18 52 57 27 33 40 44 41 17 68 52 73 55 31 19 55 4 37 45 36 28 35 21 64 26 56 13 63 63 42 27 24 55 43 31 41 35 40 28 28 40 73 33 27 49 50 44 33 39 57 34 26 59 9 24 59 27 34 32 0 61 48 16 16 62 30 30 41 57 42 68 57 48 20 57 8 20 41 33 11 57 17 45 46 46 55 33 21 31 17 44 58 22 57 41 58 34 58 63 29 47 69 35 40 36 31 45 33 45 15 44 43 56 71 30 63 56 41 69 76 62 29 31 39 42 22 44 41 37 49 39 57 21 71 43 27 38 41 36 15 34 
100 109 14 77 29 62 57 73 34 57 14 108 48 92 51 23 24 78 128 36 94 91 37 80 20 61 59 18 74 73 89 40 96 45 17 57 123 12 40 39 49 114 104 32 103 90 66 36 35 72 86 80 59 77 106 67 87 80 114 89 34 69 67 37 116 35 29 64 61 0 105 74 65 121 74 55 95 67 102 80 91 74 63 59 68 81 38 42 69 88 46 80 77 104 110 67 79 61 64 71 88 70 53 89 8 33 98 74 46 108 128 75 86 96 86 105 46 48 60 105 18 102 87 56 3 43 69 80 92 123 58 66 22 84 77 94 102 70 12 23 75 77 86 80 59 23 67 87 54 82 
6 9 99 45 79 83 50 72 92 47 93 15 58 16 62 83 81 32 25 82 63 85 68 31 92 50 82 86 72 32 15 68 47 74 94 60 20 103 72 65 56 12 32 79 25 14 50 76 70 79 70 27 72 87 3 86 17 71 9 15 71 67 48 70 12 74 75 45 48 105 0 46 39 19 64 76 56 67 17 69 88 49 62 72 44 32 89 81 48 45 58 79 43 7 8 43 27 48 59 84 47 60 76 21 103 72 34 67 60 24 26 36 68 14 52 37 62 69 60 29 88 23 67 75 108 81 47 70 69 26 74 42 84 30 50 17 33 76 92 86 59 28 68 36 47 85 83 59 50 64 
45 44 75 3 44 37 20 27 51 33 67 58 43 30 55 59 56 14 61 68 85 44 47 15 70 13 36 59 27 37 37 33 73 32 71 17 56 77 58 43 40 49 30 42 31 36 53 39 44 33 85 40 26 42 49 40 35 28 53 35 40 73 7 37 54 38 49 45 16 74 46 0 27 55 19 31 25 72 34 81 46 60 16 72 8 14 47 39 5 67 33 35 57 41 54 46 21 45 13 38 68 14 72 46 70 50 65 76 45 37 61 46 27 32 15 31 49 60 16 32 55 60 83 30 76 72 53 82 88 53 28 43 52 50 7 47 28 30 63 51 70 25 84 53 41 51 37 21 31 21 
35 43 61 29 40 55 15 51 56 8 54 44 20 28 30 44 42 19 62 46 58 70 29 21 54 20 53 47 52 12 24 31 48 40 56 29 58 64 36 26 18 48 45 41 42 25 25 39 30 56 58 18 43 65 40 60 21 54 49 23 32 46 23 31 51 36 36 17 16 65 39 27 0 56 45 46 52 44 38 53 72 32 36 45 20 23 54 47 24 41 19 60 30 39 45 18 16 17 33 60 42 38 47 27 64 34 43 49 23 46 63 19 55 31 42 49 26 36 31 45 49 42 56 45 68 48 25 54 60 59 45 15 44 26 34 30 44 53 53 47 42 12 56 27 14 46 57 49 11 49 
25 12 117 53 94 91 65 79 105 65 111 29 76 29 81 101 99 44 6 101 81 88 86 42 110 63 91 103 79 51 34 83 64 87 112 72 1 121 90 82 74 7 31 94 26 32 69 91 87 86 88 46 82 93 20 94 36 77 11 33 87 86 60 85 9 89 92 64 62 121 19 55 56 0 71 86 57 86 21 87 91 68 72 91 56 42 102 94 59 63 75 85 63 16 20 62 42 67 69 91 65 68 95 40 119 90 51 86 79 21 7 55 72 25 57 34 81 88 71 27 104 39 85 85 124 101 66 88 87 10 84 61 100 49 58 36 33 83 109 101 78 44 86 56 66 101 91 63 67 69 
64 62 79 19 46 21 32 8 44 48 71 77 56 48 69 65 62 34 76 77 103 25 56 34 76 25 22 64 8 56 56 37 93 29 76 20 72 80 68 52 53 66 42 42 45 55 70 38 51 15 102 59 16 22 67 22 55 9 71 55 45 89 21 42 72 40 55 62 30 74 64 19 45 71 0 20 22 87 51 98 27 77 12 86 25 33 40 33 20 86 43 16 75 59 72 63 41 61 13 20 87 7 85 66 68 58 85 93 57 51 76 64 12 50 15 40 61 73 17 45 56 79 101 19 76 83 70 99 106 67 17 60 54 69 14 67 39 12 66 51 87 44 101 71 57 51 19 13 45 7 
75 75 62 33 29 9 31 18 24 46 54 87 49 60 62 50 47 44 92 65 102 36 45 45 60 27 7 47 19 58 65 23 94 11 59 17 88 63 58 42 46 80 60 25 62 65 67 21 39 17 99 64 5 24 79 15 63 24 84 64 31 84 28 28 85 24 41 60 30 55 76 31 46 86 20 0 42 82 65 94 36 76 14 78 32 44 19 13 28 87 36 25 75 72 84 62 50 58 17 17 88 19 76 72 48 46 89 88 49 68 92 65 31 62 35 59 53 64 16 63 38 86 98 1 57 72 69 95 103 84 3 59 37 73 30 74 57 15 49 33 84 51 98 73 54 33 13 34 41 27 
58 50 98 22 66 42 45 27 66 58 90 71 68 42 80 82 79 34 61 93 107 31 72 33 94 38 43 82 26 60 53 55 94 50 94 38 58 100 83 68 65 53 26 62 32 52 78 58 68 33 109 61 38 37 59 42 53 22 60 52 63 98 32 60 60 59 72 70 41 95 56 25 52 57 22 42 0 96 39 105 34 83 31 97 33 31 62 55 30 88 58 29 80 49 64 70 41 69 31 38 90 25 97 65 89 75 84 101 70 36 61 68 15 42 10 23 74 86 35 30 76 76 107 41 97 97 77 106 111 51 39 67 74 71 19 64 24 32 86 71 94 46 107 74 66 71 39 8 56 15 
61 75 54 74 59 91 54 93 79 38 53 60 32 65 20 45 46 62 92 31 27 112 38 64 47 61 89 50 93 39 54 59 33 71 50 68 87 58 28 40 35 79 87 63 82 56 19 64 45 96 19 41 81 104 66 97 53 96 75 55 53 2 66 55 78 61 47 26 57 67 67 72 44 86 87 82 96 0 76 13 114 18 76 8 63 66 79 76 68 28 45 102 23 72 67 27 57 26 74 99 26 80 14 45 71 40 41 7 32 85 93 32 98 68 87 91 28 19 71 86 61 51 20 82 70 24 21 13 25 92 82 29 57 36 79 50 86 93 56 63 10 52 19 30 30 62 95 93 42 92 
20 11 99 32 74 71 45 59 85 47 92 32 59 11 67 83 80 24 26 85 77 70 68 22 93 42 70 85 59 37 22 63 61 66 94 50 22 102 74 64 57 15 15 73 8 20 57 70 68 66 82 35 61 73 20 73 23 57 20 21 67 77 38 65 21 69 73 51 42 102 17 34 38 21 51 65 39 76 0 80 73 59 50 79 35 21 81 73 38 58 56 65 54 9 24 49 23 52 48 71 60 47 82 32 99 72 49 78 62 9 27 44 52 8 37 20 64 73 50 12 84 39 79 64 105 86 55 81 82 20 63 48 80 41 37 30 16 63 90 81 70 26 80 47 50 80 70 43 49 49 
63 78 67 83 73 104 65 104 93 49 66 59 45 70 33 59 60 70 93 44 15 123 52 72 60 72 101 64 104 45 58 71 27 84 63 79 88 71 41 53 47 81 93 76 87 60 28 78 58 108 6 46 93 116 67 109 57 107 76 59 66 11 76 68 78 74 60 36 68 80 69 81 53 87 98 94 105 13 80 0 125 22 87 21 73 74 93 89 78 25 58 113 26 75 68 35 64 37 85 111 23 91 27 48 85 53 38 6 45 89 94 37 108 72 96 97 41 33 82 91 75 50 7 94 83 37 28 1 12 95 94 38 71 39 88 52 92 104 70 77 11 59 6 33 41 76 107 103 53 102 
89 84 98 45 66 29 59 21 57 76 91 102 82 73 95 86 83 61 95 101 130 3 81 60 97 53 32 84 20 83 82 59 120 48 96 46 92 99 93 77 79 87 60 62 65 81 97 58 75 19 130 87 35 14 92 24 81 18 93 81 67 116 49 64 93 61 77 89 57 91 88 46 72 91 27 36 34 114 73 125 0 105 38 112 53 59 53 49 48 113 69 12 103 82 96 91 68 88 40 20 114 34 111 92 83 82 112 120 83 70 95 92 20 74 36 57 87 99 43 64 74 106 128 36 92 107 98 126 133 85 34 88 74 97 39 93 58 22 85 69 114 71 128 99 84 69 24 29 72 25 
43 57 63 62 60 85 46 84 79 30 60 43 29 48 22 51 51 48 74 41 25 103 40 50 56 52 83 56 84 23 37 55 22 67 59 60 69 68 34 39 31 61 71 62 65 39 9 62 45 88 25 24 74 97 48 91 36 87 57 38 52 18 55 53 60 59 49 15 48 74 49 60 32 68 77 76 83 18 59 22 105 0 68 24 52 52 78 73 57 14 41 93 5 54 49 14 42 17 65 92 14 70 29 27 77 43 25 19 31 68 75 15 87 51 74 75 29 27 63 69 65 34 23 76 77 37 7 23 28 74 76 16 60 18 67 32 70 85 62 65 11 37 23 12 21 64 88 81 34 81 
61 61 67 18 34 21 21 16 36 38 59 73 44 46 57 53 50 30 77 65 93 36 44 31 64 15 20 52 17 47 51 25 84 18 64 8 73 69 56 40 41 65 45 31 47 51 60 27 39 20 92 52 10 29 65 25 49 20 69 50 33 78 14 30 71 28 43 52 20 63 62 16 36 72 12 14 31 76 50 87 38 68 0 74 18 30 32 24 14 77 31 25 66 57 70 53 36 50 3 24 78 6 73 59 58 46 78 82 45 53 77 55 24 48 22 45 50 61 5 48 45 74 91 13 65 71 60 88 96 69 12 51 42 62 15 61 43 17 55 40 77 38 91 63 46 40 22 23 34 19 
66 80 46 74 54 88 53 91 74 38 45 67 30 68 17 38 39 64 97 23 35 111 34 66 39 60 85 43 91 42 58 55 42 67 42 66 93 50 21 36 33 84 90 58 85 60 22 60 40 94 27 45 78 102 71 94 57 95 81 59 48 10 66 50 83 56 41 29 57 59 72 72 45 91 86 78 97 8 79 21 112 24 74 0 63 68 74 71 68 36 43 100 29 76 73 30 60 28 72 96 35 79 6 51 64 34 49 15 29 88 98 36 97 71 87 94 25 14 69 89 55 58 28 78 62 16 25 21 33 97 79 32 51 42 79 55 89 90 49 57 18 55 27 36 31 56 92 93 41 91 
43 44 68 11 39 39 12 32 49 25 60 55 35 28 47 52 49 12 62 60 77 50 39 13 63 7 38 53 33 30 33 28 67 30 64 15 58 71 50 35 32 49 35 38 34 33 45 34 37 38 78 34 28 46 47 43 31 34 52 32 34 65 4 31 54 33 42 37 8 68 44 8 20 56 25 32 33 63 35 73 53 52 18 63 0 13 45 37 5 60 25 41 50 41 52 38 18 37 15 42 61 18 64 41 65 43 59 68 37 40 63 38 35 31 23 37 41 52 16 36 50 55 76 31 71 64 45 74 80 55 30 35 46 44 15 43 33 34 57 46 62 19 76 46 33 46 40 29 23 29 
31 31 80 13 53 51 24 41 63 31 72 44 42 16 53 63 60 4 48 68 75 56 49 2 74 20 50 65 41 28 23 41 62 44 75 29 44 83 58 45 40 36 23 51 21 22 47 48 48 47 77 30 40 55 35 54 22 41 39 22 46 68 17 44 41 47 53 39 20 81 32 14 23 42 33 44 31 66 21 74 59 52 30 68 13 0 59 51 16 57 36 49 48 27 40 39 10 40 27 52 58 28 70 34 78 53 53 70 45 26 49 37 39 18 24 26 48 59 29 24 63 46 75 43 84 71 46 75 79 42 42 37 59 39 19 34 21 44 70 60 63 14 76 43 37 59 51 31 31 34 
87 90 47 50 20 24 39 37 4 50 40 98 49 74 59 39 36 57 108 56 103 53 40 59 47 39 21 35 38 66 76 23 99 15 46 30 103 47 52 39 47 95 77 16 79 76 69 15 34 34 98 72 24 39 91 29 74 44 98 75 26 81 42 25 99 18 33 63 41 38 89 47 54 102 40 19 62 79 81 93 53 78 32 74 45 59 0 8 43 91 37 42 79 86 96 66 62 60 34 33 91 38 71 81 30 40 96 86 47 84 108 71 50 77 54 77 51 60 31 80 23 96 98 21 39 64 71 93 103 100 23 63 25 80 48 84 75 33 34 18 84 62 97 78 57 19 29 54 45 47 
79 82 49 42 18 20 32 31 12 44 41 90 44 66 56 38 36 49 100 55 98 49 37 51 48 31 17 36 32 59 68 17 93 7 47 22 95 50 50 35 42 87 69 13 71 69 64 11 31 30 94 65 17 35 84 25 66 38 90 67 22 78 34 20 92 14 31 57 33 42 81 39 47 94 33 13 55 76 73 89 49 73 24 71 37 51 8 0 35 85 31 38 73 78 89 60 54 55 26 29 86 30 68 74 35 37 89 82 43 76 100 65 44 69 47 70 47 57 23 72 25 89 94 14 43 62 66 89 99 92 16 57 25 73 40 77 67 28 36 20 79 54 93 72 51 20 25 47 39 40 
47 47 69 8 39 35 15 27 47 29 62 59 38 32 51 53 50 16 64 63 82 45 42 17 65 8 34 54 28 35 37 28 72 28 65 13 60 72 53 38 35 52 35 37 35 37 50 33 38 33 82 39 24 42 51 38 35 29 56 36 34 70 2 32 57 33 43 42 11 69 48 5 24 59 20 28 30 68 38 78 48 57 14 68 5 16 43 35 0 65 28 36 55 44 56 43 22 41 11 37 66 13 68 46 64 45 64 73 40 41 65 43 30 34 20 36 44 56 12 37 50 60 81 27 71 67 50 79 85 57 26 40 47 49 11 47 33 30 58 46 67 24 81 51 37 45 35 25 26 24 
39 54 78 68 73 96 56 93 92 41 74 34 43 48 36 65 65 53 68 55 19 111 54 54 70 61 94 70 93 29 36 68 8 79 73 70 64 82 48 53 44 57 72 75 65 38 23 75 59 98 25 27 85 106 43 101 36 95 52 38 65 27 64 66 54 72 63 27 57 88 45 67 41 63 86 87 88 28 58 25 113 14 77 36 60 57 91 85 65 0 53 102 12 51 43 25 47 30 74 101 2 79 42 25 91 57 13 25 45 67 69 21 94 50 80 77 43 41 73 69 79 25 22 86 91 51 20 25 24 71 86 27 74 17 74 28 72 94 76 79 18 42 23 14 33 78 98 87 46 89 
54 62 43 36 21 46 13 47 39 13 36 63 13 45 26 27 24 32 81 35 66 68 14 34 38 20 43 29 48 29 43 14 61 26 39 23 76 46 25 10 10 67 59 23 57 44 32 22 12 50 63 35 35 59 60 51 41 52 68 43 13 48 26 13 70 19 17 25 17 46 58 33 19 75 43 36 58 45 56 58 69 41 31 43 25 36 37 31 28 53 0 56 41 58 64 28 33 23 29 53 54 36 42 45 45 17 59 52 13 62 82 34 55 49 48 62 18 29 26 60 30 60 62 36 49 39 34 58 67 76 36 26 25 43 39 49 57 47 34 28 48 30 62 41 19 27 49 52 8 49 
80 76 87 35 54 18 47 9 47 63 79 93 70 64 83 74 71 50 89 89 118 11 68 50 85 41 21 72 8 72 72 47 109 36 84 33 86 88 81 65 67 80 54 50 59 71 85 46 62 8 118 76 22 8 83 15 71 8 85 71 55 104 37 52 86 49 65 77 45 80 79 35 60 85 16 25 29 102 65 113 12 93 25 100 41 49 42 38 36 102 56 0 91 73 88 79 57 76 28 10 103 22 98 82 72 70 101 108 70 64 89 80 13 65 28 51 75 86 30 58 63 95 116 24 81 95 86 114 121 79 22 76 62 85 29 83 52 10 74 58 102 60 116 87 72 58 13 22 59 16 
37 52 67 59 61 85 44 82 80 29 63 37 31 43 26 54 53 45 68 45 27 101 42 46 60 50 82 59 82 20 32 56 20 67 62 59 64 71 37 41 32 56 66 63 60 34 11 63 47 87 29 19 73 95 42 90 31 84 52 33 53 23 53 53 54 60 51 15 46 77 43 57 30 63 75 75 80 23 54 26 103 5 66 29 50 48 79 73 55 12 41 91 0 49 44 13 38 18 63 90 12 68 34 22 79 45 21 24 33 63 69 11 85 46 71 71 31 31 61 64 67 29 26 75 80 42 8 27 31 69 75 15 62 13 64 26 66 83 65 67 16 34 27 7 21 66 87 78 34 79 
12 4 100 40 77 78 48 67 90 48 94 23 59 12 65 84 82 28 23 84 70 79 69 27 93 47 77 86 67 35 18 67 54 71 95 56 18 104 74 65 57 9 24 77 17 16 54 74 70 74 76 31 67 81 11 81 19 65 12 17 70 72 44 69 13 73 75 48 46 104 7 41 39 16 59 72 49 72 9 75 82 54 57 76 41 27 86 78 44 51 58 73 49 0 15 46 25 50 54 79 53 55 80 27 103 73 41 73 62 16 24 40 61 9 46 29 64 72 56 21 88 30 73 71 107 85 51 76 76 20 69 45 83 36 45 23 25 71 92 85 65 27 74 42 49 84 78 52 50 57 
9 14 104 53 85 91 57 80 99 52 98 9 62 24 65 88 86 40 25 85 61 93 73 39 97 57 90 91 81 36 21 75 44 81 99 67 21 107 75 70 61 15 40 85 33 20 52 83 75 87 68 31 80 95 5 94 23 80 9 21 77 68 56 76 11 81 80 48 55 110 8 54 45 20 72 84 64 67 24 68 96 49 70 73 52 40 96 89 56 43 64 88 44 15 0 46 34 51 67 92 45 68 78 23 109 77 31 67 65 31 26 38 76 22 60 44 66 72 68 36 94 19 65 83 113 84 48 69 67 28 82 46 89 31 58 18 41 84 97 92 59 34 66 37 51 91 91 67 56 72 
37 50 59 48 49 72 32 70 67 16 54 41 19 38 19 44 43 35 68 39 39 89 31 37 51 38 69 49 70 12 28 43 32 54 54 46 63 63 29 29 20 55 60 51 55 30 8 50 35 74 39 15 60 83 43 77 27 72 53 29 41 28 41 41 55 47 39 3 33 67 43 46 18 62 63 62 70 27 49 35 91 14 53 30 38 39 66 60 43 25 28 79 13 46 46 0 30 6 50 78 25 56 33 23 69 34 31 31 21 58 69 7 73 41 61 64 21 25 49 59 55 35 37 62 70 38 7 36 42 67 62 2 50 17 53 28 59 71 55 55 24 25 37 13 9 54 74 67 21 67 
25 29 76 22 52 57 23 49 65 25 69 37 36 12 45 60 57 7 48 62 65 65 45 7 70 23 56 62 49 18 15 42 53 47 71 33 43 79 52 41 34 34 30 52 25 15 38 49 45 55 68 20 46 63 29 61 13 50 36 14 45 59 22 43 38 47 50 31 21 79 27 21 16 42 41 50 41 57 23 64 68 42 36 60 18 10 62 54 22 47 33 57 38 25 34 30 0 32 33 60 48 35 62 24 77 49 43 61 39 30 48 27 48 16 33 34 42 51 34 29 62 38 65 49 82 64 37 65 69 43 48 28 58 29 28 25 29 52 67 59 53 5 66 33 29 59 58 41 26 43 
42 55 53 47 43 68 29 67 61 12 48 47 13 41 14 38 37 36 73 34 43 86 24 38 45 35 65 42 68 15 33 37 38 49 48 43 68 57 24 23 14 59 62 45 57 34 9 45 29 71 41 20 57 79 48 73 31 70 58 33 35 28 39 35 60 41 33 3 31 61 48 45 17 67 61 58 69 26 52 37 88 17 50 28 37 40 60 55 41 30 23 76 18 50 51 6 32 0 48 74 30 54 30 29 62 28 37 31 15 61 74 13 71 44 60 66 15 21 45 61 49 41 40 58 64 34 10 37 45 71 58 5 44 23 52 33 61 67 49 49 26 27 40 19 4 48 71 66 17 66 
58 58 67 16 34 24 19 19 38 35 59 70 42 43 55 52 49 27 75 63 90 38 42 28 63 12 23 51 19 44 48 24 81 19 63 7 70 68 55 39 39 63 43 31 45 48 57 27 38 23 89 49 13 32 62 28 46 22 66 47 32 76 11 29 68 28 42 49 17 64 59 13 33 69 13 17 31 74 48 85 40 65 3 72 15 27 34 26 11 74 29 28 63 54 67 50 33 48 0 27 75 7 71 56 58 45 74 79 43 51 75 52 25 45 21 43 47 59 4 46 45 71 88 16 66 69 58 85 93 67 15 48 42 59 14 58 41 20 54 40 74 35 88 60 43 40 25 24 31 20 
84 82 79 39 47 9 45 12 37 61 71 96 66 68 79 67 64 53 96 83 117 20 63 53 77 40 12 65 12 72 75 41 109 29 76 31 92 79 76 60 63 86 61 42 65 74 83 39 57 5 116 76 17 6 87 4 73 16 91 74 49 101 38 46 92 42 59 76 44 71 84 38 60 91 20 17 38 99 71 111 20 92 24 96 42 52 33 29 37 101 53 10 90 79 92 78 60 74 27 0 102 24 94 84 63 64 102 105 66 71 96 80 23 70 34 59 71 82 28 65 54 98 114 17 72 89 84 111 119 86 16 75 54 86 34 85 59 8 65 49 100 62 114 87 70 49 4 30 57 23 
41 56 77 70 73 97 57 94 92 42 74 36 43 50 36 65 65 55 70 54 17 112 54 56 69 62 95 70 94 31 38 68 8 80 72 71 66 81 48 53 44 59 74 76 67 40 23 76 59 99 23 28 85 107 45 102 38 96 54 39 65 26 65 66 56 72 63 28 58 88 47 68 42 65 87 88 90 26 60 23 114 14 78 35 61 58 91 86 66 2 54 103 12 53 45 25 48 30 75 102 0 80 41 27 91 57 15 23 45 69 71 22 96 52 82 78 43 40 74 71 79 26 20 87 91 50 20 24 22 73 87 28 74 19 75 30 73 95 76 79 16 44 21 15 34 78 99 89 47 90 
59 58 73 15 41 23 25 13 42 41 65 72 49 44 62 59 56 28 73 71 96 32 49 29 70 18 23 58 14 49 50 31 86 25 70 14 69 75 62 46 46 62 40 37 43 50 63 33 45 19 95 53 14 28 63 26 49 16 67 49 39 82 15 36 68 34 49 55 22 70 60 14 38 68 7 19 25 80 47 91 34 70 6 79 18 28 38 30 13 79 36 22 68 55 68 56 35 54 7 24 80 0 78 60 64 52 78 86 50 49 74 57 18 46 16 40 54 66 11 43 51 74 94 18 72 76 63 92 99 65 16 53 49 63 10 61 38 16 61 46 80 38 94 65 50 46 23 17 38 13 
70 84 40 75 51 86 53 89 70 39 39 72 29 71 17 34 35 66 102 17 41 110 31 68 33 60 83 39 90 45 62 52 48 65 36 65 97 44 18 33 32 88 92 55 87 64 26 57 37 92 33 49 76 100 76 92 60 94 85 62 46 16 66 48 88 53 37 31 57 53 76 72 47 95 85 76 97 14 82 27 111 29 73 6 64 70 71 68 68 42 42 98 34 80 78 33 62 30 71 94 41 78 0 55 58 31 55 21 28 91 102 40 97 74 88 96 23 12 68 91 51 63 34 76 56 10 29 27 39 101 77 34 47 47 79 60 91 89 43 53 24 57 33 41 33 52 90 93 41 91 
15 30 82 47 66 80 42 73 83 32 76 18 40 23 42 66 65 31 46 62 44 90 52 32 74 44 78 70 74 15 11 58 29 67 77 54 42 86 53 49 40 33 47 68 40 13 29 66 55 79 49 9 68 88 20 84 12 74 30 13 58 46 45 58 32 63 60 26 41 89 21 46 27 40 66 72 65 45 32 48 92 27 59 51 41 34 81 74 46 25 45 82 22 27 23 23 24 29 56 84 27 60 55 0 89 56 19 46 43 41 47 15 73 25 58 51 44 49 56 44 75 15 46 71 92 61 25 49 49 47 70 23 70 9 53 5 46 76 76 73 38 21 47 15 29 72 81 65 37 67 
99 107 22 73 25 54 54 66 26 57 19 108 49 90 55 26 26 75 126 41 98 83 38 77 26 58 51 21 67 73 88 36 99 39 24 52 121 20 44 40 49 112 100 27 99 89 68 31 34 64 91 80 52 69 105 59 86 73 113 88 32 73 63 34 115 31 29 65 58 8 103 70 64 119 68 48 89 71 99 85 83 77 58 64 65 78 30 35 64 91 45 72 79 103 109 69 77 62 58 63 91 64 58 89 0 34 100 78 47 105 126 76 79 94 80 101 48 52 54 101 15 103 91 49 9 49 71 85 97 120 51 67 19 85 72 94 98 63 15 18 79 75 90 82 60 19 59 81 53 75 
68 77 27 53 20 56 30 61 39 25 20 75 15 62 21 10 8 50 97 18 65 81 4 52 20 37 53 14 62 41 57 22 65 34 22 38 92 30 12 8 16 82 77 24 74 58 34 26 7 63 59 47 47 70 73 61 55 66 82 57 15 42 43 17 84 22 6 31 34 33 72 50 34 90 58 46 75 40 72 53 82 43 46 34 43 53 40 37 45 57 17 70 45 73 77 34 49 28 45 64 57 52 31 56 34 0 65 47 13 79 97 42 70 65 65 79 14 20 41 77 22 69 59 46 36 25 37 54 65 93 48 33 17 51 56 61 75 60 20 23 46 46 59 47 26 22 60 69 23 65 
29 43 89 66 80 98 58 92 98 46 85 22 50 42 47 75 74 51 56 67 30 109 62 51 81 62 96 80 93 30 30 73 13 83 84 72 52 93 59 60 51 45 64 82 57 31 32 81 66 98 37 25 86 106 31 102 31 93 40 31 72 41 63 72 42 78 71 34 58 98 34 65 43 51 85 89 84 41 49 38 112 25 78 49 59 53 96 89 64 13 59 101 21 41 31 31 43 37 74 102 15 78 55 19 100 65 0 39 53 58 57 25 92 43 77 69 52 52 74 61 86 12 34 88 101 63 29 39 36 59 88 33 81 16 72 20 64 94 86 86 32 40 35 18 40 85 100 84 51 87 
61 76 61 79 67 98 60 98 86 44 60 59 39 67 26 53 53 66 92 38 20 118 46 68 54 67 95 58 99 42 56 65 29 78 57 74 87 65 35 47 41 79 90 70 84 58 23 71 52 102 12 43 87 111 66 104 55 102 75 57 60 5 71 62 78 68 54 31 63 74 67 76 49 86 93 88 101 7 78 6 120 19 82 15 68 70 86 82 73 25 52 108 24 73 67 31 61 31 79 105 23 86 21 46 78 47 39 0 39 87 93 34 103 70 92 94 35 27 77 88 69 50 13 88 77 31 24 6 18 93 89 33 64 37 84 50 89 99 63 70 8 56 12 31 36 70 101 98 48 97 
55 66 38 48 28 59 25 61 48 14 33 62 2 51 12 23 21 41 85 23 55 81 9 43 31 32 56 27 62 28 45 26 53 39 33 37 80 42 13 8 5 71 68 31 65 46 22 32 14 64 51 34 49 72 61 65 43 66 70 45 21 34 38 22 72 29 18 18 29 46 60 45 23 79 57 49 70 32 62 45 83 31 45 29 37 45 47 43 40 45 13 70 33 62 65 21 39 15 43 66 45 50 28 43 47 13 53 39 0 69 86 29 68 54 60 71 4 16 40 68 34 56 50 49 49 27 25 46 55 82 50 20 29 38 51 48 66 61 33 34 36 35 50 34 13 33 63 65 14 63 
29 16 106 34 79 72 51 58 88 55 99 39 67 20 75 89 87 30 25 93 86 67 75 27 100 47 72 91 58 46 31 68 70 69 101 54 22 109 82 71 64 17 10 78 5 29 66 75 74 65 91 44 63 72 27 73 32 56 24 30 73 86 42 71 24 74 80 59 47 108 24 37 46 21 51 68 36 85 9 89 70 68 53 88 40 26 84 76 41 67 62 64 63 16 31 58 30 61 51 71 69 49 91 41 105 79 58 87 69 0 25 53 51 17 36 14 72 82 53 6 90 47 88 66 111 94 64 90 91 16 65 56 86 50 38 38 12 63 97 86 79 34 89 56 59 86 70 42 56 48 
32 19 124 59 101 97 72 84 112 72 118 35 83 36 88 108 106 51 1 108 87 92 93 49 117 69 97 111 84 58 41 90 70 93 119 78 5 128 97 89 81 15 35 100 30 39 76 97 94 91 94 54 87 97 27 99 43 81 17 41 94 93 66 92 15 96 99 72 69 128 26 61 63 7 76 92 61 93 27 94 95 75 77 98 63 49 108 100 65 69 82 89 69 24 26 69 48 74 75 96 71 74 102 47 126 97 57 93 86 25 0 62 76 32 61 38 88 95 77 31 111 45 91 91 131 108 73 95 93 10 89 68 107 56 63 43 37 88 116 108 85 51 92 62 73 107 96 67 74 73 
30 43 67 47 55 75 34 71 73 21 62 34 26 33 26 52 51 33 61 47 39 89 38 34 59 39 73 56 72 8 22 48 29 58 62 49 56 71 37 36 26 48 55 57 50 24 13 56 41 76 40 9 63 85 35 80 21 73 45 23 47 33 42 47 47 53 46 10 35 75 36 46 19 55 64 65 68 32 44 37 92 15 55 36 38 37 71 65 43 21 34 80 11 40 38 7 27 13 52 80 22 57 40 15 76 42 25 34 29 53 62 0 73 36 60 60 29 33 51 54 62 27 38 65 78 46 11 38 42 61 65 8 57 9 53 20 55 72 62 61 26 22 38 7 15 60 77 67 26 67 
69 64 91 26 58 28 43 13 55 59 83 82 67 53 80 77 74 41 76 89 112 17 68 41 88 36 30 76 12 65 62 49 101 40 88 32 73 92 80 64 64 67 41 54 46 61 80 50 63 18 113 68 26 22 71 27 61 7 73 61 57 100 31 54 73 52 67 72 40 86 68 27 55 72 12 31 15 98 52 108 20 87 24 97 35 39 50 44 30 94 55 13 85 61 76 73 48 71 25 23 96 18 97 73 79 70 92 103 68 51 76 73 0 54 15 38 73 85 29 45 67 85 111 29 87 95 80 109 115 66 27 70 66 77 20 73 39 17 78 62 97 52 111 80 67 62 24 9 56 5 
15 13 92 31 68 69 39 58 80 40 85 28 51 3 59 76 73 19 32 77 70 71 61 17 86 38 68 78 58 29 14 57 55 62 87 47 27 95 67 57 49 18 21 68 14 12 49 65 61 65 74 27 58 72 17 72 15 57 21 13 61 69 35 60 22 63 67 43 36 96 14 32 31 25 50 62 42 68 8 72 74 51 48 71 31 18 77 69 34 50 49 65 46 9 22 41 16 44 45 70 52 46 74 25 94 65 43 70 54 17 32 36 54 0 38 26 57 65 47 18 79 33 72 61 99 78 47 73 75 27 60 40 74 33 36 23 21 62 84 76 62 19 72 39 43 75 69 45 42 49 
53 48 88 13 56 37 35 22 58 49 80 66 58 37 71 72 70 26 61 83 99 33 62 26 84 28 37 73 22 51 47 45 86 41 84 28 58 90 73 58 55 52 26 53 31 46 68 49 58 29 100 53 30 36 55 37 46 20 57 46 53 89 22 50 58 50 62 60 31 86 52 15 42 57 15 35 10 87 37 96 36 74 22 87 23 24 54 47 20 80 48 28 71 46 60 61 33 60 21 34 82 16 88 58 80 65 77 92 60 36 61 60 15 38 0 25 64 76 26 30 67 70 98 33 88 87 68 97 102 51 31 58 64 63 9 58 24 27 76 62 85 38 98 66 56 62 35 7 46 12 
41 30 105 28 76 62 49 47 82 57 97 53 69 28 79 89 86 30 38 95 96 54 75 28 100 43 62 90 47 52 40 64 81 63 101 48 35 108 84 71 66 32 5 74 12 38 72 70 73 54 100 51 54 60 41 62 40 44 38 39 71 92 38 68 38 70 79 65 45 105 37 31 49 34 40 59 23 91 20 97 57 75 45 94 37 26 77 70 36 77 62 51 71 29 44 64 34 66 43 59 78 40 96 51 101 79 69 94 71 14 38 60 38 26 25 0 75 85 47 8 87 59 97 58 108 98 70 98 101 28 56 62 83 59 29 49 5 52 94 83 86 39 98 64 63 82 60 29 57 36 
57 68 38 52 31 63 29 66 51 17 33 63 6 53 8 23 22 44 87 20 52 86 11 46 30 37 60 27 67 29 47 30 51 43 33 41 82 41 9 11 9 73 71 35 68 48 20 36 17 69 47 35 53 77 62 69 45 70 72 47 25 30 42 26 74 32 20 18 33 46 62 49 26 81 61 53 74 28 64 41 87 29 50 25 41 48 51 47 44 43 18 75 31 64 66 21 42 15 47 71 43 54 23 44 48 14 52 35 4 72 88 29 73 57 64 75 0 11 44 71 36 56 47 53 49 23 23 42 52 84 54 20 31 38 55 49 70 65 34 36 32 38 46 34 14 35 67 69 18 67 
63 76 36 63 40 74 41 77 60 28 34 67 17 62 6 26 26 55 94 14 46 97 19 57 29 48 71 31 78 36 54 41 48 53 32 53 89 40 8 22 20 80 81 44 77 55 20 46 26 80 39 41 64 88 69 80 52 82 78 54 34 22 54 36 80 42 27 23 45 48 69 60 36 88 73 64 86 19 73 33 99 27 61 14 52 59 60 57 56 41 29 86 31 72 72 25 51 21 59 82 40 66 12 49 52 20 52 27 16 82 95 33 85 65 76 85 11 0 56 81 42 59 39 65 51 13 24 33 45 92 66 26 37 41 67 54 80 77 37 43 27 47 39 36 22 42 78 81 29 79 
59 60 62 19 30 24 17 21 35 33 54 71 39 44 52 48 45 28 77 60 89 41 39 29 59 11 22 47 22 43 49 20 80 16 59 3 73 64 51 35 36 65 46 27 48 49 55 23 34 25 87 48 12 34 63 28 47 26 68 48 28 73 12 25 70 24 38 47 15 60 60 16 31 71 17 16 35 71 50 82 43 63 5 69 16 29 31 23 12 73 26 30 61 56 68 49 34 45 4 28 74 11 68 56 54 41 74 77 40 53 77 51 29 47 26 47 44 56 0 49 41 71 86 15 62 65 56 83 91 69 14 46 38 58 18 58 44 21 50 36 72 35 86 59 41 36 25 28 29 24 
33 21 104 30 76 66 48 53 84 54 96 44 66 21 75 87 85 27 31 92 89 61 73 25 98 43 66 89 52 47 33 65 73 65 99 50 28 107 81 69 63 23 4 74 4 31 67 71 72 60 93 45 58 66 32 68 33 50 30 32 70 87 38 68 30 70 78 60 44 105 29 32 45 27 45 63 30 86 12 91 64 69 48 89 36 24 80 72 37 69 60 58 64 21 36 59 29 61 46 65 71 43 91 44 101 77 61 88 68 6 31 54 45 18 30 8 71 81 49 0 87 51 90 61 108 94 65 92 94 21 59 57 83 52 33 42 6 57 94 83 80 34 91 58 58 82 65 36 55 42 
85 92 24 58 10 45 39 56 20 42 17 93 36 75 43 17 15 60 111 35 87 74 25 62 24 43 42 12 57 59 73 22 87 27 22 38 106 25 33 26 35 97 85 13 84 74 56 17 20 55 81 65 41 60 90 50 71 62 98 73 17 64 48 19 100 17 16 52 43 18 88 55 49 104 56 38 76 61 84 75 74 65 45 55 50 63 23 25 50 79 30 63 67 88 94 55 62 49 45 54 79 51 51 75 15 22 86 69 34 90 111 62 67 79 67 87 36 42 41 87 0 89 81 39 21 43 59 75 87 105 41 53 5 71 59 79 83 53 11 5 68 60 81 68 46 5 50 68 38 63 
18 32 94 60 81 95 57 87 98 47 89 10 54 33 53 80 78 45 44 74 42 103 65 45 87 59 93 84 88 30 23 73 25 82 89 69 40 98 64 63 54 33 54 82 47 24 39 81 69 93 49 24 83 102 20 99 24 88 28 24 73 51 59 72 30 78 74 38 56 102 23 60 42 39 79 86 76 51 39 50 106 34 74 58 55 46 96 89 60 25 60 95 29 30 19 35 38 41 71 98 26 74 63 15 103 69 12 50 56 47 45 27 85 33 70 59 56 59 71 51 89 0 46 86 106 71 35 50 48 47 85 36 84 18 66 12 55 90 90 88 42 35 47 23 43 87 96 77 51 80 
61 76 74 85 78 108 69 107 98 53 73 56 49 69 38 65 66 72 90 51 8 126 57 73 67 75 105 71 108 47 57 76 22 89 70 83 86 78 48 58 52 79 93 82 86 59 31 83 64 111 3 46 97 120 65 113 57 110 74 58 72 18 79 73 76 79 66 38 71 87 67 83 56 85 101 98 107 20 79 7 128 23 91 28 76 75 98 94 81 22 62 116 26 73 65 37 65 40 88 114 20 94 34 46 91 59 34 13 50 88 91 38 111 72 98 97 47 39 86 90 81 46 0 98 90 44 30 7 5 93 98 40 77 38 91 50 92 108 76 83 14 60 1 32 44 82 111 105 57 105 
74 74 63 31 30 10 30 17 25 45 55 86 49 59 62 50 47 43 91 65 101 35 45 44 61 26 7 48 18 58 64 24 94 12 60 16 86 64 58 43 46 79 58 26 60 64 67 22 39 16 99 63 3 23 78 15 62 23 83 63 31 84 27 29 84 25 41 60 30 56 75 30 45 85 19 1 41 82 64 94 36 76 13 78 31 43 21 14 27 86 36 24 75 71 83 62 49 58 16 17 87 18 76 71 49 46 88 88 49 66 91 65 29 61 33 58 53 65 15 61 39 86 98 0 58 72 68 94 103 82 2 59 38 72 28 73 56 14 50 34 84 50 98 73 54 34 13 33 41 26 
103 112 17 79 31 63 60 75 35 60 17 111 51 95 55 26 27 81 131 39 97 92 40 83 23 64 60 21 76 77 92 43 99 47 20 59 126 13 43 43 52 117 106 34 105 93 69 38 38 73 89 83 60 78 109 68 90 81 117 92 37 72 69 39 119 38 32 67 63 3 108 76 68 124 76 57 97 70 105 83 92 77 65 62 71 84 39 43 71 91 49 81 80 107 113 70 82 64 66 72 91 72 56 92 9 36 101 77 49 111 131 78 87 99 88 108 49 51 62 108 21 106 90 58 0 46 72 83 95 125 60 69 24 87 80 97 104 71 15 25 78 80 89 83 63 25 68 89 57 83 
76 89 30 75 44 81 52 86 63 40 30 79 29 75 19 25 27 67 107 8 51 106 26 69 23 59 78 30 87 49 67 48 57 60 26 62 102 34 14 30 32 93 94 49 90 68 32 51 32 88 43 54 72 96 81 87 65 91 91 67 40 26 65 43 93 48 31 36 56 43 81 72 48 101 83 72 97 24 86 37 107 37 71 16 64 71 64 62 67 51 39 95 42 85 84 38 64 34 69 89 50 76 10 61 49 25 63 31 27 94 108 46 95 78 87 98 23 13 65 94 43 71 44 72 46 0 36 37 49 105 73 39 39 53 78 66 93 85 34 46 34 60 43 48 35 45 85 92 41 89 
41 55 59 55 53 78 39 77 72 23 55 43 23 44 18 46 45 42 72 38 33 96 34 44 52 45 76 51 77 18 33 48 28 60 55 53 67 63 29 33 24 59 66 56 61 35 3 56 39 81 32 20 67 90 46 84 32 80 56 34 45 22 49 46 58 52 43 8 41 69 47 53 25 66 70 69 77 21 55 28 98 7 60 25 45 46 71 66 50 20 34 86 8 51 48 7 37 10 58 84 20 63 29 25 71 37 29 24 25 64 73 11 80 47 68 70 23 24 56 65 59 35 30 68 72 36 0 29 35 72 69 10 54 17 60 30 65 77 57 59 17 32 30 12 14 58 81 74 27 75 
64 79 67 84 73 104 66 104 93 50 66 60 45 71 33 59 60 71 94 44 15 124 52 73 60 73 102 64 105 46 59 72 28 85 63 80 89 71 42 53 48 82 94 77 88 61 28 78 59 108 6 47 94 117 68 110 58 108 77 60 67 11 77 68 79 74 60 36 69 80 70 82 54 88 99 95 106 13 81 1 126 23 88 21 74 75 93 89 79 25 58 114 27 76 69 36 65 37 85 111 24 92 27 49 85 54 39 6 46 90 95 38 109 73 97 98 42 33 83 92 75 50 7 94 83 37 29 0 12 96 95 38 71 40 89 53 93 105 70 77 12 60 6 34 42 76 108 103 54 103 
63 78 79 90 84 113 74 112 104 58 78 58 55 73 44 71 71 76 92 56 6 131 63 77 72 80 111 76 113 51 61 81 23 94 75 88 88 83 53 63 57 81 96 87 90 62 36 88 69 116 6 50 102 125 67 119 60 115 76 62 77 23 84 78 78 84 71 43 76 92 69 88 60 87 106 103 111 25 82 12 133 28 96 33 80 79 103 99 85 24 67 121 31 76 67 42 69 45 93 119 22 99 39 49 97 65 36 18 55 91 93 42 115 75 102 101 52 45 91 94 87 48 5 103 95 49 35 12 0 95 104 45 82 41 95 52 96 113 81 88 19 65 6 36 49 87 116 109 62 110 
32 17 120 50 94 88 65 74 104 67 113 38 79 31 86 103 101 44 10 105 89 82 88 42 113 62 88 105 74 56 38 83 72 85 115 70 9 123 94 85 77 14 25 93 21 37 75 90 88 81 96 52 79 87 28 89 40 71 19 38 88 93 58 86 18 89 94 69 62 123 26 53 59 10 67 84 51 92 20 95 85 74 69 97 55 42 100 92 57 71 76 79 69 20 28 67 43 71 67 86 73 65 101 47 120 93 59 93 82 16 10 61 66 27 51 28 84 92 69 21 105 47 93 82 125 105 72 96 95 0 81 66 101 56 54 43 27 79 111 102 85 46 94 62 70 101 86 57 70 63 
73 73 65 30 32 9 30 15 27 46 57 85 50 58 63 52 49 42 89 67 102 33 47 43 62 25 8 50 16 57 63 25 94 14 62 16 85 66 60 44 47 77 56 28 59 63 67 24 41 14 100 62 2 22 77 15 61 21 81 62 33 84 26 30 83 26 43 60 29 58 74 28 45 84 17 3 39 82 63 94 34 76 12 79 30 42 23 16 26 86 36 22 75 69 82 62 48 58 15 16 87 16 77 70 51 48 88 89 50 65 89 65 27 60 31 56 54 66 14 59 41 85 98 2 60 73 69 95 104 81 0 59 40 72 26 72 54 12 52 36 84 49 98 72 54 36 12 30 41 24 
37 49 58 45 47 69 29 67 65 13 53 42 18 36 19 43 42 33 68 39 42 86 29 34 51 35 67 47 67 10 27 40 35 51 53 43 63 62 29 27 18 54 58 49 53 29 10 48 33 71 42 15 57 80 42 74 26 70 52 28 39 31 39 39 54 45 38 3 31 66 42 43 15 61 60 59 67 29 48 38 88 16 51 32 35 37 63 57 40 27 26 76 15 45 46 2 28 5 48 75 28 53 34 23 67 33 33 33 20 56 68 8 70 40 58 62 20 26 46 57 53 36 40 59 69 39 10 38 45 66 59 0 48 18 50 28 57 68 54 53 26 23 40 15 7 52 72 65 18 65 
80 87 25 55 8 45 35 55 23 37 17 88 31 71 38 14 12 56 106 31 82 73 20 58 23 39 42 10 56 54 68 18 82 26 22 36 101 26 29 21 30 92 81 12 80 69 51 16 15 54 77 60 40 60 85 51 66 61 93 68 12 59 45 15 95 14 11 47 39 22 84 52 44 100 54 37 74 57 80 71 74 60 42 51 46 59 25 25 47 74 25 62 62 83 89 50 58 44 42 54 74 49 47 70 19 17 81 64 29 86 107 57 66 74 64 83 31 37 38 83 5 84 77 38 24 39 54 71 82 101 40 48 0 66 56 74 79 52 12 6 63 56 76 63 41 5 50 66 33 61 
24 39 76 51 64 82 42 77 82 30 71 25 36 31 35 61 60 36 55 55 36 94 47 37 68 46 80 65 77 14 19 57 23 66 71 56 50 80 46 45 36 42 55 66 48 21 21 65 51 82 40 10 70 91 29 86 19 78 39 20 56 37 48 56 41 62 56 20 42 84 30 50 26 49 69 73 71 36 41 39 97 18 62 42 44 39 80 73 49 17 43 85 13 36 31 17 29 23 59 86 19 63 47 9 85 51 16 37 38 50 56 9 77 33 63 59 38 41 58 52 71 18 38 72 87 53 17 40 41 56 72 18 66 0 57 13 54 79 72 70 29 25 38 6 25 69 84 70 35 72 
50 48 79 5 48 33 26 22 52 40 71 63 50 34 62 64 61 21 63 74 92 37 53 21 75 19 33 64 22 44 42 37 80 34 75 20 59 81 64 49 46 52 30 45 32 42 60 41 49 29 92 47 25 36 53 36 41 21 57 41 44 80 13 41 58 42 53 52 22 77 50 7 34 58 14 30 19 79 37 88 39 67 15 79 15 19 48 40 11 74 39 29 64 45 58 53 28 52 14 34 75 10 79 53 72 56 72 84 51 38 63 53 20 36 9 29 55 67 18 33 59 66 91 28 80 78 60 89 95 54 26 50 56 57 0 53 27 26 68 54 77 32 91 60 48 54 33 14 38 15 
11 26 87 47 70 82 45 75 86 36 81 14 45 22 47 71 69 32 42 67 47 90 56 32 79 47 81 75 75 20 10 61 31 70 82 57 37 90 58 54 44 29 44 71 38 12 34 70 59 81 53 13 71 89 15 86 12 75 25 12 62 50 47 62 27 67 64 31 44 94 17 47 30 36 67 74 64 50 30 52 93 32 61 55 43 34 84 77 47 28 49 83 26 23 18 28 25 33 58 85 30 61 60 5 94 61 20 50 48 38 43 20 73 23 58 49 49 54 58 42 79 12 50 73 97 66 30 53 52 43 72 28 74 13 53 0 44 77 81 77 42 23 51 19 34 76 83 65 41 68 
36 26 101 25 72 61 45 47 79 52 93 48 64 23 74 85 82 25 37 90 91 55 71 23 95 40 61 86 47 47 35 61 76 60 97 45 34 104 80 67 61 29 2 70 8 33 67 67 69 54 95 46 52 60 37 62 35 44 35 34 67 87 34 64 36 66 75 60 41 102 33 28 44 33 39 57 24 86 16 92 58 70 43 89 33 21 75 67 33 72 57 52 66 25 41 59 29 61 41 59 73 38 91 46 98 75 64 89 66 12 37 55 39 21 24 5 70 80 44 6 83 55 92 56 104 93 65 93 96 27 54 57 79 54 27 44 0 51 91 79 81 34 93 59 58 79 59 30 53 36 
76 74 77 31 44 10 38 5 37 55 69 88 60 60 73 64 61 45 88 79 110 21 58 45 74 33 12 62 5 65 67 37 101 26 74 24 84 78 71 55 57 78 54 40 57 66 77 36 52 3 109 69 12 12 79 10 65 10 83 66 45 95 30 42 84 38 55 69 37 70 76 30 53 83 12 15 32 93 63 104 22 85 17 90 34 44 33 28 30 94 47 10 83 71 84 71 52 67 20 8 95 16 89 76 63 60 94 99 61 63 88 72 17 62 27 52 65 77 21 57 53 90 108 14 71 85 77 105 113 79 12 68 52 79 26 77 51 0 64 48 94 54 108 80 63 48 7 23 50 16 
88 96 13 67 20 56 46 67 31 45 5 95 36 80 40 11 11 67 116 26 83 85 24 69 13 51 53 6 68 61 77 30 84 38 11 48 111 14 29 27 36 101 92 24 91 78 54 28 22 66 76 67 52 72 93 62 75 73 102 77 23 58 56 26 104 26 17 52 49 12 92 63 53 109 66 49 86 56 90 70 85 62 55 49 57 70 34 36 58 76 34 74 65 92 97 55 67 49 54 65 76 61 43 76 15 20 86 63 33 97 116 62 78 84 76 94 34 37 50 94 11 90 76 50 15 34 57 70 81 111 52 54 12 72 68 81 91 64 0 16 64 65 75 68 47 16 61 78 41 73 
82 89 29 54 7 40 36 51 16 41 21 92 36 72 44 20 18 57 108 38 88 69 25 59 28 39 37 16 52 57 71 18 87 22 27 34 103 30 35 26 35 94 81 8 81 72 56 13 20 50 83 64 36 55 88 46 69 57 95 71 14 65 44 16 97 12 16 52 39 23 86 51 47 101 51 33 71 63 81 77 69 65 40 57 46 60 18 20 46 79 28 58 67 85 92 55 59 49 40 49 79 46 53 73 18 23 86 70 34 86 108 61 62 76 62 83 36 43 36 83 5 88 83 34 25 46 59 77 88 102 36 53 6 70 54 77 79 48 16 0 69 58 82 68 46 1 45 64 36 58 
53 68 62 72 64 94 55 93 84 38 61 52 35 59 24 53 53 59 84 39 19 112 43 61 55 61 91 58 94 34 48 62 23 74 58 69 79 67 35 44 37 71 82 68 76 50 17 68 49 97 15 35 82 106 58 99 47 96 67 49 57 9 65 59 70 65 52 25 57 75 59 70 42 78 87 84 94 10 70 11 114 11 77 18 62 63 84 79 67 18 48 102 16 65 59 24 53 26 74 100 16 80 24 38 79 46 32 8 36 79 85 26 97 62 85 86 32 27 72 80 68 42 14 84 78 34 17 12 19 85 84 26 63 29 77 42 81 94 64 69 0 48 14 23 30 68 97 91 43 91 
25 31 73 26 51 59 22 52 65 21 66 36 32 15 40 56 54 11 50 58 61 69 42 12 66 24 57 59 52 13 14 40 48 47 68 34 45 76 47 38 30 36 35 51 30 14 33 48 42 58 63 15 47 66 30 63 12 53 37 13 43 53 24 42 39 46 48 26 21 77 28 25 12 44 44 51 46 52 26 59 71 37 38 55 19 14 62 54 24 42 30 60 34 27 34 25 5 27 35 62 44 38 57 21 75 46 40 56 35 34 51 22 52 19 38 39 38 47 35 34 60 35 60 50 80 60 32 60 65 46 49 23 56 25 32 23 34 54 65 58 48 0 61 28 24 57 60 45 23 47 
62 77 73 85 78 108 69 107 98 53 72 57 49 70 38 65 65 72 91 50 9 126 57 73 66 75 105 70 108 47 58 76 23 88 69 83 87 77 47 58 51 80 93 81 87 60 31 82 63 111 2 46 97 120 66 113 57 110 75 59 71 17 79 72 77 79 65 38 71 86 68 84 56 86 101 98 107 19 80 6 128 23 91 27 76 76 97 93 81 23 62 116 27 74 66 37 66 40 88 114 21 94 33 47 90 59 35 12 50 89 92 38 111 72 98 98 46 39 86 91 81 47 1 98 89 43 30 6 6 94 98 40 76 38 91 51 93 108 75 82 14 61 0 33 44 81 111 105 57 105 
30 45 71 54 62 82 42 78 80 28 67 31 32 36 30 57 56 40 61 50 32 97 44 41 64 47 80 61 79 15 25 55 21 66 66 56 57 75 41 42 33 49 60 64 54 27 15 63 48 84 35 13 71 92 35 87 24 80 45 26 54 30 50 54 47 60 52 16 43 80 36 53 27 56 71 73 74 30 47 33 99 12 63 36 46 43 78 72 51 14 41 87 7 42 37 13 33 19 60 87 15 65 41 15 82 47 18 31 34 56 62 7 80 39 66 64 34 36 59 58 68 23 32 73 83 48 12 34 36 62 72 15 63 6 60 19 59 80 68 68 23 28 33 0 22 67 85 73 33 74 
42 53 52 43 40 64 24 63 58 8 47 48 11 39 16 37 35 33 72 34 47 82 22 35 45 31 61 41 63 14 32 34 41 45 47 38 67 56 24 20 11 58 59 42 55 33 13 41 26 67 45 20 52 75 48 69 30 66 57 32 32 32 35 32 59 38 31 6 27 59 47 41 14 66 57 54 66 30 50 41 84 21 46 31 33 37 57 51 37 33 19 72 21 49 51 9 29 4 43 70 34 50 33 29 60 26 40 36 13 59 73 15 67 43 56 63 14 22 41 58 46 43 44 54 63 35 14 42 49 70 54 7 41 25 48 34 58 63 47 46 30 24 44 22 0 45 67 62 13 61 
81 88 29 54 6 40 35 51 17 40 21 91 35 71 43 19 17 56 107 37 87 69 24 58 28 38 37 16 52 57 70 17 86 22 27 34 102 30 34 25 34 93 81 8 80 71 55 12 19 50 82 63 36 56 87 46 68 57 95 70 13 65 44 15 96 12 15 51 38 23 85 51 46 101 51 33 71 62 80 76 69 64 40 56 46 59 19 20 45 78 27 58 66 84 91 54 59 48 40 49 78 46 52 72 19 22 85 70 33 86 107 60 62 75 62 82 35 42 36 82 5 87 82 34 25 45 58 76 87 101 36 52 5 69 54 76 79 48 16 1 68 57 81 67 45 0 45 63 35 58 
82 81 74 38 43 5 42 12 33 58 67 95 62 67 75 63 60 51 95 79 114 24 59 52 73 37 8 61 13 69 73 37 106 25 72 28 92 75 72 56 60 85 61 38 65 73 80 35 53 6 112 74 14 10 86 3 71 17 90 72 45 97 36 42 91 38 55 73 41 67 83 37 57 91 19 13 39 95 70 107 24 88 22 92 40 51 29 25 35 98 49 13 87 78 91 74 58 71 25 4 99 23 90 81 59 60 100 101 63 70 96 77 24 69 35 60 67 78 25 65 50 96 111 13 68 85 81 108 116 86 12 72 50 84 33 83 59 7 61 45 97 60 111 85 67 45 0 31 54 24 
60 55 91 19 58 34 40 18 58 54 83 73 64 44 76 76 73 33 67 87 106 26 66 33 87 32 35 75 18 58 54 48 94 42 87 31 64 92 77 62 60 58 32 55 37 53 75 51 62 25 107 60 29 30 62 34 53 14 64 53 56 95 27 53 64 52 66 67 36 87 59 21 49 63 13 34 8 93 43 103 29 81 23 93 29 31 54 47 25 87 52 22 78 52 67 67 41 66 24 30 89 17 93 65 81 69 84 98 65 42 67 67 9 45 7 29 69 81 28 36 68 77 105 33 89 92 74 103 109 57 30 65 66 70 14 65 30 23 78 64 91 45 105 73 62 63 31 0 52 7 
46 55 50 34 29 51 12 50 47 5 43 55 12 39 24 33 31 27 74 37 60 70 18 29 43 19 48 36 51 21 35 22 54 32 45 26 69 53 27 15 9 60 54 31 51 36 26 30 19 54 58 27 39 62 52 56 33 54 60 35 21 44 25 21 62 27 24 19 15 54 50 31 11 67 45 41 56 42 49 53 72 34 34 41 23 31 45 39 26 46 8 59 34 50 56 21 26 17 31 57 47 38 41 37 53 23 51 48 14 56 74 26 56 42 46 57 18 29 29 55 38 51 57 41 57 41 27 54 62 70 41 18 33 35 38 41 53 50 41 36 43 23 57 33 13 35 54 52 0 50 
64 60 86 20 53 27 38 11 51 53 78 77 62 48 74 72 69 36 73 84 106 22 62 35 83 30 28 71 11 59 57 44 95 36 83 27 70 87 75 59 58 64 38 50 43 56 74 45 58 18 107 62 23 24 67 26 56 8 69 56 52 94 26 49 70 47 62 66 34 82 64 21 49 69 7 27 15 92 49 102 25 81 19 91 29 34 47 40 24 89 49 16 79 57 72 67 43 66 20 23 90 13 91 67 75 65 87 97 63 48 73 67 5 49 12 36 67 79 24 42 63 80 105 26 83 89 75 103 110 63 24 65 61 72 15 68 36 16 73 58 91 47 105 74 61 58 24 7 50 0 
12 18 20 19 1 12 18 12 2 11 5 9 3 17 13 6 1 19 15 6 13 6 19 2 9 13 18 11 14 6 5 18 10 4 19 6 18 12 2 17 20 15 9 2 5 15 17 20 18 5 7 19 20 16 19 1 3 14 17 16 18 7 5 20 17 18 15 11 5 9 4 17 3 14 19 14 13 17 12 1 8 19 9 12 17 4 11 12 13 9 4 11 14 19 15 2 5 3 5 17 5 6 7 7 15 19 3 12 10 20 16 16 7 9 17 16 13 7 8 14 19 12 18 6 12 13 3 14 13 4 7 15 16 16 2 12 4 4 19 2 5 10 16 10 20 1 6 3 10 7 
49 49 49 49 49 49 49 49 49 49 49 49 49 49 49 49 49 49 49 49 49 49 49 49 49 49 49 49 49 49 49 49 49 49 49 49 49 49 49 49 49 49 49 49 49 49 49 49 49 49 49 49 49 49 49 49 49 49 49 49 49 49 49 49 49 49 49 49 49 49 49 49 49 49 49 49 49 49 49 49 49 49 49 49 49 49 49 49 49 49 49 49 49 49 49 49 49 49 49 49 49 49 49 49 49 49 49 49 49 49 49 49 49 49 49 49 49 49 49 49 49 49 49 49 49 49 49 49 49 49 49 49 49 49 49 49 49 49 49 49 49 49 49 49 49 49 49 49 49 49 