 8 3 3038 800 58
 2830     40    238     65
 2830     77    238     44
 2830    114    238     66
 2831    155    238     74
 2830    194    238     56
 2831    231    238     82
 2831    269    238     55
 2831    309    238     44
 2830    347    238     76
 2830    384    238     84
 2792     35    238     48
 2792     75    238      6
 2790    115    238     93
 2792    153    238      8
 2791    191    238     30
 2791    231    238     43
 2790    271    238     10
 2791    306    238     78
 2791    345    238      5
 2792    384    238     69
 2800    460    238     17
 2801    499    238     68
 2801    538    238     45
 2800    578    238     27
 2802    620    238     29
 2800    654    238     28
 2800    694    238     75
 2802    732    238     22
 2800    772    238     24
 2800    810    238     92
 2762    459    238     70
 2761    497    238     53
 2761    540    238     46
 2761    578    238     83
 2762    591    238     13
 2763    656    238     16
 2762    694    238     49
 2761    731    238     40
 2762    770    238     68
 2761    808    238     46
 2801    946    238     63
 2803   1034    238     18
 2723    943    238     89
 2724   1029    238     91
 2702   1003    238     96
 2800   1098    238     80
 2799   1137    238     73
 2831   1158    238     63
 2801   1178    238     45
 2800   1216    238     94
 2829   1237    238     91
 2801   1254    238     68
 2800   1292    238     72
 2800   1331    238     28
 2801   1370    238     34
 2799   1409    238     57
 2804   1450    238     65
 2759   1098    238     86
 2762   1138    238     55
 2762   1178    238     82
 2761   1213    238     65
 2763   1255    238     31
 2761   1293    238     69
 2763   1330    238     72
 2761   1369    238     20
 2759   1411    238     47
 2761   1446    238     16
 2762    617    238     62
 2801   1507    238     10
 2800   1548    238     83
 2801   1581    238     36
 2801   1619    238     62
 2799   1656    238     58
 2800   1698    238     11
 2800   1738    238     22
 2800   1781    238     56
 2799   1820    238     14
 2800   1856    238     77
 2760   1506    238     77
 2760   1543    238     91
 2763   1586    238     56
 2761   1621    238      8
 2761   1659    238      5
 2761   1698    238     29
 2762   1737    238     68
 2761   1775    238     40
 2762   1821    238     28
 2762   1853    238     85
 2800   2067    238     64
 2798   2102    238     28
 2799   2143    238     21
 2801   2183    238     67
 2800   2221    238     41
 2801   2262    238     53
 2800   2299    238     61
 2800   2337    238     19
 2801   2376    238     56
 2800   2414    238     20
 2760   2066    238     92
 2760   2105    238      2
 2761   2144    238     34
 2761   2184    238     94
 2763   2222    238     48
 2760   2259    238      4
 2761   2297    238     15
 2760   2338    238     64
 2761   2372    238     48
 2800   2411    238     35
 2800   2491    238     18
 2772   2512    238     69
 2732   2491    238     43
 2788   2167    238     47
 2762   2676    238     98
 2732   2618    238     71
 2761   2903    238     20
 2761   2983    238      6
 2799   3041    238     92
 2800   3083    238     64
 2799   3117    238     45
 2799   3085    238     54
 2799   3195    238     50
 2798   3234    238      6
 2799   3274    238     18
 2798   3312    238     81
 2798   3350    238     71
 2797   3389    238     17
 2799   3427    238     62
 2800   3464    238     62
 2864   3474    238     57
 2865   3515    238     59
 2798   3563    238     33
 2798   3796    238     41
 2797   3794    238     44
 2698     39    238     74
 2697    116    238     56
 2716    191    238      8
 2696    540    238     28
 2704   1437    238     76
 2704   1583    238     54
 2703   1680    238     70
 2694   2221    238     72
 2704   2317    238     40
 2714   2345    238     98
 2733   2374    238     15
 2720   3100    238     24
 2721   3147    238     72
 2752   3198    238     52
 2712   3194    238     17
 2683   3196    238     60
 2642   3195    238     77
 2763   3292    238      1
 2761   3332    238     66
 2761   3369    238     88
 2760   3409    238      3
 2732   3467    238     38
 2701   3621    238     72
 2699   3852    238     59
 2781   3940    238     68
 2701   3940    238     18
 2623   3945    238     29
 2621     -5    238     99
 2744     18    238     84
 2649     25    238     46
 2609     48    238     22
 2659     94    238     77
 2658    134    238     42
 2659    171    238     72
 2658    208    238     73
 2657    248    238     96
 2660    285    238     84
 2659    325    238     38
 2659    368    238     79
 2545     92    238     24
 2543    131    238     25
 2543    170    238      4
 2541    212    238     35
 2538    248    238     67
 2544    288    238     66
 2541    246    238     33
 2541    362    238     32
 2571    270    238     72
 2571    325    238     75
 2485     36    238     10
 2524     54    238     80
 2494    249    238      8
 2590    393    238     35
 2641    411    238     53
 2659    441    238     28
 2660    500    238      1
 2660    538    238     97
 2658    577    238     35
 2659    618    238      8
 2660    656    238     98
 2661    701    238     86
 2658    733    238     52
 2659    772    238      3
 2582    439    238     30
 2592    521    238     66
 2581    770    238      7
 2543    497    238     89
 2542    536    238     87
 2543    579    238     87
 2542    615    238     77
 2542    657    238     88
 2543    691    238     82
 2543    734    238     76
 2541    771    238     47
 2542    808    238     75
 2543    847    238     92
 2540    877    238     78
 2617    847    238      6
 2620    916    238     25
 2570   1004    238     53
 2529   1003    238     32
 2656   1042    238     14
 2658   1082    238     83
 2656   1118    238     88
 2657   1159    238     91
 2656   1200    238     14
 2657   1236    238     49
 2657   1272    238     13
 2657   1314    238     21
 2616   1137    238     50
 2617   1195    238     47
 2624   1273    238     74
 2598   1314    238     53
 2558   1214    238     87
 2542   1040    238     79
 2540   1079    238     56
 2541   1121    238     71
 2540   1156    238     70
 2539   1195    238     71
 2539   1231    238     14
 2540   1272    238     89
 2540   1311    238     31
 2501   1342    238     70
 2540   1358    238      6
 2540   1398    238     66
 2512   1436    238     15
 2628   1435    238     27
 2643   1484    238     74
 2667   1524    238     99
 2666   1560    238     28
 2665   1601    238     81
 2667   1640    238     14
 2665   1679    238     15
 2665   1728    238     86
 2666   1755    238     53
 2666   1794    238     71
 2665   1836    238     90
 2667   1873    238     86
 2646   1486    238     43
 2617   1525    238    100
 2628   1715    238     99
 2618   1756    238     66
 2548   1524    238     50
 2550   1561    238     19
 2552   1600    238     46
 2550   1640    238     30
 2550   1677    238     22
 2551   1717    238     26
 2551   1756    238     93
 2551   1798    238     33
 2549   1832    238     62
 2550   1874    238     55
 2579   1893    238     63
 2665   1935    238     39
 2647   1991    238     69
 2667   2025    238     45
 2667   2064    238     18
 2667   2104    238     25
 2665   2139    238     47
 2666   2178    238     89
 2665   2220    238     85
 2665   2254    238      7
 2548   2258    238     96
 2549   2218    238     23
 2549   2180    238     37
 2550   2141    238     29
 2549   2103    238     97
 2548   2064    238     73
 2548   2025    238     20
 2538   1987    238     49
 2590   2333    238     61
 2666   2328    238     56
 2667   2394    238     47
 2667   2432    238     80
 2666   2470    238     53
 2666   2508    238     98
 2665   2550    238     56
 2665   2586    238     78
 2666   2626    238     83
 2549   2393    238     68
 2548   2431    238     55
 2549   2473    238     63
 2548   2512    238     96
 2546   2548    238     32
 2550   2591    238     80
 2548   2627    238     86
 2687   2716    238     10
 2686   2868    238     38
 2647   2711    238     37
 2645   2866    238     25
 2643   2906    238     10
 2645   2984    238     21
 2604   2905    238     65
 2605   3109    238     90
 2605   3136    238     74
 2606   3290    238     68
 2606   3333    238     96
 2606   3368    238     44
 2604   3410    238     10
 2568   3037    238     18
 2568   3079    238      6
 2568   3119    238     94
 2567   3157    238     97
 2566   3195    238     31
 2567   3234    238     66
 2568   3274    238     56
 2566   3310    238     43
 2568   3350    238     46
 2566   3386    238     12
 2567   3428    238     71
 2568   3466    238     20
 2352     89    238     34
 2348    125    238     97
 2349    168    238     93
 2349    208    238     67
 2350    244    238    100
 2349    286    238     13
 2350    322    238      4
 2400    333    238     23
 2466    323    238      9
 2406    207    238     14
 2378    168    238     23
 2417    130    238     90
 2397     70    238     27
 2468    283    238     67
 2467    242    238     46
 2494    245    238     28
 2467    208    238     61
 2462    168    238     44
 2465    129    238     27
 2465     90    238     17
 2421    383    238     99
 2377    449    238     36
 2458    392    238     94
 2468    467    238     54
 2507    561    238     60
 2351    534    238     36
 2352    574    238     18
 2350    614    238     42
 2350    652    238     71
 2352    691    238     73
 2350    727    238     32
 2351    768    238     68
 2467    765    238     60
 2466    729    238     80
 2466    692    238     19
 2466    649    238     96
 2466    613    238     91
 2466    574    238     69
 2467    540    238     40
 2513    572    238     49
 2350    827    238     42
 2418    836    238     26
 2438    875    238     26
 2475    833    238     50
 2495    941    238     97
 2388    942    238     17
 2348    940    238     19
 2475   1008    238     12
 2466   1038    238      3
 2351   1040    238     44
 2350   1075    238     74
 2349   1114    238      3
 2347   1152    238     15
 2349   1192    238     69
 2349   1232    238      5
 2348   1270    238     43
 2348   1307    238      4
 2388   1209    238     59
 2408   1116    238     21
 2468   1310    238     92
 2466   1269    238     53
 2465   1232    238     35
 2484   1212    238     62
 2465   1190    238     70
 2465   1158    238     43
 2462   1112    238     43
 2466   1075    238     64
 2367   1354    238     64
 2380   1433    238      5
 2338   1452    238     57
 2415   1482    238     55
 2436   1431    238     40
 2425   1394    238     73
 2426   1358    238     64
 2465   1471    238     40
 2473   1373    238     81
 2321   1522    238      1
 2320   1557    238     14
 2320   1598    238     69
 2318   1638    238     26
 2320   1673    238     12
 2321   1717    238     84
 2322   1755    238     40
 2321   1794    238     42
 2321   1832    238     37
 2322   1872    238     29
 2349   1831    238     22
 2377   1870    238     21
 2378   1830    238      9
 2378   1789    238     22
 2378   1752    238     18
 2378   1714    238     31
 2377   1679    238     77
 2376   1637    238     95
 2378   1597    238     45
 2378   1558    238     48
 2380   1524    238     30
 2525   1880    238     50
 2493   1868    238     53
 2495   1830    238     73
 2493   1791    238     19
 2492   1753    238     20
 2493   1714    238     53
 2491   1676    238     88
 2492   1634    238     27
 2493   1601    238     40
 2494   1559    238     98
 2494   1349    238     65
 2378   2022    238      6
 2379   2059    238     19
 2377   2099    238     99
 2379   2137    238     80
 2377   2177    238     34
 2379   2218    238     33
 2379   2254    238     14
 2454   2041    238      3
 2474   1953    238     75
 2495   2288    238     13
 2493   2255    238     62
 2494   2218    238     21
 2491   2176    238     13
 2492   2138    238     58
 2493   2100    238     92
 2493   2061    238     53
 2495   2022    238     97
 2377   2388    238     53
 2378   2425    238     77
 2377   2468    238     96
 2376   2501    238     93
 2377   2547    238     10
 2379   2586    238      6
 2378   2624    238     24
 2378   2663    238     75
 2406   2428    238      3
 2437   2505    238     21
 2448   2624    238     28
 2495   2665    238     18
 2495   2623    238     15
 2495   2585    238     99
 2493   2547    238     12
 2493   2506    238     25
 2495   2468    238     35
 2494   2429    238     30
 2494   2391    238     89
 2379   2749    238    100
 2377   2786    238     78
 2377   2825    238     79
 2375   2865    238     14
 2378   2903    238     45
 2376   2943    238     12
 2377   2981    238     17
 2446   2769    238     13
 2436   2729    238      7
 2529   2979    238     89
 2515   3013    238     57
 2494   2982    238     48
 2491   2942    238     79
 2491   2902    238     40
 2492   2865    238     65
 2492   2825    238     19
 2493   2786    238     24
 2493   2748    238     55
 2531   2827    238     70
 2531   2787    238     41
 2530   2710    238     59
 2376   3057    238     49
 2376   3095    238     28
 2376   3136    238     74
 2378   3175    238     48
 2377   3212    238     68
 2377   3251    238     69
 2375   3288    238     23
 2377   3328    238     68
 2378   3368    238     23
 2376   3408    238     61
 2424   3426    238     81
 2454   3444    238     30
 2494   3403    238     56
 2495   3368    238     85
 2493   3326    238     63
 2492   3286    238     97
 2493   3248    238     23
 2493   3210    238     26
 2493   3170    238     82
 2492   3127    238     71
 2494   3095    238     55
 2495   3059    238     54
 2390   3550    238     30
 2385   3695    238     22
 2504   3813    238     88
 2268   3813    238     66
 2150     91    238      1
 2150    129    238      3
 2149    165    238     96
 2147    209    238     26
 2149    244    238     40
 2147    282    238     94
 2149    323    238      6
 2179    243    238     54
 2191     66    238     81
 2228     76    238     45
 2227    108    238     32
 2218    303    238     69
 2240    341    238     27
 2267    325    238     24
 2268    282    238     53
 2326    306    238     73
 2267    243    238     24
 2302    223    238      1
 2265    203    238     58
 2305    188    238     10
 2264    167    238     62
 2267    127    238     93
 2265     87    238      9
 2303     72    238     46
 2111    428    238     89
 2111    466    238     73
 2187    426    238     43
 2246    486    238     58
 2266    464    238     40
 2317    468    238     98
 2229    406    238     66
 2150    534    238     51
 2149    573    238     67
 2147    611    238     70
 2144    651    238     65
 2150    691    238     86
 2148    728    238     65
 2148    848    238     72
 2128    807    238     19
 2178    611    238     58
 2188    642    238     77
 2225    515    238     83
 2225    555    238     86
 2233    728    238     18
 2303    767    238     42
 2267    767    238     86
 2266    730    238     61
 2303    709    238     58
 2265    689    238     65
 2312    650    238     75
 2266    651    238     88
 2267    615    238     62
 2262    571    238     19
 2266    534    238     96
 2130    803    238     35
 2167    848    238     77
 2245    843    238    100
 2286    885    238     37
 2167    921    238     61
 2136    939    238     39
 2149   1031    238     46
 2148   1063    238     84
 2147   1107    238     41
 2149   1143    238     69
 2145   1183    238     47
 2146   1219    238     14
 2146   1261    238     79
 2148   1300    238     22
 2148   1333    238     84
 2146   1377    238     30
 2195   1378    238     71
 2193   1221    238     49
 2206   1181    238     37
 2186   1142    238     99
 2206   1106    238     31
 2224   1066    238     69
 2265   1375    238     17
 2265   1339    238     49
 2261   1296    238     45
 2263   1260    238     24
 2264   1220    238     26
 2291   1221    238     74
 2263   1182    238      7
 2281   1164    238     47
 2264   1143    238     66
 2263   1104    238     74
 2261   1065    238     32
 2261   1026    238     99
 2253   1463    238     96
 2173   1462    238     76
 2146   1520    238     34
 2145   1558    238     30
 2147   1597    238     72
 2146   1635    238     30
 2144   1677    238     17
 2147   1716    238     52
 2145   1753    238     18
 2144   1793    238     50
 2147   1831    238     37
 2146   1870    238     37
 2204   1868    238     61
 2206   1830    238      2
 2205   1789    238     43
 2206   1753    238     47
 2205   1714    238     79
 2202   1673    238     50
 2204   1635    238     50
 2204   1596    238     38
 2203   1557    238     56
 2203   1521    238     49
 2251   1813    238     80
 2240   1558    238     90
 2252   1521    238     37
 2308   1966    238     37
 2310   1927    238     23
 2261   1922    238     99
 2194   1921    238     59
 2134   1951    238     67
 2148   2080    238     32
 2146   2122    238     39
 2143   2161    238     29
 2144   2200    238     25
 2148   2240    238      5
 2146   2278    238     95
 2145   2316    238      7
 2145   2354    238     26
 2146   2393    238     67
 2146   2434    238      8
 2186   2136    238     68
 2244   2450    238     46
 2204   2430    238     24
 2203   2391    238     32
 2204   2273    238     16
 2205   2314    238      2
 2199   2273    238     54
 2204   2239    238     56
 2230   2254    238     25
 2205   2197    238     15
 2203   2158    238     43
 2205   2602    238      5
 2205   2083    238     59
 2241   2062    238     27
 2204   2043    238     67
 2203   2014    238     25
 2254   2026    238     72
 2328   2024    238     28
 2319   2080    238     63
 2319   2122    238     18
 2318   2165    238     18
 2287   2169    238     23
 2319   2202    238     72
 2290   2230    238     42
 2319   2238    238     63
 2319   2277    238      4
 2291   2297    238     67
 2320   2316    238     30
 2321   2355    238     25
 2319   2396    238     95
 2319   2430    238     27
 2348   2396    238     96
 2167   2537    238     57
 2164   2576    238     94
 2163   2624    238      7
 2136   2641    238      6
 2115   2584    238     28
 2107   2661    238      9
 2106   2701    238     21
 2107   2740    238     55
 2105   2775    238     13
 2106   2819    238     94
 2104   2855    238     99
 2105   2894    238     77
 2105   2933    238     50
 2106   2992    238     61
 2175   3029    238     49
 2222   2990    238     41
 2187   2932    238     81
 2183   2893    238    100
 2185   2853    238     35
 2209   2813    238     34
 2186   2814    238     18
 2182   2778    238     27
 2185   2738    238     51
 2184   2700    238     91
 2183   2661    238     38
 2212   2699    238     93
 2252   2739    238     63
 2300   2991    238     90
 2300   2964    238     98
 2301   2933    238     37
 2301   2896    238      4
 2298   2854    238     21
 2299   2816    238     56
 2297   2776    238     39
 2296   2738    238     74
 2299   2700    238     52
 2300   2660    238      7
 2337   2703    238     79
 2336   2663    238     95
 2338   2620    238     73
 2290   2585    238     85
 2106   3087    238     75
 2075   3104    238     86
 2108   3123    238     95
 2107   3165    238     13
 2105   3201    238     69
 2107   3242    238     63
 2106   3277    238     33
 2103   3318    238     90
 2106   3359    238     91
 2106   3416    238     72
 2185   3356    238     73
 2185   3319    238     97
 2184   3277    238     33
 2181   3242    238     74
 2184   3201    238     27
 2184   3163    238      1
 2183   3122    238     92
 2182   3081    238     26
 2222   3222    238     63
 2279   3184    238     92
 2328   3077    238     56
 2298   3084    238     38
 2299   3125    238     31
 2298   3165    238     47
 2296   3205    238     15
 2299   3239    238     30
 2295   3280    238     62
 2300   3324    238     16
 2299   3355    238     36
 2339   3260    238     64
 2327   3416    238     18
 2062   3604    238     30
 2106   3606    238      3
 2167   3618    238     91
 2106   3643    238     94
 2104   3684    238     92
 2105   3723    238     42
 2105   3764    238     83
 2103   3801    238     10
 2106   3841    238     33
 2106   3884    238     31
 2166   3850    238     17
 2096     71    238     24
 2097    227    238     50
 2058     86    238     71
 2061    131    238     76
 2060    170    238     94
 2058    209    238     14
 2058    248    238     22
 2057    285    238     99
 2058    328    238     71
 1991    187    238     62
 1979    325    238     29
 1937     53    238     70
 1942     90    238     93
 1944    130    238     85
 1943    167    238     12
 1942    209    238     63
 1941    246    238     24
 1941    285    238     82
 1939    325    238     45
 2037    410    238     49
 2010    488    238     13
 2062    538    238      8
 2060    574    238     76
 2059    615    238     54
 2059    651    238     44
 2060    691    238     54
 2059    732    238     72
 2059    772    238     21
 2050    812    238     92
 1989    733    238     55
 1990    576    238     71
 1941    536    238      3
 1942    572    238     74
 1944    614    238     32
 1943    654    238      8
 1943    693    238     30
 1943    729    238     92
 1941    771    238     44
 1951    896    238     93
 2058    981    238     14
 2070   1031    238     92
 2069   1069    238     24
 2067   1107    238     66
 2068   1142    238     11
 2068   1182    238     52
 2068   1223    238     70
 2068   1259    238      9
 2074   1299    238     12
 2107   1327    238     57
 2067   1365    238     23
 2028   1318    238     77
 2038   1281    238      5
 2021   1243    238     95
 2000   1205    238     95
 1951   1257    238     84
 1950   1223    238     32
 1951   1183    238     71
 1951   1146    238     65
 1950   1111    238     27
 1950   1068    238     16
 1954   1028    238     14
 1954    972    238     44
 1951    893    238     15
 1971   1087    238     77
 2009   1032    238      8
 1893   1348    238     25
 1912   1409    238     17
 1941   1427    238     75
 2009   1433    238     92
 2000   1387    238     98
 2028   1526    238     71
 2029   1561    238     20
 2029   1599    238     39
 2029   1638    238     86
 2029   1680    238     89
 2028   1719    238     38
 2029   1755    238     32
 2028   1795    238     77
 2028   1833    238      6
 2029   1872    238      1
 2076   1813    238     74
 2097   1853    238     49
 2048   1950    238      4
 2018   1930    238     89
 1971   1521    238     43
 1971   1560    238     72
 1971   1600    238     70
 1970   1643    238     32
 1969   1677    238      3
 1971   1717    238     76
 1970   1754    238     48
 1969   1795    238     16
 1967   1351    238     25
 1969   1871    238     96
 2065   2026    238     59
 2107   2095    238     39
 2085   2141    238     70
 2095   2229    238     67
 2112   2317    238     72
 2009   2024    238     51
 2030   2084    238     87
 2029   2123    238     66
 2029   2162    238     43
 2028   2202    238     85
 2028   2239    238     19
 2029   2275    238     15
 2027   2317    238     89
 2027   2354    238     62
 2027   2393    238      4
 2028   2433    238     24
 1971   2082    238     24
 1970   2120    238     38
 1970   2161    238     91
 1972   2201    238     65
 1970   2239    238     74
 1969   2278    238     92
 1971   2317    238     91
 1970   2355    238     61
 1970   2392    238     30
 1969   2433    238     46
 1970   2469    238     34
 1949   2553    238     70
 2009   2576    238     41
 2009   2622    238     30
 2029   2665    238     21
 1982   2663    238     83
 1986   2707    238     52
 1988   2743    238     74
 1988   2777    238     40
 1989   2818    238     27
 1988   2857    238     59
 1988   2893    238     67
 1988   2934    238     45
 1912   2664    238     74
 1912   2703    238     54
 1911   2738    238     91
 1911   2779    238     42
 1913   2817    238     41
 1911   2858    238     94
 1912   2895    238     27
 1910   2932    238     89
 2026   2992    238     37
 1929   3049    238     41
 1990   3088    238     85
 1990   3125    238     47
 1989   3165    238    100
 1988   3203    238     39
 1990   3244    238     71
 1986   3280    238     13
 1989   3317    238     99
 1989   3357    238     53
 1989   3419    238     83
 2036   3318    238     46
 2045   3389    238     21
 1911   3416    238     24
 1909   3357    238     73
 1911   3318    238     77
 1911   3278    238     89
 1911   3240    238     32
 1911   3201    238     49
 1910   3165    238     57
 1912   3124    238     97
 1912   3086    238     65
 1930   3049    238     98
 2028   2992    238     17
 1988   3606    238     32
 1988   3646    238     30
 1989   3685    238     41
 1986   3724    238     73
 1986   3766    238     14
 1987   3803    238      9
 1986   3841    238     82
 1984   3880    238     19
 2015   3802    238     22
 2036   3841    238     55
 2015   3881    238     83
 1949   3605    238     83
 1949   3647    238      8
 1949   3811    238     55
 1949   3888    238     53
 1890   3540    238     98
 1911   3570    238     25
 1911   3608    238     45
 1910   3649    238     39
 1910   3686    238     28
 1911   3726    238     27
 1911   3760    238     52
 1911   3802    238     58
 1911   3841    238     14
 1911   3880    238     38
 1893   3820    238     93
 1870   3782    238     17
 1884     90    238     94
 1886    245    238     30
 1896    365    238     82
 1846     91    238     21
 1848    132    238     64
 1846    168    238     50
 1848    211    238     29
 1848    249    238     20
 1848    286    238     47
 1850    327    238     16
 1789     73    238      4
 1781    128    238      7
 1809    182    238      6
 1819    214    238     57
 1770    360    238     89
 1761    449    238     62
 1808    453    238     67
 1837    438    238      6
 1903    516    238     19
 1857    540    238     66
 1855    576    238     17
 1855    615    238     97
 1854    652    238     40
 1886    697    238     25
 1859    694    238     23
 1856    734    238     82
 1825    731    238     49
 1856    770    238     68
 1913    770    238      4
 1894    829    238     30
 1845    826    238     82
 1847    904    238     49
 1863    981    238     82
 1866   1020    238     68
 1866   1055    238     74
 1866   1099    238     79
 1865   1137    238     66
 1868   1174    238     54
 1866   1215    238     22
 1866   1251    238     66
 1866   1292    238     58
 1863   1329    238     17
 1864   1369    238     25
 1862   1402    238     53
 1836   1214    238      9
 1749    979    238     31
 1749   1018    238     51
 1750   1059    238     34
 1749   1098    238     35
 1749   1138    238     34
 1748   1175    238     98
 1748   1213    238     71
 1750   1250    238     87
 1749   1293    238     74
 1717   1291    238     89
 1749   1330    238     37
 1750   1371    238     80
 1751   1409    238     36
 1697   1389    238     48
 1920   1563    238     84
 1933   1642    238     95
 1892   1636    238      9
 1913   1787    238     71
 1854   1523    238     66
 1856   1562    238     91
 1855   1600    238     84
 1853   1641    238     14
 1855   1678    238     53
 1855   1717    238     11
 1856   1756    238     10
 1855   1794    238      9
 1852   1834    238      3
 1853   1952    238     35
 1930   2024    238     50
 1929   2236    238     91
 1942   2277    238    100
 1921   2314    238      1
 1923   2382    238      9
 1932   2430    238      6
 1884   2451    238     30
 1853   2023    238     46
 1855   2083    238     60
 1856   2123    238     64
 1854   2160    238     32
 1854   2201    238     72
 1855   2236    238     60
 1853   2277    238     32
 1856   2317    238     88
 1855   2356    238      7
 1855   2394    238     34
 1852   2431    238     83
 1911   2528    238     57
 1871   2526    238     50
 1854   2645    238     26
 1851   2990    238     53
 1832   3298    238      7
 1832   3339    238     11
 1692     32    238     74
 1732     91    238     40
 1733    127    238     22
 1710    233    238     70
 1735    170    238     95
 1731    209    238      6
 1731    251    238     34
 1731    288    238     34
 1731    325    238     71
 1681    213    238     22
 1682    249    238      1
 1645     91    238      1
 1645    129    238     65
 1643    167    238     40
 1642    208    238     62
 1643    249    238     97
 1643    285    238     76
 1641    322    238     29
 1732    449    238     44
 1652    450    238     83
 1736    537    238     70
 1741    575    238     65
 1741    614    238     77
 1741    658    238     39
 1710    655    238     49
 1740    692    238     32
 1741    730    238     39
 1742    766    238     78
 1651    534    238     47
 1652    575    238     74
 1652    614    238     97
 1651    653    238      2
 1653    692    238     94
 1654    730    238      2
 1651    770    238     67
 1650    856    238     27
 1785   2005    238     93
 1788   2045    238     21
 1787   2085    238     83
 1788   2120    238     74
 1788   2160    238     65
 1786   2200    238     15
 1786   2238    238     75
 1787   2274    238     79
 1787   2316    238     16
 1758   2317    238     63
 1788   2355    238     31
 1757   2374    238     75
 1789   2368    238      2
 1785   2431    238     42
 1777   2471    238      7
 1727   1947    238     77
 1730   1986    238     62
 1706   2082    238      9
 1709   2429    238     21
 1668   2003    238     82
 1668   2044    238     39
 1668   2083    238      6
 1669   2121    238     15
 1669   2161    238     38
 1670   2200    238     75
 1670   2237    238     36
 1669   2274    238      7
 1669   2317    238     22
 1669   2356    238     92
 1669   2391    238     19
 1666   2430    238      3
 1797   2529    238     48
 1745   2568    238     68
 1680   2515    238     51
 1630   2530    238     59
 1796   2665    238      8
 1795   2703    238     74
 1798   2742    238     32
 1797   2778    238      6
 1796   2816    238     12
 1797   2857    238     54
 1795   2892    238     70
 1797   2934    238     88
 1736   2719    238     69
 1739   2779    238     82
 1728   2859    238     57
 1729   2913    238     18
 1736   2963    238     58
 1697   2664    238     35
 1699   2702    238     34
 1701   2742    238     51
 1699   2778    238     65
 1699   2816    238     97
 1699   2856    238     93
 1698   2894    238     72
 1695   2937    238    100
 1795   3088    238     89
 1795   3129    238     66
 1797   3163    238     33
 1797   3203    238     53
 1796   3243    238     12
 1795   3277    238     47
 1795   3320    238     46
 1796   3358    238     43
 1717   3020    238     88
 1739   3184    238     10
 1696   3041    238     90
 1699   3069    238     80
 1700   3109    238     99
 1700   3143    238     15
 1699   3183    238     51
 1701   3223    238     95
 1699   3260    238     83
 1678   3280    238     81
 1700   3302    238     66
 1701   3339    238     31
 1698   3379    238     88
 1697   3418    238     36
 1794   3571    238     12
 1795   3609    238     46
 1796   3647    238     28
 1795   3686    238     38
 1795   3726    238     87
 1795   3764    238     19
 1794   3802    238     71
 1795   3840    238     13
 1796   3881    238     67
 1697   3568    238     46
 1698   3605    238     50
 1698   3649    238      8
 1698   3685    238     16
 1699   3723    238     12
 1696   3765    238     85
 1699   3798    238     51
 1697   3847    238     81
 1695   3877    238     37
 1705   3918    238      1
 1443     88    238      8
 1442    127    238     14
 1440    167    238     69
 1441    204    238      4
 1442    242    238     39
 1442    282    238     98
 1440    321    238      2
 1482    302    238     15
 1480    262    238     36
 1481    223    238     84
 1477     68    238     73
 1529     86    238     51
 1528    126    238     78
 1531    167    238     57
 1526    204    238     36
 1530    245    238     30
 1528    283    238     36
 1530    323    238     98
 1548    366    238      2
 1564    331    238      1
 1415    458    238     67
 1402    574    238     19
 1412    610    238      8
 1453    455    238     55
 1452    492    238     99
 1452    534    238     51
 1453    572    238     46
 1451    612    238     41
 1451    652    238     61
 1454    687    238     59
 1453    731    238     34
 1451    765    238     63
 1452    805    238     73
 1452    844    238     97
 1452    880    238     84
 1542    891    238      9
 1537    809    238     52
 1540    767    238      2
 1542    727    238     86
 1615    765    238      2
 1576    708    238     31
 1539    689    238     46
 1533    647    238     74
 1540    610    238     61
 1539    573    238     51
 1538    534    238     22
 1518    455    238     77
 1412   1054    238     34
 1432   1073    238    100
 1452   1056    238     71
 1449   1093    238     39
 1450   1132    238     23
 1449   1172    238     18
 1454   1210    238     21
 1452   1252    238     64
 1452   1289    238     14
 1451   1324    238     61
 1450   1366    238     83
 1452   1406    238     96
 1509   1206    238     99
 1529   1291    238     23
 1570   1055    238      1
 1570   1092    238     21
 1567   1131    238     74
 1567   1171    238     51
 1566   1209    238     51
 1567   1251    238     61
 1566   1290    238     94
 1567   1322    238     74
 1565   1370    238     87
 1567   1405    238     51
 1586   1232    238     43
 1605   1190    238     19
 1663   1171    238      5
 1660   1089    238      7
 1663   1056    238     33
 1598   1995    238     99
 1490   2080    238     43
 1490   2121    238     24
 1487   2157    238     10
 1487   2198    238     59
 1489   2235    238     43
 1487   2274    238     14
 1489   2314    238     29
 1487   2351    238     41
 1492   2393    238     28
 1488   2429    238      4
 1517   2196    238     12
 1557   2215    238     40
 1556   2078    238     43
 1602   2079    238     38
 1604   2118    238     70
 1604   2074    238     44
 1605   2199    238     58
 1601   2237    238     95
 1604   2272    238     74
 1603   2316    238     83
 1604   2355    238     71
 1604   2391    238      4
 1603   2427    238     30
 1477   2491    238     66
 1458   2546    238     46
 1468   2613    238      8
 1494   2552    238     44
 1548   2553    238     71
 1594   2544    238      1
 1605   2494    238     80
 1488   2659    238     10
 1486   2703    238     71
 1488   2735    238     59
 1488   2776    238     51
 1457   2775    238     71
 1489   2813    238     96
 1488   2855    238     38
 1457   2890    238     78
 1488   2893    238     38
 1487   2932    238     15
 1544   2775    238    100
 1547   2699    238    100
 1535   2668    238     10
 1583   2660    238      3
 1585   2701    238     12
 1585   2738    238     39
 1584   2777    238     60
 1586   2815    238     76
 1581   2852    238     55
 1586   2894    238      3
 1583   2933    238     82
 1485   3010    238     30
 1439   3046    238     38
 1448   3124    238      8
 1488   3085    238     55
 1493   3124    238     23
 1489   3162    238     70
 1485   3201    238     54
 1492   3244    238     56
 1487   3279    238     83
 1490   3316    238     88
 1488   3357    238     24
 1583   3065    238     94
 1624   3107    238     18
 1588   3102    238      6
 1585   3146    238     44
 1583   3182    238      5
 1601   3205    238     46
 1584   3223    238     26
 1584   3258    238     44
 1584   3300    238     96
 1586   3341    238     21
 1582   3373    238     30
 1584   3417    238      6
 1613   3420    238     46
 1632   3435    238     74
 1640   3473    238     53
 1671   3463    238    100
 1499   3493    238     99
 1487   3528    238      7
 1488   3570    238     79
 1486   3596    238     71
 1487   3643    238     92
 1487   3685    238     39
 1487   3722    238     18
 1488   3763    238     70
 1487   3800    238     56
 1488   3841    238     48
 1488   3878    238     20
 1547   3703    238     65
 1543   3742    238     34
 1582   3572    238     71
 1583   3604    238     77
 1584   3648    238      8
 1584   3686    238     43
 1580   3722    238     64
 1584   3764    238     93
 1583   3801    238     35
 1584   3842    238     81
 1586   3878    238     71
 1624   3861    238     33
 1633   3901    238     56
 1661   3889    238     42
 1622   3648    238     48
 1631   3607    238     14
 1651   3568    238     16
 1187    114    238     33
 1225     83    238     61
 1253     91    238     50
 1283     86    238     53
 1251    128    238     12
 1249    163    238     66
 1252    206    238     54
 1230    225    238     69
 1250    245    238      6
 1287    243    238     82
 1254    283    238     62
 1254    324    238     81
 1292    324    238     84
 1319     48    238     83
 1329     83    238     91
 1327    126    238     61
 1329    166    238     16
 1329    204    238      7
 1330    244    238     89
 1329    284    238     60
 1329    321    238     14
 1396     68    238     41
 1417    128    238     27
 1415    167    238     70
 1405    211    238     69
 1366    265    238     18
 1376    333    238      3
 1415    327    238     21
 1260    533    238     39
 1260    571    238     25
 1258    610    238     10
 1259    648    238     78
 1257    689    238     59
 1259    727    238      1
 1259    765    238      4
 1258    804    238     90
 1258    864    238     16
 1297    611    238     51
 1298    574    238      5
 1298    531    238     53
 1339    453    238     70
 1337    493    238     51
 1334    533    238     36
 1335    573    238     98
 1336    612    238     21
 1336    650    238      8
 1336    689    238     11
 1337    733    238     45
 1336    768    238     76
 1335    803    238     52
 1335    844    238     71
 1333    885    238      3
 1384    806    238     52
 1279    990    238     49
 1279   1062    238     49
 1236   1135    238     75
 1239   1174    238     54
 1238   1210    238     60
 1239   1250    238     59
 1239   1288    238     44
 1239   1329    238     45
 1238   1364    238     83
 1238   1408    238     53
 1208   1406    238     18
 1238   1444    238     24
 1277   1193    238     12
 1315   1152    238     67
 1296   1319    238      2
 1357   1068    238     53
 1356   1130    238     32
 1356   1172    238     24
 1401    976    238     89
 1395   1192    238      6
 1359   1214    238     27
 1375   1231    238     92
 1357   1251    238     41
 1354   1288    238     65
 1353   1326    238     73
 1357   1368    238     13
 1356   1406    238     97
 1051     88    238     72
 1047    125    238     89
 1049    170    238     12
 1044    206    238     62
 1046    246    238     95
 1048    280    238     96
 1046    322    238     70
 1099    334    238     58
 1106    127    238     63
 1096     95    238     19
 1136     86    238     81
 1134    128    238     57
 1132    162    238     42
 1134    204    238     26
 1135    247    238     68
 1135    280    238     74
 1136    322    238      4
 1153    387    238     72
 1182    339    238     74
 1232    395    238     78
 1036    456    238     24
 1090    425    238     88
 1162    465    238     37
 1233    507    238     55
 1047    534    238     80
 1049    572    238     13
 1045    608    238     35
 1046    650    238     58
 1046    689    238     14
 1046    730    238     68
 1044    763    238     25
 1048    805    238     83
 1047    847    238     62
 1047    887    238     54
 1105    805    238     62
 1092    764    238     57
 1074    727    238      8
 1087    613    238     95
 1086    533    238     98
 1128    633    238      5
 1142    529    238     34
 1144    573    238     77
 1142    610    238     62
 1143    650    238     27
 1146    690    238     40
 1142    729    238     30
 1141    768    238     58
 1142    804    238     99
 1185    592    238     47
 1221    648    238     80
 1218    861    238     45
 1183    863    238      2
 1094    900    238     93
 1085    928    238     32
 1029    942    238     75
 1027    998    238     80
 1144   1009    238     98
 1174    996    238    100
 1202   1000    238     48
 1174    942    238     28
  998   1066    238     58
  998   1104    238     23
  995   1145    238     14
  999   1181    238     45
  997   1222    238     88
  996   1261    238      7
  997   1298    238     13
  998   1339    238     35
  996   1393    238     83
 1055   1431    238     29
 1093   1452    238     82
 1095   1424    238     82
 1055   1400    238     10
 1054   1363    238     37
 1083   1384    238     50
 1094   1355    238     15
 1053   1325    238      5
 1053   1284    238     75
 1056   1249    238     52
 1058   1210    238     24
 1057   1172    238     48
 1058   1136    238     88
 1059   1092    238     52
 1048   1056    238     21
 1078   1154    238     44
 1102   1171    238     18
 1171   1055    238     63
 1173   1093    238      3
 1172   1135    238      9
 1137   1134    238      2
 1174   1179    238      7
 1172   1212    238     28
 1170   1251    238     43
 1152   1270    238     72
 1172   1292    238     80
 1172   1330    238      4
 1171   1368    238     96
 1170   1408    238     96
  784     30    238     47
  806    107    238     45
  842     85    238      4
  844    130    238     54
  843    166    238     97
  844    206    238     38
  843    245    238     79
  845    282    238     23
  843    322    238      7
  843    361    238     77
  882    166    238     34
  884     88    238     18
  930     85    238     20
  933    127    238     67
  932    163    238     77
  931    205    238     41
  931    246    238     85
  904    264    238     80
  929    286    238     93
  933    321    238      4
  930    370    238     67
  991    165    238     45
  826    440    238     41
  965    459    238     23
  581     79    238     65
  642     90    238     66
  642    128    238     11
  637    164    238     87
  642    208    238     24
  641    248    238     31
  641    285    238     79
  642    323    238     26
  640    361    238     95
  671    360    238     63
  681    164    238     47
  680     84    238     30
  710    437    238     28
  730    359    238     64
  732    321    238     72
  767    323    238     79
  726    287    238     84
  727    244    238      5
  726    117    238     47
  729    166    238     14
  729    130    238     30
  728     86    238     49
  805    594    238     45
  782    653    238      1
  842    631    238     17
  855    706    238     22
  872    799    238     44
  845    826    238     52
  843    864    238     83
  890    848    238     74
  889    883    238     63
  950    919    238     49
  932    883    238     66
  929    846    238      9
  930    804    238     95
  925    765    238     78
  933    726    238     13
  928    689    238     12
  958    690    238     69
  932    651    238     19
  929    612    238     39
  931    570    238     29
  929    535    238     80
 1001    514    238     26
  573    325    238     87
  611    474    238      5
  610    503    238     63
  601    575    238     10
  654    571    238     78
  640    648    238     14
  642    688    238     57
  638    728    238     27
  640    766    238     16
  641    805    238     13
  640    842    238      7
  641    883    238     22
  689    890    238     38
  689    843    238     53
  688    804    238     65
  729    863    238     68
  727    628    238     10
  896   1027    238     37
  881    971    238     85
  823    961    238     62
  746    958    238     96
  602    953    238     62
  599   1009    238     87
  828   1065    238     95
  803   1085    238     19
  824   1104    238     73
  825   1144    238     10
  823   1181    238     25
  823   1222    238     47
  825   1261    238     14
  821   1298    238     67
  822   1356    238     12
  843   1399    238     88
  882   1336    238     13
  881   1296    238     35
  882   1263    238     71
  880   1215    238     39
  880   1178    238     89
  882   1143    238      2
  882   1102    238     93
  879   1065    238     49
  750   1088    238     13
  753   1216    238     97
  754   1258    238     11
  773   1307    238     60
  747   1358    238      7
  710   1301    238     12
  709   1261    238     92
  707   1223    238     48
  706   1181    238     96
  707   1146    238     60
  704   1102    238     28
  708   1067    238     70
  638   1105    238     85
  639   1145    238     75
  641   1179    238     92
  637   1222    238     79
  638   1256    238     58
  639   1298    238     54
  640   1337    238     11
  640   1375    238     35
  641   1415    238     51
  602   1394    238     60
  638   1455    238     98
 1796   1505    238     85
 1756   1494    238     24
 1717   1484    238     79
 1679   1484    238      6
 1631   1473    238     71
 1533   1492    238     41
 1051   1481    238     15
 1002   1482    238     84
  811   1481    238     34
 1758   1524    238     82
 1719   1525    238     17
 1678   1524    238     64
 1640   1525    238      5
 1601   1522    238     17
 1563   1524    238     37
 1523   1524    238     34
 1485   1521    238     98
 1448   1524    238     92
 1408   1523    238     88
 1370   1524    238      5
 1332   1523    238     45
 1292   1524    238     41
 1252   1523    238     67
 1215   1523    238     31
 1175   1522    238     97
 1140   1523    238     60
 1097   1524    238     29
 1060   1522    238      2
 1022   1522    238     41
  982   1521    238     39
  947   1522    238     42
  905   1521    238     67
  865   1522    238     94
  829   1522    238     17
  790   1523    238     64
  752   1520    238     51
  713   1520    238     57
  675   1521    238     79
  634   1522    238     88
  597   1521    238     17
  557   1521    238     78
 1757   1647    238    100
 1759   1687    238     21
 1739   1773    238      2
 1720   1598    238     88
 1699   1744    238     78
 1679   1696    238     84
 1660   1559    238     16
 1640   1658    238     28
 1622   1820    238     80
 1606   1548    238     72
 1563   1551    238      4
 1574   1596    238    100
 1574   1763    238     87
 1548   1832    238     71
 1488   1562    238      7
 1451   1561    238     48
 1464   1610    238     83
 1488   1715    238      7
 1410   1627    238     76
 1411   1693    238     14
 1391   1776    238     72
 1370   1594    238     19
 1361   1626    238     39
 1334   1754    238     34
 1313   1783    238     89
 1274   1560    238     35
 1178   1813    238     26
 1140   1814    238      1
 1080   1693    238     11
 1042   1706    238     68
 1004   1636    238     38
  927   1618    238     50
  928   1667    238     30
  869   1743    238     99
  871   1842    238     95
  830   1765    238      2
  811   1642    238     51
  782   1630    238     88
  752   1611    238     24
  713   1570    238     72
  716   1842    238     62
  676   1751    238     98
  676   1821    238     90
  628   1762    238     96
  611   1716    238     11
  634   1596    238     15
  598   1607    238     61
  560   1646    238     36
  560   1685    238     79
  521   1784    238     68
 1756   1869    238      3
 1717   1869    238     96
 1680   1870    238     39
 1642   1871    238     90
 1602   1871    238     38
 1564   1871    238     25
 1526   1870    238     15
 1487   1871    238     10
 1448   1873    238     43
 1409   1871    238     60
 1369   1872    238      5
 1333   1872    238     37
 1294   1872    238     73
 1253   1873    238     96
 1218   1872    238     45
 1176   1870    238     20
 1139   1869    238     73
 1100   1872    238     30
 1061   1871    238     60
 1024   1869    238     79
  983   1871    238     88
  945   1870    238      4
  904   1870    238     87
  869   1870    238     21
  829   1870    238     85
  789   1872    238     47
  751   1867    238     64
  713   1872    238     91
  674   1868    238     99
  637   1869    238      6
  596   1871    238     75
  557   1872    238     67
 1642   1902    238     69
 1563   1899    238      6
 1456   1928    238     31
 1256   1899    238     46
 1234   1936    238     33
 1144   1909    238     56
 1102   1910    238     85
 1060   1909    238     54
  984   1898    238     67
  948   1909    238     69
  883   1927    238     28
  848   1907    238     62
  769   1906    238     49
  716   1899    238     24
  674   1908    238      1
  599   1908    238     96
 1475   1984    238     55
 1428   2007    238     65
 1429   2044    238     88
 1430   2082    238     79
 1430   2122    238     75
 1429   2160    238     96
 1429   2198    238     83
 1430   2238    238     45
 1429   2277    238     35
 1428   2314    238     53
 1432   2369    238     96
 1428   2391    238     10
 1429   2427    238      3
 1425   2493    238     65
 1380   2004    238     21
 1410   2102    238      6
 1380   2239    238     56
 1409   2370    238     85
 1352   2311    238     66
 1351   2340    238     73
 1351   2410    238     55
 1313   2156    238     15
 1270   2334    238     33
 1274   2490    238      7
 1379   2550    238     21
 1343   2547    238     21
 1362   2602    238      9
 1291   2527    238     71
 1265   2560    238     99
 1286   2635    238     41
 1363   2662    238     97
 1369   2701    238     47
 1394   2722    238     45
 1371   2740    238     25
 1370   2782    238     56
 1370   2817    238      2
 1369   2857    238     26
 1409   2886    238     83
 1369   2894    238     93
 1369   2935    238     77
 1273   2933    238     35
 1272   2893    238     93
 1273   2852    238     16
 1274   2814    238     86
 1275   2780    238     24
 1272   2737    238     58
 1271   2701    238     38
 1273   2664    238     60
 1234   2963    238     96
 1272   2961    238     25
 1390   2982    238     25
 1252   3025    238     49
 1343   3049    238     48
 1372   3087    238     56
 1372   3128    238     75
 1373   3166    238     81
 1371   3201    238     81
 1372   3240    238     55
 1369   3287    238     12
 1369   3317    238     19
 1374   3358    238     29
 1328   3417    238     59
 1294   3421    238     18
 1271   3357    238     38
 1276   3318    238     71
 1274   3278    238     10
 1233   3280    238      8
 1273   3239    238     54
 1275   3199    238     47
 1273   3164    238     42
 1276   3126    238      6
 1275   3085    238      7
 1224   3184    238      9
 1194   3144    238     67
 1320   3201    238     35
 1322   3260    238     18
 1392   3504    238     22
 1423   3532    238     28
 1399   3764    238     33
 1408   3862    238     44
 1439   3890    238     11
 1370   3528    238     64
 1370   3569    238     88
 1368   3612    238     43
 1369   3646    238     92
 1371   3683    238     74
 1370   3723    238      9
 1370   3765    238      4
 1367   3801    238     43
 1368   3840    238     32
 1367   3882    238     56
 1331   3871    238     88
 1332   3792    238     49
 1312   3586    238     91
 1274   3528    238     24
 1272   3567    238     39
 1272   3606    238     50
 1272   3648    238     35
 1273   3683    238     24
 1272   3722    238     36
 1273   3764    238     56
 1274   3808    238     48
 1274   3841    238     94
 1274   3879    238     61
 1234   2182    238     97
 1248   2241    238     28
 1226   2276    238     59
 1195   2006    238     65
 1198   2043    238     57
 1199   2079    238     23
 1197   2119    238     92
 1199   2162    238     88
 1196   2200    238     11
 1198   2238    238     32
 1195   2278    238     30
 1197   2317    238     52
 1198   2357    238     71
 1196   2392    238     58
 1197   2432    238     77
 1206   2489    238     40
 1157   2003    238     63
 1157   2042    238     59
 1158   2081    238     98
 1158   2118    238     85
 1159   2162    238     41
 1156   2200    238     84
 1156   2240    238     91
 1156   2278    238     99
 1159   2315    238     52
 1157   2351    238     36
 1160   2393    238     75
 1159   2431    238      9
 1155   2472    238     76
 1161   2509    238     73
 1119   2470    238     36
 1191   2576    238     81
 1119   2573    238    100
 1194   2740    238     43
 1155   2661    238     89
 1159   2700    238     17
 1159   2738    238     33
 1160   2776    238     88
 1161   2815    238     80
 1159   2854    238     94
 1157   2892    238     62
 1163   2929    238     37
 1108   2815    238     57
 1108   2912    238     98
 1082   2758    238      9
 1062   2657    238      2
 1063   2701    238     67
 1064   2739    238      1
 1062   2776    238     50
 1063   2816    238     64
 1061   2850    238     90
 1060   2894    238     41
 1059   2933    238     59
 1176   3028    238     83
 1158   3088    238     42
 1160   3126    238     77
 1155   3166    238     39
 1158   3201    238     34
 1159   3242    238     34
 1157   3282    238     23
 1158   3320    238     31
 1158   3356    238     98
 1109   3068    238     65
 1121   3105    238     77
 1097   3206    238    100
 1064   3088    238     33
 1062   3131    238     93
 1064   3162    238     16
 1062   3203    238     91
 1061   3241    238      7
 1059   3280    238     76
 1061   3320    238     75
 1062   3357    238     86
 1213   3625    238     42
 1224   3667    238     38
 1186   3743    238     30
 1204   3783    238      3
 1157   3530    238     66
 1158   3569    238     85
 1159   3611    238     39
 1160   3645    238     98
 1153   3686    238     60
 1158   3729    238     43
 1158   3765    238     49
 1156   3801    238     31
 1157   3843    238     71
 1157   3880    238     46
 1118   3501    238      7
 1118   3794    238     58
 1118   3870    238     96
 1059   3529    238     69
 1061   3568    238     55
 1063   3607    238     85
 1062   3647    238     98
 1061   3682    238     57
 1062   3730    238     10
 1059   3763    238     75
 1061   3801    238     33
 1059   3842    238     98
 1060   3880    238      4
  954   1976    238     74
  955   2023    238     59
 1083   2026    238      5
 1073   2061    238     56
 1012   2100    238     58
 1072   2198    238     91
  981   2279    238     40
 1050   2507    238     88
  964   2624    238     52
 1005   2681    238     13
  984   2719    238     13
 1031   3009    238     50
 1004   3059    238     29
  970   3018    238     42
 1003   3426    238     39
  968   3425    238     30
  928   2006    238     19
  928   2048    238     97
  928   2081    238     18
  927   2122    238    100
  927   2159    238     82
  928   2200    238     47
  925   2241    238     43
  927   2276    238     45
  926   2317    238     11
  928   2354    238     54
  926   2391    238     35
  929   2429    238     81
  926   2469    238     20
  924   2508    238     99
  886   2003    238     65
  889   2045    238     43
  888   2083    238     66
  888   2120    238     28
  889   2159    238     43
  887   2201    238     31
  886   2241    238     43
  890   2276    238     49
  886   2315    238     25
  888   2353    238     72
  888   2392    238     96
  886   2430    238      3
  887   2468    238     16
  889   2509    238     70
  910   2588    238     51
  947   2662    238     59
  869   2633    238     15
  947   2659    238     58
  946   2700    238     61
  946   2740    238     12
  946   2777    238     23
  947   2815    238      8
  945   2856    238     65
  947   2894    238     90
  944   2932    238     85
  847   2929    238     21
  848   2891    238     15
  850   2854    238     45
  847   2813    238      4
  848   2775    238     28
  847   2736    238     55
  849   2699    238      4
  849   2665    238     17
  863   2987    238     26
  867   3019    238     91
  944   3021    238     99
  941   3088    238     42
  944   3127    238      9
  945   3160    238     27
  945   3203    238     32
  943   3242    238     22
  945   3275    238     10
  946   3321    238     79
  945   3359    238     69
  849   3087    238     37
  849   3125    238     14
  850   3162    238     58
  848   3202    238     74
  850   3242    238     14
  850   3283    238      6
  853   3319    238     31
  938   3441    238    100
  910   3440    238     37
  943   3530    238     26
  947   3570    238     25
  943   3609    238     50
  946   3647    238     22
  947   3683    238     39
  947   3725    238     79
  947   3761    238     83
  946   3803    238     48
  946   3843    238     40
  946   3883    238     21
  904   3703    238     40
  928   3742    238     76
  904   3793    238     69
  895   3834    238     41
  897   3859    238     91
  867   3522    238     33
  848   3607    238     74
  848   3647    238     20
  849   3683    238      2
  848   3727    238     18
  852   3757    238     54
  850   3800    238     18
  849   3841    238     42
  850   3878    238      1
  826   3821    238     40
  811   3858    238      3
  694   1955    238      4
  824   1976    238     34
  804   2041    238      2
  793   2081    238     43
  762   2117    238     82
  803   2142    238     84
  750   2159    238     60
  773   2180    238     64
  861   2487    238      1
  831   2503    238      8
  842   2583    238     51
  759   2718    238     22
  791   2779    238     21
  780   2967    238     99
  829   3000    238     45
  808   3237    238     44
  819   3279    238     45
  760   3319    238     24
  780   3424    238     80
  808   3444    238     17
  785   3527    238     56
  780   3572    238     65
  748   3550    238     86
  750   3708    238     85
  655   1966    238     14
  656   2011    238     70
  655   2040    238     48
  656   2082    238     67
  658   2123    238     87
  656   2160    238     12
  656   2198    238     14
  658   2239    238     91
  657   2274    238     16
  657   2314    238     44
  657   2356    238     70
  657   2390    238     16
  654   2430    238      9
  655   2469    238     99
  656   2509    238     56
  599   2004    238     72
  597   2042    238      2
  598   2081    238     61
  596   2122    238     61
  598   2161    238    100
  599   2196    238     39
  600   2239    238     32
  597   2278    238     79
  597   2317    238     78
  598   2354    238     82
  597   2393    238      9
  598   2432    238     31
  597   2516    238     89
  598   2551    238     15
  734   2663    238     65
  735   2701    238     13
  735   2741    238      6
  735   2780    238     97
  735   2814    238     94
  734   2851    238     32
  732   2896    238     88
  734   2932    238     39
  704   2834    238     22
  680   2771    238     10
  689   2693    238     53
  697   2630    238     26
  657   2881    238     71
  639   2595    238     58
  636   2631    238      7
  639   2673    238     38
  637   2708    238     67
  635   2748    238      8
  635   2787    238     64
  635   2822    238     31
  636   2863    238     98
  636   2902    238     72
  636   2944    238      9
  598   2592    238     88
  600   2629    238      8
  596   2671    238     22
  598   2707    238     62
  596   2748    238     25
  596   2787    238     41
  597   2825    238     82
  598   2863    238      3
  595   2900    238     92
  595   2943    238     75
  733   3020    238     35
  628   2998    238     91
  547   3010    238     41
  734   3087    238     38
  733   3125    238      1
  736   3164    238     44
  732   3202    238     31
  732   3237    238     62
  733   3277    238     14
  734   3320    238     37
  703   3459    238     39
  692   3587    238      9
  733   3607    238     74
  731   3644    238     10
  733   3687    238     56
  734   3723    238     20
  732   3767    238     78
  732   3804    238      9
  734   3844    238     80
  733   3880    238     98
  674   3086    238     78
  676   3122    238     54
  674   3169    238     88
  674   3199    238     62
  672   3241    238     66
  675   3279    238     88
  677   3320    238      2
  676   3359    238     62
  675   3396    238     53
  674   3436    238     39
  666   3472    238     74
  676   3531    238     13
  675   3571    238     72
  672   3609    238      5
  674   3648    238     14
  675   3684    238     45
  675   3726    238     13
  674   3764    238     75
  674   3802    238     98
  674   3844    238     45
  676   3877    238     20
  578   3144    238     83
  620   3223    238     75
  640   3271    238     12
  607   3341    238     86
  636   3439    238     63
  597   3533    238     88
  609   3940    238     33
  438     49    238     12
  417    284    238     93
  457    122    238     62
  453    162    238     38
  454    202    238     98
  456    242    238     70
  457    282    238     56
  457    320    238     84
  456    361    238     75
  484    185    238      9
  524    122    238     61
  525    166    238     77
  526    204    238     92
  523    245    238     83
  524    283    238     85
  526    323    238     47
  524    361    238     20
  559    390    238     62
  390    410    238      3
  363     47    238     24
  339    124    238     51
  340    165    238     53
  340    204    238     12
  342    243    238     26
  341    282    238     98
  341    323    238     20
  342    359    238      4
  322     48    238     68
  302    127    238     86
  300    163    238     37
  302    203    238     25
  301    244    238     67
  302    285    238     92
  305    325    238     66
  304    362    238      8
  247    382    238     90
  223    282    238     11
  212    110    238      5
  233     50    238     15
  169     41    238     36
  186    128    238     56
  186    164    238     95
  186    203    238     63
  189    246    238     85
  186    285    238     39
  186    322    238     28
  188    361    238     50
  148    358    238     95
  147    322    238     55
  147    287    238     72
  150    244    238     80
  149    207    238     15
  149    166    238     22
  149    129    238     63
  111    168    238     10
   91     51    238     83
   54     48    238     61
   33    126    238     26
   33    167    238     49
   35    118    238     95
   35    248    238     94
   33    360    238     76
   31    364    238     91
   33    368    238     58
   34    372    238     15
   33    323    238     59
   34    362    238     63
   63    360    238     57
   90    324    238     23
  534    473    238     75
  529    610    238     17
  494    504    238     30
  467    475    238     63
  437    532    238     40
  454    603    238     24
  397    524    238     87
  415    479    238     94
  366    604    238     71
  322    524    238     96
  312    465    238     15
  272    522    238     56
  273    571    238     94
  262    436    238     70
  229    452    238     49
  224    484    238     96
  119    573    238     56
  117    526    238     31
   54    574    238     29
   52    493    238     65
   64    453    238     11
    4    554    238     15
  -47    512    238      3
    4    602    238     90
   34    632    238     64
   12    666    238     47
  550    691    238     57
  525    650    238     17
  525    689    238     96
  521    729    238     62
  523    766    238     40
  523    805    238     64
  521    841    238     36
  527    884    238     55
  455   1299    238     27
  427    884    238     55
  428    843    238     59
  429    804    238     43
  428    768    238     11
  427    728    238     12
  426    685    238     83
  430    648    238     84
  370    725    238     83
  387    781    238     85
  367    823    238     80
  311    883    238     12
  311    839    238     95
  313    801    238     99
  313    767    238     56
  309    724    238     80
  311    685    238     67
  316    649    238     10
  234    650    238     98
  234    685    238     29
  234    724    238      4
  212    745    238      9
  233    764    238     90
  233    802    238     21
  235    843    238     97
  236    885    238     78
  158    670    238     53
  117    646    238     17
  118    688    238      3
  119    728    238     92
  118    767    238     81
  120    805    238     17
  119    842    238     99
  120    882    238     35
  544   1038    238     24
  522    951    238     68
  477   1046    238     49
  475    979    238     47
  449   1050    238     36
  396    976    238     73
  299    941    238     89
  243    918    238      8
  262    991    238     67
  214    951    238     31
  205    987    238     13
  225   1026    238     52
  166    979    238     27
  127   1015    238    100
  106    972    238     75
   89   1017    238     68
   23    968    238      3
  -61    801    238     96
  -57     32    238     40
  523   1103    238     85
  524   1143    238     80
  523   1183    238     39
  522   1223    238     58
  523   1256    238     22
  523   1296    238     67
  523   1337    238     33
  523   1377    238     74
  526   1415    238     89
  523   1454    238     76
  476   1084    238     94
  476   1121    238     66
  475   1162    238     49
  475   1199    238     59
  477   1241    238    100
  474   1277    238     56
  475   1316    238     10
  478   1355    238     78
  478   1394    238     27
  475   1431    238     67
  475   1473    238     71
  878   1506    238     49
  474   1549    238     70
  475   1587    238     30
  475   1625    238     36
  478   1665    238     37
  475   1706    238     64
  475   1743    238     14
  476   1781    238     91
  476   1830    238     63
  476   1912    238     46
  436   1087    238     13
  439   1123    238     40
  438   1160    238     68
  434   1202    238     68
  436   1238    238     63
  435   1281    238     13
  436   1320    238     21
  435   1357    238     25
  436   1396    238      8
  436   1435    238     32
  438   1473    238     59
  435   1502    238     46
  435   1552    238     28
  434   1587    238     19
  436   1627    238     81
  438   1665    238     26
  437   1703    238     17
  437   1744    238     68
  438   1781    238     93
  438   1822    238     43
  437   1862    238     66
  434   1900    238     24
  391   1086    238     44
  377   1192    238     90
  385   1230    238     67
  367   1268    238     53
  378   1551    238     26
  358   1841    238     51
  346   1899    238     24
  317   1122    238     71
  322   1162    238     68
  322   1200    238     23
  319   1239    238     23
  321   1277    238     92
  319   1317    238     89
  321   1353    238      1
  321   1394    238     53
  320   1430    238     59
  320   1471    238     94
  320   1550    238     98
  321   1590    238     94
  318   1625    238     89
  319   1664    238     73
  320   1704    238     34
  321   1743    238     96
  319   1784    238     43
  321   1821    238     56
  321   1859    238     15
  319   1899    238     83
  279   1061    238     86
  283   1122    238     38
  281   1161    238     85
  281   1198    238     49
  280   1240    238     33
  282   1274    238     19
  281   1318    238      2
  281   1355    238     12
  281   1395    238     72
  281   1435    238     75
  283   1473    238      2
  281   1550    238     57
  281   1584    238     12
  282   1626    238     36
  281   1667    238     17
  281   1704    238     72
  281   1743    238     47
  284   1783    238     55
  283   1822    238     40
  282   1860    238     12
  282   1900    238     80
  216   1181    238     52
  246   1373    238     72
  241   1433    238     16
  230   1471    238     88
  260   1514    238     67
  236   1541    238     49
  235   1838    238     98
  205   1063    238     27
  167   1100    238     46
  170   1131    238     86
  166   1084    238     68
  165   1202    238     21
  167   1239    238     76
  187   1260    238     52
  168   1281    238     25
  167   1315    238     68
  165   1360    238     70
  168   1391    238      2
  167   1434    238     80
  170   1471    238     81
  167   1550    238     67
  166   1587    238     64
  165   1626    238     12
  167   1665    238     26
  167   1711    238     66
  169   1743    238     15
  167   1781    238     18
  167   1820    238     11
  168   1858    238     79
  167   1901    238     17
  131   1055    238     76
  129   1094    238     32
  128   1132    238     15
  125   1172    238     17
  128   1213    238     57
  126   1250    238     18
  128   1290    238     59
  123   1327    238     24
  127   1367    238     76
  128   1405    238     56
  129   1443    238     62
  127   1485    238     79
  128   1522    238     14
  131   1560    238     83
  129   1599    238     39
  130   1638    238     44
  130   1678    238     18
  127   1713    238     78
  128   1753    238     77
   91   1058    238     71
   89   1097    238     52
   87   1131    238     64
   87   1169    238     90
   86   1211    238     81
   86   1248    238     73
   90   1292    238     33
   87   1240    238     50
   90   1369    238     75
   86   1408    238     86
   88   1445    238     74
   90   1483    238     47
   91   1520    238     31
   88   1558    238     88
   94   1606    238     54
   91   1639    238     57
   88   1676    238     55
   89   1629    238     26
   89   1758    238     57
   53   1057    238     11
   49   1094    238     54
   49   1135    238     16
   51   1175    238     54
   51   1213    238     40
   49   1251    238     83
   50   1288    238     25
   50   1328    238     17
   51   1366    238     67
   49   1404    238     62
   51   1444    238     96
   50   1483    238     87
   51   1522    238     45
   50   1558    238     73
   53   1600    238      4
   50   1637    238     33
   50   1673    238     72
   47   1712    238     70
   50   1754    238     98
   49   1795    238     64
   11   1055    238    100
   16   1095    238     81
   12   1134    238     99
   13   1173    238     25
   15   1210    238     85
   12   1249    238     50
   11   1289    238     77
   14   1328    238     24
   13   1368    238     12
   14   1406    238     30
   16   1441    238     34
   13   1482    238     45
   14   1521    238     81
   10   1561    238     36
   12   1594    238     19
   10   1637    238     93
   15   1678    238      5
   15   1714    238      6
   11   1753    238     75
   11   1793    238     88
   21   1882    238     36
   88   1327    238     41
   88   1712    238     78
  503   2002    238     63
  512   2040    238     97
  542   2099    238     22
  521   2140    238     76
  534   2179    238     56
  484   2098    238     81
  434   2062    238     42
  414   2020    238     97
  394   2137    238     61
  426   2198    238     53
  463   2277    238     65
  484   2313    238     42
  415   2292    238     44
  435   2373    238     56
  436   2437    238     79
  463   2438    238     14
  494   2458    238     65
  484   2516    238     62
  484   2552    238     29
  483   2592    238     19
  483   2630    238     48
  484   2671    238     11
  483   2707    238    100
  484   2748    238     32
  482   2784    238     49
  482   2824    238     99
  484   2863    238     39
  485   2903    238     30
  483   2939    238     22
  521   2941    238     99
  520   2899    238     17
  523   2862    238     25
  521   2823    238     14
  521   2787    238     80
  524   2745    238     21
  520   2709    238     71
  521   2669    238     61
  522   2631    238     22
  520   2593    238     82
  473   3011    238     55
  337   1933    238     38
  359   1964    238     31
  368   2001    238     12
  368   2039    238     63
  367   2079    238      3
  367   2118    238     96
  368   2160    238     86
  367   2197    238     57
  367   2238    238     72
  368   2275    238     85
  368   2313    238     96
  370   2351    238     15
  369   2392    238     57
  365   2427    238      5
  322   2080    238     85
  319   2118    238     84
  318   2156    238     10
  319   2199    238     60
  318   2233    238     90
  319   2274    238     86
  319   2315    238      4
  318   2352    238     75
  319   2394    238     95
  318   2428    238     16
  290   1972    238     28
  281   1999    238     96
  282   2042    238     87
  280   2078    238     26
  278   2115    238     36
  280   2161    238     38
  280   2195    238     73
  279   2236    238     75
  281   2278    238     21
  280   2312    238     12
  281   2355    238     22
  280   2392    238     10
  277   2427    238      2
  348   2503    238     45
  385   2524    238      9
  387   2554    238     68
  365   2582    238     87
  376   2622    238      9
  394   2750    238     92
  395   2952    238     91
  308   2526    238     24
  279   2527    238     77
  280   2563    238     53
  321   2604    238     15
  283   2600    238     72
  316   2640    238     43
  282   2640    238     20
  321   2680    238      5
  280   2679    238     14
  320   2717    238     24
  282   2717    238     15
  320   2757    238      9
  279   2755    238     97
  318   2798    238     73
  283   2794    238     54
  319   2833    238     68
  281   2832    238     61
  318   2870    238      9
  282   2869    238     99
  321   2910    238     39
  280   2910    238     12
  320   2949    238     63
  281   2949    238     14
  557   3089    238     22
  559   3125    238     97
  556   3164    238     16
  558   3201    238     23
  558   3240    238     31
  559   3279    238     60
  558   3317    238     20
  559   3356    238     92
  561   3393    238      6
  560   3437    238     25
  490   3277    238     77
  463   3085    238     40
  462   3122    238     17
  464   3163    238     43
  463   3200    238     92
  461   3235    238     40
  464   3278    238     45
  462   3316    238     88
  464   3355    238     78
  463   3395    238     80
  464   3434    238      6
  558   3532    238     29
  559   3568    238     85
  559   3604    238     78
  562   3645    238     95
  558   3685    238     43
  561   3724    238     59
  558   3766    238     14
  559   3800    238     41
  560   3839    238     57
  561   3879    238      8
  520   3760    238     92
  509   3800    238     76
  511   3840    238     40
  509   3879    238     60
  460   3489    238     65
  443   3519    238     40
  452   3565    238     16
  464   3606    238     23
  463   3644    238     61
  461   3685    238     89
  462   3721    238     63
  463   3761    238     95
  462   3801    238     51
  462   3840    238     53
  462   3877    238     71
  444   3036    238      7
  357   3037    238     78
  394   3260    238     26
  397   3339    238     58
  396   3418    238     73
  384   3512    238     66
  388   3548    238     59
  374   3609    238     68
  403   3646    238      2
  424   3687    238     26
  406   3743    238     97
  405   3906    238     84
  442   3919    238     76
  344   3087    238      3
  349   3124    238     57
  346   3162    238     38
  347   3201    238     56
  348   3238    238     45
  347   3275    238     72
  346   3317    238      7
  349   3358    238     33
  347   3397    238     77
  349   3432    238      1
  349   3477    238     91
  347   3511    238     83
  348   3547    238     78
  346   3604    238     96
  346   3643    238    100
  347   3687    238     61
  348   3724    238     21
  346   3762    238     76
  348   3798    238     80
  344   3839    238     77
  347   3876    238     51
  324   3413    238      2
  307   3501    238     79
  296   3558    238     85
  327   3629    238     46
  296   3743    238     66
  270   3124    238     38
  272   3161    238     47
  269   3197    238     90
  272   3238    238     94
  270   3279    238     38
  271   3318    238     29
  273   3356    238     20
  250   3220    238      8
  231   3288    238     56
  221   3338    238     74
  242   3377    238     76
  263   3453    238     77
  252   3529    238     34
  212   3470    238     63
  211   3514    238      3
  272   3587    238     38
  270   3624    238     30
  268   3665    238     15
  270   3706    238     72
  270   3742    238     78
  270   3784    238     26
  270   3820    238     74
  270   3858    238     23
  271   3916    238     14
  213   3824    238      6
  194   3917    238     45
  223   2021    238     87
  222   2140    238     51
  234   2410    238      1
  231   2490    238     63
  202   2079    238     99
  203   2120    238     73
  202   2159    238     38
  203   2197    238     32
  201   2237    238     75
  204   2274    238     39
  204   2316    238     95
  202   2353    238     85
  200   2392    238     88
  204   2428    238     98
  203   2602    238     15
  204   2643    238     81
  205   2699    238     10
  205   2721    238     56
  204   2759    238     84
  204   2799    238     82
  204   2836    238     82
  203   2877    238     85
  204   2913    238     19
  204   2953    238     59
  164   2003    238     26
  165   2042    238     88
  165   2081    238     87
  164   2120    238     39
  164   2159    238     28
  165   2197    238     42
  164   2233    238     92
  164   2274    238     11
  166   2315    238     69
  165   2351    238     22
  164   2392    238     99
  164   2430    238     58
  165   2487    238     66
  164   2523    238     69
  166   2567    238     46
  165   2602    238     57
  166   2643    238      4
  163   2683    238     48
  165   2721    238     61
  165   2759    238     19
  164   2799    238     64
  163   2837    238     43
  166   2869    238     31
  166   2911    238     23
  164   2954    238     54
  128   2080    238    100
  127   2140    238     11
  127   2180    238     30
  125   2219    238     62
  125   2258    238     56
  127   2296    238     55
  125   2158    238     43
  128   2373    238     41
  127   2416    238     38
  126   2448    238     25
  128   2489    238     34
  127   2528    238     44
  127   2564    238     49
  126   2607    238     92
  127   2642    238     27
  126   2683    238     29
  126   2720    238     54
  128   2760    238     40
  127   2796    238     94
  124   2834    238     26
  127   2874    238     61
  129   2914    238     77
   78   1990    238     10
   88   2137    238     22
   90   2177    238     33
   87   2218    238     10
   87   2258    238     78
   90   2298    238     71
   91   2343    238     70
   90   2373    238     60
   92   2420    238     63
   89   2449    238     33
   87   2489    238      3
   86   2524    238     30
   90   2565    238     52
   88   2604    238     20
   89   2643    238     47
   87   2679    238     10
   89   2718    238     16
   89   2757    238     31
   90   2806    238      8
   88   2835    238      5
   87   2872    238      9
   88   2911    238     80
   50   2137    238     39
   50   2176    238     32
   51   2216    238     69
   49   2257    238     52
   50   2294    238     21
   49   2334    238     18
   49   2370    238     35
   48   2408    238     91
   50   2449    238      2
   50   2489    238     58
   50   2525    238     36
   49   2564    238     52
   50   2603    238      2
   50   2643    238     68
   49   2681    238     79
   50   2717    238      2
   50   2757    238     24
   51   2796    238     38
   49   2834    238     90
   49   2874    238     58
  -23   1994    238     51
   10   2137    238     80
   12   2178    238     95
   11   2217    238      3
   11   2256    238     68
   11   2292    238    100
   11   2333    238     17
   13   2378    238     35
   10   2411    238      1
    9   2448    238     88
   10   2484    238     51
    9   2524    238     43
   11   2563    238     95
   10   2601    238     22
   10   2640    238     37
   11   2682    238     41
    9   2718    238     93
   10   2754    238     87
   10   2801    238     50
   10   2834    238     42
   11   2872    238     56
  126   2334    238     94
  173   3143    238     66
  174   3184    238     39
  155   3123    238     94
  154   3162    238     60
  156   3203    238     47
  154   3241    238     16
  154   3278    238     29
  154   3314    238     41
  156   3355    238     10
  153   3397    238     21
  136   3468    238     93
  135   3510    238     95
  155   3551    238     47
  156   3591    238     92
  155   3627    238     73
  155   3665    238     17
  154   3707    238     37
  152   3744    238     35
  156   3791    238     58
  155   3822    238     24
  157   3861    238     52
  115   3547    238     78
  114   3585    238     46
  114   3600    238     40
  113   3610    238     16
  113   3624    238     81
  112   3663    238     66
  112   3699    238     61
  112   3739    238     77
  112   3779    238     95
  116   3819    238     70
  113   3858    238     98
  114   3898    238     87
  105   3102    238     10
  103   3159    238     13
  107   3256    238     66
  105   3295    238     79
  105   3375    238     73
   66   3215    238     21
   64   3374    238     21
   75   3462    238     89
   36   3460    238      3
   75   3546    238     12
   37   3547    238     33
   76   3624    238    100
   35   3622    238     66
   77   3702    238     67
   37   3701    238     61
   77   3778    238     94
   37   3780    238     71
   78   3858    238     79
   36   3856    238     26
   -4   3873    238     44
   17   2052    238     28
   16   2962    238      4
  -66   3134    238     11
  -68   3905    238     13
   38   3941    238     43
