 8 1 3038 600 77
 2830     40    321     98
 2830     77    321     76
 2830    114    321     58
 2831    155    321     12
 2830    194    321     90
 2831    231    321     34
 2831    269    321     17
 2831    309    321     79
 2830    347    321     43
 2830    384    321     45
 2792     35    321     48
 2792     75    321     35
 2790    115    321     20
 2792    153    321     24
 2791    191    321     62
 2791    231    321     26
 2790    271    321     39
 2791    306    321     12
 2791    345    321    100
 2792    384    321     42
 2800    460    321     94
 2801    499    321     68
 2801    538    321     85
 2800    578    321     36
 2802    620    321      1
 2800    654    321     68
 2800    694    321     38
 2802    732    321     37
 2800    772    321     88
 2800    810    321     52
 2762    459    321     61
 2761    497    321     45
 2761    540    321     67
 2761    578    321     45
 2762    591    321      2
 2763    656    321     16
 2762    694    321     13
 2761    731    321     93
 2762    770    321     76
 2761    808    321     64
 2801    946    321     57
 2803   1034    321     62
 2723    943    321     81
 2724   1029    321     12
 2702   1003    321     27
 2800   1098    321     84
 2799   1137    321     23
 2831   1158    321     43
 2801   1178    321     29
 2800   1216    321     50
 2829   1237    321     89
 2801   1254    321     77
 2800   1292    321     17
 2800   1331    321     83
 2801   1370    321     57
 2799   1409    321     22
 2804   1450    321     83
 2759   1098    321     54
 2762   1138    321     48
 2762   1178    321      4
 2761   1213    321     15
 2763   1255    321     67
 2761   1293    321     27
 2763   1330    321     37
 2761   1369    321     24
 2759   1411    321     19
 2761   1446    321     60
 2762    617    321     20
 2801   1507    321     47
 2800   1548    321     89
 2801   1581    321     15
 2801   1619    321     85
 2799   1656    321     41
 2800   1698    321     82
 2800   1738    321     69
 2800   1781    321     84
 2799   1820    321     63
 2800   1856    321     51
 2760   1506    321     99
 2760   1543    321      2
 2763   1586    321     43
 2761   1621    321     22
 2761   1659    321     52
 2761   1698    321     17
 2762   1737    321      4
 2761   1775    321     26
 2762   1821    321     37
 2762   1853    321     68
 2800   2067    321     18
 2798   2102    321     27
 2799   2143    321     73
 2801   2183    321     46
 2800   2221    321     55
 2801   2262    321     79
 2800   2299    321     43
 2800   2337    321     64
 2801   2376    321     40
 2800   2414    321     91
 2760   2066    321     22
 2760   2105    321     38
 2761   2144    321     31
 2761   2184    321     61
 2763   2222    321     38
 2760   2259    321     14
 2761   2297    321     70
 2760   2338    321     86
 2761   2372    321     85
 2800   2411    321     22
 2800   2491    321     76
 2772   2512    321     71
 2732   2491    321     45
 2788   2167    321     86
 2762   2676    321     68
 2732   2618    321     39
 2761   2903    321     45
 2761   2983    321     34
 2799   3041    321     81
 2800   3083    321     65
 2799   3117    321     73
 2799   3085    321     78
 2799   3195    321     48
 2798   3234    321     39
 2799   3274    321     69
 2798   3312    321      7
 2798   3350    321     27
 2797   3389    321     50
 2799   3427    321     53
 2800   3464    321     56
 2864   3474    321     17
 2865   3515    321     23
 2798   3563    321     51
 2798   3796    321     64
 2797   3794    321     83
 2698     39    321      5
 2697    116    321     70
 2716    191    321     86
 2696    540    321     46
 2704   1437    321     61
 2704   1583    321     65
 2703   1680    321     11
 2694   2221    321     54
 2704   2317    321     86
 2714   2345    321     70
 2733   2374    321     76
 2720   3100    321     50
 2721   3147    321     18
 2752   3198    321     95
 2712   3194    321     11
 2683   3196    321     85
 2642   3195    321     56
 2763   3292    321     67
 2761   3332    321     51
 2761   3369    321     67
 2760   3409    321     46
 2732   3467    321     57
 2701   3621    321     14
 2699   3852    321     57
 2781   3940    321     95
 2701   3940    321     94
 2623   3945    321     10
 2621     -5    321     46
 2744     18    321     17
 2649     25    321     36
 2609     48    321      6
 2659     94    321     26
 2658    134    321     69
 2659    171    321     18
 2658    208    321     66
 2657    248    321     95
 2660    285    321     62
 2659    325    321     83
 2659    368    321     19
 2545     92    321     62
 2543    131    321     19
 2543    170    321     29
 2541    212    321     48
 2538    248    321     28
 2544    288    321     13
 2541    246    321     30
 2541    362    321     13
 2571    270    321     32
 2571    325    321     43
 2485     36    321     32
 2524     54    321     52
 2494    249    321      1
 2590    393    321     41
 2641    411    321     97
 2659    441    321     40
 2660    500    321     83
 2660    538    321     18
 2658    577    321     13
 2659    618    321     49
 2660    656    321     42
 2661    701    321     84
 2658    733    321     75
 2659    772    321     54
 2582    439    321     95
 2592    521    321     25
 2581    770    321     39
 2543    497    321     50
 2542    536    321      6
 2543    579    321     23
 2542    615    321     13
 2542    657    321     57
 2543    691    321     74
 2543    734    321     86
 2541    771    321     30
 2542    808    321      9
 2543    847    321     29
 2540    877    321     18
 2617    847    321     79
 2620    916    321     88
 2570   1004    321     42
 2529   1003    321     59
 2656   1042    321      2
 2658   1082    321     40
 2656   1118    321     32
 2657   1159    321     90
 2656   1200    321     44
 2657   1236    321     37
 2657   1272    321     83
 2657   1314    321     79
 2616   1137    321     11
 2617   1195    321     99
 2624   1273    321     87
 2598   1314    321    100
 2558   1214    321     96
 2542   1040    321     42
 2540   1079    321     36
 2541   1121    321     70
 2540   1156    321     44
 2539   1195    321     29
 2539   1231    321     92
 2540   1272    321     44
 2540   1311    321     99
 2501   1342    321     86
 2540   1358    321      7
 2540   1398    321     60
 2512   1436    321      2
 2628   1435    321     64
 2643   1484    321     47
 2667   1524    321    100
 2666   1560    321     69
 2665   1601    321     59
 2667   1640    321     15
 2665   1679    321     58
 2665   1728    321     96
 2666   1755    321     40
 2666   1794    321     37
 2665   1836    321     31
 2667   1873    321     58
 2646   1486    321      4
 2617   1525    321     79
 2628   1715    321     59
 2618   1756    321      7
 2548   1524    321     42
 2550   1561    321     80
 2552   1600    321     86
 2550   1640    321     30
 2550   1677    321     55
 2551   1717    321     67
 2551   1756    321     83
 2551   1798    321     94
 2549   1832    321     28
 2550   1874    321     23
 2579   1893    321     31
 2665   1935    321     80
 2647   1991    321     78
 2667   2025    321     88
 2667   2064    321     27
 2667   2104    321     89
 2665   2139    321     13
 2666   2178    321     96
 2665   2220    321     27
 2665   2254    321      1
 2548   2258    321     67
 2549   2218    321     27
 2549   2180    321     18
 2550   2141    321     51
 2549   2103    321     40
 2548   2064    321     84
 2548   2025    321      7
 2538   1987    321    100
 2590   2333    321     90
 2666   2328    321     37
 2667   2394    321     92
 2667   2432    321     38
 2666   2470    321     62
 2666   2508    321     20
 2665   2550    321     64
 2665   2586    321     73
 2666   2626    321     52
 2549   2393    321     85
 2548   2431    321      4
 2549   2473    321     32
 2548   2512    321     31
 2546   2548    321     32
 2550   2591    321     98
 2548   2627    321     37
 2687   2716    321     20
 2686   2868    321     87
 2647   2711    321     73
 2645   2866    321     50
 2643   2906    321     56
 2645   2984    321     54
 2604   2905    321     43
 2605   3109    321     38
 2605   3136    321     64
 2606   3290    321     26
 2606   3333    321     70
 2606   3368    321     18
 2604   3410    321     24
 2568   3037    321      1
 2568   3079    321     34
 2568   3119    321     97
 2567   3157    321     87
 2566   3195    321     95
 2567   3234    321     40
 2568   3274    321     23
 2566   3310    321     72
 2568   3350    321     60
 2566   3386    321     96
 2567   3428    321     26
 2568   3466    321     78
 2352     89    321     95
 2348    125    321     57
 2349    168    321     86
 2349    208    321     22
 2350    244    321     11
 2349    286    321     28
 2350    322    321     13
 2400    333    321     13
 2466    323    321     15
 2406    207    321     65
 2378    168    321     33
 2417    130    321     52
 2397     70    321     87
 2468    283    321     64
 2467    242    321     13
 2494    245    321     82
 2467    208    321     39
 2462    168    321     34
 2465    129    321     38
 2465     90    321     39
 2421    383    321      8
 2377    449    321     97
 2458    392    321     78
 2468    467    321      2
 2507    561    321     38
 2351    534    321     46
 2352    574    321      3
 2350    614    321     16
 2350    652    321     49
 2352    691    321     49
 2350    727    321     88
 2351    768    321     89
 2467    765    321     79
 2466    729    321     58
 2466    692    321     41
 2466    649    321     48
 2466    613    321      8
 2466    574    321     77
 2467    540    321     88
 2513    572    321     37
 2350    827    321     28
 2418    836    321     27
 2438    875    321      3
 2475    833    321     93
 2495    941    321     24
 2388    942    321     75
 2348    940    321     61
 2475   1008    321     68
 2466   1038    321     72
 2351   1040    321     55
 2350   1075    321     66
 2349   1114    321     66
 2347   1152    321     21
 2349   1192    321     86
 2349   1232    321      6
 2348   1270    321     56
 2348   1307    321     27
 2388   1209    321     82
 2408   1116    321     97
 2468   1310    321     34
 2466   1269    321     29
 2465   1232    321     63
 2484   1212    321     60
 2465   1190    321     21
 2465   1158    321     94
 2462   1112    321     43
 2466   1075    321     24
 2367   1354    321     17
 2380   1433    321     35
 2338   1452    321     73
 2415   1482    321     75
 2436   1431    321     19
 2425   1394    321     89
 2426   1358    321     39
 2465   1471    321     39
 2473   1373    321     69
 2321   1522    321     85
 2320   1557    321     34
 2320   1598    321     14
 2318   1638    321     15
 2320   1673    321     68
 2321   1717    321     27
 2322   1755    321      7
 2321   1794    321     45
 2321   1832    321     44
 2322   1872    321      3
 2349   1831    321     46
 2377   1870    321     17
 2378   1830    321     60
 2378   1789    321     37
 2378   1752    321     81
 2378   1714    321     61
 2377   1679    321     65
 2376   1637    321     83
 2378   1597    321     77
 2378   1558    321     25
 2380   1524    321     40
 2525   1880    321      5
 2493   1868    321     20
 2495   1830    321     71
 2493   1791    321     60
 2492   1753    321     16
 2493   1714    321     89
 2491   1676    321     69
 2492   1634    321      4
 2493   1601    321     70
 2494   1559    321     10
 2494   1349    321     30
 2378   2022    321     51
 2379   2059    321     39
 2377   2099    321     77
 2379   2137    321     62
 2377   2177    321     82
 2379   2218    321      4
 2379   2254    321     88
 2454   2041    321     15
 2474   1953    321     77
 2495   2288    321     47
 2493   2255    321     29
 2494   2218    321     33
 2491   2176    321     18
 2492   2138    321     21
 2493   2100    321     80
 2493   2061    321     66
 2495   2022    321     17
 2377   2388    321     55
 2378   2425    321     76
 2377   2468    321     30
 2376   2501    321     61
 2377   2547    321     91
 2379   2586    321     60
 2378   2624    321     80
 2378   2663    321     79
 2406   2428    321     11
 2437   2505    321     47
 2448   2624    321      4
 2495   2665    321     92
 2495   2623    321     74
 2495   2585    321     63
 2493   2547    321     25
 2493   2506    321     60
 2495   2468    321     26
 2494   2429    321     85
 2494   2391    321     67
 2379   2749    321     80
 2377   2786    321     61
 2377   2825    321     17
 2375   2865    321     45
 2378   2903    321     76
 2376   2943    321     26
 2377   2981    321     55
 2446   2769    321     63
 2436   2729    321     21
 2529   2979    321     72
 2515   3013    321     69
 2494   2982    321     45
 2491   2942    321     37
 2491   2902    321     37
 2492   2865    321     28
 2492   2825    321     80
 2493   2786    321      9
 2493   2748    321      1
 2531   2827    321     65
 2531   2787    321     45
 2530   2710    321     12
 2376   3057    321      1
 2376   3095    321     64
 2376   3136    321     95
 2378   3175    321      8
 2377   3212    321     33
 2377   3251    321     34
 2375   3288    321      2
 2377   3328    321     77
 2378   3368    321     33
 2376   3408    321     79
 2424   3426    321     92
 2454   3444    321    100
 2494   3403    321     62
 2495   3368    321     87
 2493   3326    321     67
 2492   3286    321     61
 2493   3248    321     21
 2493   3210    321     25
 2493   3170    321     84
 2492   3127    321     33
 2494   3095    321     45
 2495   3059    321     77
 2390   3550    321     93
 2385   3695    321      5
 2504   3813    321     88
 2268   3813    321     37
 2150     91    321     66
 2150    129    321     80
 2149    165    321     59
 2147    209    321      2
 2149    244    321     98
 2147    282    321      6
 2149    323    321      2
 2179    243    321     93
 2191     66    321     56
 2228     76    321     57
 2227    108    321     78
 2218    303    321     76
 2240    341    321     68
 2267    325    321     26
 2268    282    321     73
 2326    306    321     62
 2267    243    321     21
 2302    223    321     60
 2265    203    321     24
 2305    188    321      9
 2264    167    321     44
 2267    127    321      8
 2265     87    321     14
 2303     72    321      6
 2111    428    321     15
 2111    466    321     93
 2187    426    321     16
 2246    486    321     11
 2266    464    321     35
 2317    468    321     89
 2229    406    321     72
 2150    534    321     44
 2149    573    321     25
 2147    611    321     42
 2144    651    321     82
 2150    691    321     56
 2148    728    321     30
 2148    848    321     71
 2128    807    321     34
 2178    611    321     53
 2188    642    321     16
 2225    515    321     48
 2225    555    321     66
 2233    728    321     93
 2303    767    321     64
 2267    767    321     27
 2266    730    321     67
 2303    709    321     43
 2265    689    321     48
 2312    650    321     86
 2266    651    321     53
 2267    615    321     12
 2262    571    321     37
 2266    534    321     20
 2130    803    321     63
 2167    848    321     71
 2245    843    321     62
 2286    885    321     51
 2167    921    321     54
 2136    939    321      4
 2149   1031    321     91
 2148   1063    321     89
 2147   1107    321     61
 2149   1143    321     89
 2145   1183    321     76
 2146   1219    321     79
 2146   1261    321     32
 2148   1300    321     34
 2148   1333    321      2
 2146   1377    321     70
 2195   1378    321     89
 2193   1221    321     28
 2206   1181    321     51
 2186   1142    321     35
 2206   1106    321      7
 2224   1066    321     71
 2265   1375    321     57
 2265   1339    321     87
 2261   1296    321     34
 2263   1260    321     93
 2264   1220    321     79
 2291   1221    321     79
 2263   1182    321     79
 2281   1164    321     75
 2264   1143    321     66
 2263   1104    321     59
 2261   1065    321     63
 2261   1026    321     87
 2253   1463    321     70
 2173   1462    321     98
 2146   1520    321     45
 2145   1558    321     35
 2147   1597    321     81
 2146   1635    321     93
 2144   1677    321     96
 2147   1716    321     46
 2145   1753    321     17
 2144   1793    321     46
 2147   1831    321      3
 2146   1870    321     56
 2204   1868    321      1
 2206   1830    321     94
 2205   1789    321     32
 2206   1753    321     75
 2205   1714    321     80
 2202   1673    321     47
 2204   1635    321     67
 2204   1596    321     85
 2203   1557    321     17
 2203   1521    321     44
 2251   1813    321     70
 2240   1558    321     56
 2252   1521    321     70
 2308   1966    321     83
 2310   1927    321     53
 2261   1922    321     31
 2194   1921    321     55
 2134   1951    321     47
 2148   2080    321     14
 2146   2122    321     27
 2143   2161    321     70
 2144   2200    321      2
 2148   2240    321      3
 2146   2278    321    100
 2145   2316    321     16
 2145   2354    321     85
 2146   2393    321     24
 2146   2434    321     26
 2186   2136    321     58
 2244   2450    321      9
 2204   2430    321     38
 2203   2391    321     63
 2204   2273    321     13
 2205   2314    321     65
 2199   2273    321     65
 2204   2239    321     49
 2230   2254    321      8
 2205   2197    321     92
 2203   2158    321    100
 2205   2602    321     88
 2205   2083    321      6
 2241   2062    321     61
 2204   2043    321     43
 2203   2014    321     77
 2254   2026    321     23
 2328   2024    321     55
 2319   2080    321     47
 2319   2122    321     59
 2318   2165    321     83
 2287   2169    321     34
 2319   2202    321     89
 2290   2230    321     30
 2319   2238    321     36
 2319   2277    321      6
 2291   2297    321     23
 2320   2316    321     16
 2321   2355    321     13
 2319   2396    321     36
 2319   2430    321     64
 2348   2396    321     70
 2167   2537    321     24
 2164   2576    321     43
 2163   2624    321     37
 2136   2641    321     78
 2115   2584    321     52
 2107   2661    321     57
 2106   2701    321     30
 2107   2740    321     39
 2105   2775    321     51
 2106   2819    321     51
 2104   2855    321     52
 2105   2894    321     91
 2105   2933    321     84
 2106   2992    321     89
 2175   3029    321     90
 2222   2990    321     32
 2187   2932    321     52
 2183   2893    321     21
 2185   2853    321     21
 2209   2813    321     27
 2186   2814    321     67
 2182   2778    321     90
 2185   2738    321     30
 2184   2700    321     36
 2183   2661    321     93
 2212   2699    321     64
 2252   2739    321     93
 2300   2991    321     51
 2300   2964    321     43
 2301   2933    321     20
 2301   2896    321     42
 2298   2854    321     92
 2299   2816    321     22
 2297   2776    321     99
 2296   2738    321     57
 2299   2700    321     10
 2300   2660    321     30
 2337   2703    321     75
 2336   2663    321     74
 2338   2620    321      4
 2290   2585    321      4
 2106   3087    321     14
 2075   3104    321     51
 2108   3123    321     83
 2107   3165    321      9
 2105   3201    321     14
 2107   3242    321     21
 2106   3277    321     31
 2103   3318    321     53
 2106   3359    321     22
 2106   3416    321     28
 2185   3356    321     52
 2185   3319    321     50
 2184   3277    321     16
 2181   3242    321     55
 2184   3201    321     54
 2184   3163    321      9
 2183   3122    321     70
 2182   3081    321     57
 2222   3222    321     19
 2279   3184    321     47
 2328   3077    321     59
 2298   3084    321     22
 2299   3125    321      4
 2298   3165    321     69
 2296   3205    321     39
 2299   3239    321     72
 2295   3280    321     18
 2300   3324    321     25
 2299   3355    321     16
 2339   3260    321     50
 2327   3416    321      1
 2062   3604    321     44
 2106   3606    321     13
 2167   3618    321     19
 2106   3643    321     42
 2104   3684    321     67
 2105   3723    321     39
 2105   3764    321     54
 2103   3801    321     89
 2106   3841    321     36
 2106   3884    321     74
 2166   3850    321     34
 2096     71    321     70
 2097    227    321      5
 2058     86    321     41
 2061    131    321     83
 2060    170    321     59
 2058    209    321     35
 2058    248    321     66
 2057    285    321     12
 2058    328    321     91
 1991    187    321     29
 1979    325    321     75
 1937     53    321      2
 1942     90    321     53
 1944    130    321     65
 1943    167    321     65
 1942    209    321     84
 1941    246    321     79
 1941    285    321      7
 1939    325    321     66
 2037    410    321     44
 2010    488    321     89
 2062    538    321     27
 2060    574    321     62
 2059    615    321     98
 2059    651    321     96
 2060    691    321     10
 2059    732    321     31
 2059    772    321     40
 2050    812    321     87
 1989    733    321     23
 1990    576    321    100
 1941    536    321     37
 1942    572    321     63
 1944    614    321      4
 1943    654    321     79
 1943    693    321     42
 1943    729    321     28
 1941    771    321    100
 1951    896    321     30
 2058    981    321     44
 2070   1031    321     52
 2069   1069    321     53
 2067   1107    321     14
 2068   1142    321     92
 2068   1182    321     51
 2068   1223    321     89
 2068   1259    321     90
 2074   1299    321     80
 2107   1327    321     56
 2067   1365    321     81
 2028   1318    321     10
 2038   1281    321     90
 2021   1243    321     96
 2000   1205    321     24
 1951   1257    321     80
 1950   1223    321     50
 1951   1183    321     55
 1951   1146    321     20
 1950   1111    321     83
 1950   1068    321      7
 1954   1028    321     40
 1954    972    321     15
 1951    893    321     70
 1971   1087    321     84
 2009   1032    321     74
 1893   1348    321     83
 1912   1409    321     11
 1941   1427    321     96
 2009   1433    321      5
 2000   1387    321     80
 2028   1526    321     88
 2029   1561    321     63
 2029   1599    321     40
 2029   1638    321     14
 2029   1680    321     82
 2028   1719    321     35
 2029   1755    321     51
 2028   1795    321     35
 2028   1833    321     71
 2029   1872    321     68
 2076   1813    321     93
 2097   1853    321     78
 2048   1950    321     88
 2018   1930    321     51
 1971   1521    321     19
 1971   1560    321     84
 1971   1600    321     59
 1970   1643    321     97
 1969   1677    321     50
 1971   1717    321     39
 1970   1754    321     48
 1969   1795    321     88
 1967   1351    321     29
 1969   1871    321     95
 2065   2026    321     59
 2107   2095    321     79
 2085   2141    321     52
 2095   2229    321      5
 2112   2317    321     41
 2009   2024    321     81
 2030   2084    321     36
 2029   2123    321     35
 2029   2162    321     38
 2028   2202    321     96
 2028   2239    321     43
 2029   2275    321      9
 2027   2317    321     77
 2027   2354    321     14
 2027   2393    321     32
 2028   2433    321     40
 1971   2082    321     38
 1970   2120    321     49
 1970   2161    321     55
 1972   2201    321     95
 1970   2239    321     32
 1969   2278    321      3
 1971   2317    321     86
 1970   2355    321     39
 1970   2392    321      7
 1969   2433    321     78
 1970   2469    321     95
 1949   2553    321     12
 2009   2576    321    100
 2009   2622    321     81
 2029   2665    321     40
 1982   2663    321     29
 1986   2707    321     87
 1988   2743    321     15
 1988   2777    321      8
 1989   2818    321     31
 1988   2857    321     97
 1988   2893    321     42
 1988   2934    321     67
 1912   2664    321    100
 1912   2703    321     25
 1911   2738    321     31
 1911   2779    321     68
 1913   2817    321     26
 1911   2858    321     20
 1912   2895    321     56
 1910   2932    321     83
 2026   2992    321     59
 1929   3049    321     64
 1990   3088    321     73
 1990   3125    321     89
 1989   3165    321     60
 1988   3203    321     38
 1990   3244    321     22
 1986   3280    321     60
 1989   3317    321     32
 1989   3357    321     35
 1989   3419    321     58
 2036   3318    321     54
 2045   3389    321     74
 1911   3416    321     80
 1909   3357    321     32
 1911   3318    321     57
 1911   3278    321     22
 1911   3240    321     49
 1911   3201    321      2
 1910   3165    321     27
 1912   3124    321     21
 1912   3086    321     71
 1930   3049    321     22
 2028   2992    321     14
 1988   3606    321     92
 1988   3646    321     33
 1989   3685    321     41
 1986   3724    321     71
 1986   3766    321     84
 1987   3803    321     99
 1986   3841    321     50
 1984   3880    321     51
 2015   3802    321     58
 2036   3841    321     69
 2015   3881    321     50
 1949   3605    321     28
 1949   3647    321     28
 1949   3811    321     90
 1949   3888    321     92
 1890   3540    321      5
 1911   3570    321     88
 1911   3608    321     69
 1910   3649    321     19
 1910   3686    321     75
 1911   3726    321     30
 1911   3760    321     48
 1911   3802    321     52
 1911   3841    321     30
 1911   3880    321     69
 1893   3820    321     51
 1870   3782    321     82
 1884     90    321     87
 1886    245    321     62
 1896    365    321     43
 1846     91    321      9
 1848    132    321     24
 1846    168    321     10
 1848    211    321     90
 1848    249    321     20
 1848    286    321     61
 1850    327    321     68
 1789     73    321     54
 1781    128    321     66
 1809    182    321     61
 1819    214    321     18
 1770    360    321     45
 1761    449    321     11
 1808    453    321     55
 1837    438    321     21
 1903    516    321    100
 1857    540    321     34
 1855    576    321     22
 1855    615    321     11
 1854    652    321      7
 1886    697    321      3
 1859    694    321     95
 1856    734    321     44
 1825    731    321     96
 1856    770    321     61
 1913    770    321     18
 1894    829    321     72
 1845    826    321     39
 1847    904    321     42
 1863    981    321     79
 1866   1020    321     75
 1866   1055    321     57
 1866   1099    321     27
 1865   1137    321     13
 1868   1174    321     31
 1866   1215    321     68
 1866   1251    321     54
 1866   1292    321     29
 1863   1329    321     26
 1864   1369    321     21
 1862   1402    321      6
 1836   1214    321     96
 1749    979    321     99
 1749   1018    321     60
 1750   1059    321     40
 1749   1098    321     39
 1749   1138    321     57
 1748   1175    321     40
 1748   1213    321     75
 1750   1250    321     78
 1749   1293    321     85
 1717   1291    321     27
 1749   1330    321     37
 1750   1371    321     98
 1751   1409    321     80
 1697   1389    321     72
 1920   1563    321     84
 1933   1642    321     70
 1892   1636    321     80
 1913   1787    321      7
 1854   1523    321     98
 1856   1562    321     48
 1855   1600    321     76
 1853   1641    321     44
 1855   1678    321     72
 1855   1717    321     66
 1856   1756    321     15
 1855   1794    321     47
 1852   1834    321     82
 1853   1952    321     88
 1930   2024    321     33
 1929   2236    321     96
 1942   2277    321     48
 1921   2314    321     12
 1923   2382    321      8
 1932   2430    321     26
 1884   2451    321     77
 1853   2023    321     31
 1855   2083    321     80
 1856   2123    321      6
 1854   2160    321     47
 1854   2201    321      5
 1855   2236    321     77
 1853   2277    321     43
 1856   2317    321     73
 1855   2356    321     83
 1855   2394    321     61
 1852   2431    321     48
 1911   2528    321     15
 1871   2526    321     13
 1854   2645    321     93
 1851   2990    321     17
 1832   3298    321     83
 1832   3339    321     54
 1692     32    321      8
 1732     91    321     34
 1733    127    321     45
 1710    233    321     34
 1735    170    321     98
 1731    209    321     83
 1731    251    321     32
 1731    288    321     29
 1731    325    321     66
 1681    213    321     31
 1682    249    321      7
 1645     91    321     66
 1645    129    321     66
 1643    167    321     31
 1642    208    321     54
 1643    249    321     67
 1643    285    321     71
 1641    322    321     21
 1732    449    321     86
 1652    450    321      8
 1736    537    321     96
 1741    575    321     21
 1741    614    321     47
 1741    658    321     74
 1710    655    321     12
 1740    692    321     28
 1741    730    321     88
 1742    766    321     68
 1651    534    321     54
 1652    575    321     15
 1652    614    321     87
 1651    653    321      7
 1653    692    321     16
 1654    730    321     78
 1651    770    321     85
 1650    856    321     38
 1785   2005    321     99
 1788   2045    321      8
 1787   2085    321     20
 1788   2120    321      1
 1788   2160    321     97
 1786   2200    321     10
 1786   2238    321      4
 1787   2274    321     18
 1787   2316    321     41
 1758   2317    321      7
 1788   2355    321     20
 1757   2374    321     68
 1789   2368    321     38
 1785   2431    321      3
 1777   2471    321      4
 1727   1947    321     91
 1730   1986    321     70
 1706   2082    321     59
 1709   2429    321     23
 1668   2003    321     40
 1668   2044    321     85
 1668   2083    321      4
 1669   2121    321     78
 1669   2161    321     25
 1670   2200    321     20
 1670   2237    321     83
 1669   2274    321     24
 1669   2317    321     74
 1669   2356    321     40
 1669   2391    321     23
 1666   2430    321     40
 1797   2529    321     97
 1745   2568    321     19
 1680   2515    321     29
 1630   2530    321     19
 1796   2665    321     99
 1795   2703    321     57
 1798   2742    321     69
 1797   2778    321     29
 1796   2816    321     54
 1797   2857    321     48
 1795   2892    321     58
 1797   2934    321     50
 1736   2719    321     42
 1739   2779    321     85
 1728   2859    321     26
 1729   2913    321     46
 1736   2963    321     89
 1697   2664    321      2
 1699   2702    321     42
 1701   2742    321     50
 1699   2778    321      4
 1699   2816    321     31
 1699   2856    321     96
 1698   2894    321     61
 1695   2937    321     80
 1795   3088    321     63
 1795   3129    321     18
 1797   3163    321     93
 1797   3203    321     32
 1796   3243    321     16
 1795   3277    321      7
 1795   3320    321     90
 1796   3358    321    100
 1717   3020    321     33
 1739   3184    321    100
 1696   3041    321     56
 1699   3069    321     71
 1700   3109    321     48
 1700   3143    321     76
 1699   3183    321     48
 1701   3223    321     37
 1699   3260    321     80
 1678   3280    321     67
 1700   3302    321      4
 1701   3339    321      8
 1698   3379    321     47
 1697   3418    321     60
 1794   3571    321     98
 1795   3609    321     42
 1796   3647    321     45
 1795   3686    321     22
 1795   3726    321     31
 1795   3764    321      7
 1794   3802    321     63
 1795   3840    321     48
 1796   3881    321     21
 1697   3568    321     88
 1698   3605    321      2
 1698   3649    321     56
 1698   3685    321     50
 1699   3723    321     15
 1696   3765    321     11
 1699   3798    321     60
 1697   3847    321     91
 1695   3877    321     70
 1705   3918    321     71
 1443     88    321     80
 1442    127    321     11
 1440    167    321     82
 1441    204    321     63
 1442    242    321     22
 1442    282    321     28
 1440    321    321     60
 1482    302    321     49
 1480    262    321     60
 1481    223    321     66
 1477     68    321     10
 1529     86    321     89
 1528    126    321     63
 1531    167    321     54
 1526    204    321     23
 1530    245    321     66
 1528    283    321     99
 1530    323    321     26
 1548    366    321      4
 1564    331    321     25
 1415    458    321     31
 1402    574    321     14
 1412    610    321     13
 1453    455    321      2
 1452    492    321     77
 1452    534    321      7
 1453    572    321     39
 1451    612    321     22
 1451    652    321      8
 1454    687    321     39
 1453    731    321     95
 1451    765    321      3
 1452    805    321      4
 1452    844    321     56
 1452    880    321     16
 1542    891    321     29
 1537    809    321     25
 1540    767    321     13
 1542    727    321     17
 1615    765    321      6
 1576    708    321     71
 1539    689    321     40
 1533    647    321     37
 1540    610    321      7
 1539    573    321     25
 1538    534    321      9
 1518    455    321     39
 1412   1054    321     79
 1432   1073    321     81
 1452   1056    321     51
 1449   1093    321     72
 1450   1132    321     88
 1449   1172    321     79
 1454   1210    321     33
 1452   1252    321     84
 1452   1289    321     75
 1451   1324    321      5
 1450   1366    321     29
 1452   1406    321     71
 1509   1206    321     76
 1529   1291    321     33
 1570   1055    321     99
 1570   1092    321     68
 1567   1131    321     81
 1567   1171    321     54
 1566   1209    321     83
 1567   1251    321     39
 1566   1290    321    100
 1567   1322    321     96
 1565   1370    321     47
 1567   1405    321     72
 1586   1232    321     56
 1605   1190    321     46
 1663   1171    321     55
 1660   1089    321     68
 1663   1056    321     92
 1598   1995    321     88
 1490   2080    321     32
 1490   2121    321     67
 1487   2157    321     74
 1487   2198    321     84
 1489   2235    321     74
 1487   2274    321     38
 1489   2314    321     61
 1487   2351    321     46
 1492   2393    321     77
 1488   2429    321     28
 1517   2196    321     13
 1557   2215    321      4
 1556   2078    321     38
 1602   2079    321     95
 1604   2118    321     98
 1604   2074    321     44
 1605   2199    321     42
 1601   2237    321     17
 1604   2272    321     43
 1603   2316    321     16
 1604   2355    321      8
 1604   2391    321      6
 1603   2427    321     29
 1477   2491    321     38
 1458   2546    321     82
 1468   2613    321     20
 1494   2552    321     47
 1548   2553    321      3
 1594   2544    321     26
 1605   2494    321     27
 1488   2659    321     69
 1486   2703    321     61
 1488   2735    321     61
 1488   2776    321     14
 1457   2775    321     92
 1489   2813    321      4
 1488   2855    321     24
 1457   2890    321     10
 1488   2893    321      8
 1487   2932    321     18
 1544   2775    321     50
 1547   2699    321     78
 1535   2668    321     87
 1583   2660    321     82
 1585   2701    321     12
 1585   2738    321     48
 1584   2777    321      8
 1586   2815    321      9
 1581   2852    321     44
 1586   2894    321     65
 1583   2933    321     63
 1485   3010    321     24
 1439   3046    321    100
 1448   3124    321     50
 1488   3085    321    100
 1493   3124    321     13
 1489   3162    321     43
 1485   3201    321     93
 1492   3244    321     75
 1487   3279    321     72
 1490   3316    321     25
 1488   3357    321     27
 1583   3065    321     90
 1624   3107    321      8
 1588   3102    321     46
 1585   3146    321     92
 1583   3182    321     20
 1601   3205    321     73
 1584   3223    321     44
 1584   3258    321     21
 1584   3300    321     28
 1586   3341    321     33
 1582   3373    321     28
 1584   3417    321     97
 1613   3420    321     86
 1632   3435    321     91
 1640   3473    321     14
 1671   3463    321     85
 1499   3493    321     58
 1487   3528    321     93
 1488   3570    321     53
 1486   3596    321      8
 1487   3643    321      6
 1487   3685    321     48
 1487   3722    321     82
 1488   3763    321     25
 1487   3800    321     24
 1488   3841    321     43
 1488   3878    321     57
 1547   3703    321     24
 1543   3742    321     83
 1582   3572    321     91
 1583   3604    321     76
 1584   3648    321     32
 1584   3686    321     71
 1580   3722    321     53
 1584   3764    321     34
 1583   3801    321     46
 1584   3842    321     59
 1586   3878    321      7
 1624   3861    321     74
 1633   3901    321     46
 1661   3889    321     82
 1622   3648    321     97
 1631   3607    321     60
 1651   3568    321     54
 1187    114    321     73
 1225     83    321     23
 1253     91    321     32
 1283     86    321     75
 1251    128    321     95
 1249    163    321     78
 1252    206    321     90
 1230    225    321     74
 1250    245    321     75
 1287    243    321      9
 1254    283    321     70
 1254    324    321      7
 1292    324    321     46
 1319     48    321     77
 1329     83    321     92
 1327    126    321     12
 1329    166    321     60
 1329    204    321      9
 1330    244    321     27
 1329    284    321     21
 1329    321    321     91
 1396     68    321     48
 1417    128    321     81
 1415    167    321     56
 1405    211    321     21
 1366    265    321     58
 1376    333    321     34
 1415    327    321     18
 1260    533    321     30
 1260    571    321     68
 1258    610    321     96
 1259    648    321     80
 1257    689    321     29
 1259    727    321     49
 1259    765    321     43
 1258    804    321      9
 1258    864    321     64
 1297    611    321     81
 1298    574    321     45
 1298    531    321     29
 1339    453    321     27
 1337    493    321     63
 1334    533    321     64
 1335    573    321     47
 1336    612    321      6
 1336    650    321     55
 1336    689    321     20
 1337    733    321     58
 1336    768    321      9
 1335    803    321     18
 1335    844    321     51
 1333    885    321     58
 1384    806    321     27
 1279    990    321      1
 1279   1062    321     83
 1236   1135    321     68
 1239   1174    321      1
 1238   1210    321     89
 1239   1250    321     40
 1239   1288    321     84
 1239   1329    321     23
 1238   1364    321     67
 1238   1408    321     66
 1208   1406    321     11
 1238   1444    321     82
 1277   1193    321     47
 1315   1152    321     41
 1296   1319    321     59
 1357   1068    321      9
 1356   1130    321     74
 1356   1172    321     84
 1401    976    321     66
 1395   1192    321     94
 1359   1214    321     14
 1375   1231    321     88
 1357   1251    321     53
 1354   1288    321     71
 1353   1326    321     78
 1357   1368    321     85
 1356   1406    321     65
 1051     88    321     47
 1047    125    321     50
 1049    170    321     70
 1044    206    321     92
 1046    246    321     54
 1048    280    321     48
 1046    322    321     40
 1099    334    321     97
 1106    127    321      8
 1096     95    321     78
 1136     86    321     92
 1134    128    321     45
 1132    162    321     19
 1134    204    321     42
 1135    247    321     29
 1135    280    321     84
 1136    322    321     72
 1153    387    321     72
 1182    339    321     16
 1232    395    321     18
 1036    456    321     33
 1090    425    321     88
 1162    465    321     74
 1233    507    321     55
 1047    534    321     59
 1049    572    321     75
 1045    608    321     23
 1046    650    321     86
 1046    689    321     46
 1046    730    321     72
 1044    763    321     36
 1048    805    321      2
 1047    847    321      6
 1047    887    321     82
 1105    805    321     66
 1092    764    321     58
 1074    727    321     41
 1087    613    321     85
 1086    533    321     89
 1128    633    321     92
 1142    529    321     62
 1144    573    321      3
 1142    610    321     15
 1143    650    321     16
 1146    690    321     28
 1142    729    321     65
 1141    768    321     89
 1142    804    321     66
 1185    592    321     50
 1221    648    321     55
 1218    861    321      7
 1183    863    321     94
 1094    900    321     73
 1085    928    321     17
 1029    942    321     91
 1027    998    321     59
 1144   1009    321     16
 1174    996    321     96
 1202   1000    321    100
 1174    942    321     53
  998   1066    321     91
  998   1104    321     54
  995   1145    321     63
  999   1181    321     72
  997   1222    321     62
  996   1261    321     99
  997   1298    321     74
  998   1339    321     73
  996   1393    321     56
 1055   1431    321     32
 1093   1452    321      9
 1095   1424    321     71
 1055   1400    321     63
 1054   1363    321     26
 1083   1384    321     52
 1094   1355    321     34
 1053   1325    321     98
 1053   1284    321    100
 1056   1249    321     86
 1058   1210    321     98
 1057   1172    321     85
 1058   1136    321     70
 1059   1092    321     78
 1048   1056    321     46
 1078   1154    321     61
 1102   1171    321     44
 1171   1055    321     80
 1173   1093    321     47
 1172   1135    321     39
 1137   1134    321      9
 1174   1179    321     79
 1172   1212    321     15
 1170   1251    321     69
 1152   1270    321     72
 1172   1292    321     24
 1172   1330    321     15
 1171   1368    321     70
 1170   1408    321     64
  784     30    321     19
  806    107    321     72
  842     85    321     63
  844    130    321      5
  843    166    321     12
  844    206    321     18
  843    245    321     94
  845    282    321     13
  843    322    321     71
  843    361    321     81
  882    166    321     38
  884     88    321      7
  930     85    321     33
  933    127    321     19
  932    163    321     25
  931    205    321     99
  931    246    321     46
  904    264    321     86
  929    286    321     92
  933    321    321     45
  930    370    321     59
  991    165    321     55
  826    440    321     84
  965    459    321     88
  581     79    321     68
  642     90    321     15
  642    128    321      5
  637    164    321     94
  642    208    321     19
  641    248    321     36
  641    285    321     71
  642    323    321     80
  640    361    321     11
  671    360    321     75
  681    164    321     57
  680     84    321     75
  710    437    321     54
  730    359    321     84
  732    321    321     84
  767    323    321     78
  726    287    321     28
  727    244    321     32
  726    117    321     56
  729    166    321     34
  729    130    321     49
  728     86    321     34
  805    594    321     97
  782    653    321      3
  842    631    321     53
  855    706    321     43
  872    799    321     27
  845    826    321     23
  843    864    321     86
  890    848    321     17
  889    883    321     84
  950    919    321     16
  932    883    321     67
  929    846    321     18
  930    804    321     19
  925    765    321     52
  933    726    321     82
  928    689    321     11
  958    690    321     81
  932    651    321     95
  929    612    321     88
  931    570    321     87
  929    535    321     95
 1001    514    321     76
  573    325    321     27
  611    474    321     58
  610    503    321     40
  601    575    321     71
  654    571    321    100
  640    648    321      5
  642    688    321     52
  638    728    321     61
  640    766    321     53
  641    805    321     18
  640    842    321     42
  641    883    321     83
  689    890    321     93
  689    843    321     96
  688    804    321     22
  729    863    321     76
  727    628    321     20
  896   1027    321     72
  881    971    321     91
  823    961    321     81
  746    958    321      1
  602    953    321     35
  599   1009    321     62
  828   1065    321     69
  803   1085    321     58
  824   1104    321     46
  825   1144    321     63
  823   1181    321     33
  823   1222    321     36
  825   1261    321     96
  821   1298    321     32
  822   1356    321     66
  843   1399    321     96
  882   1336    321     58
  881   1296    321     20
  882   1263    321     57
  880   1215    321     53
  880   1178    321     72
  882   1143    321     61
  882   1102    321     88
  879   1065    321     43
  750   1088    321     79
  753   1216    321     48
  754   1258    321     17
  773   1307    321     85
  747   1358    321     78
  710   1301    321     97
  709   1261    321     90
  707   1223    321     29
  706   1181    321     89
  707   1146    321     33
  704   1102    321     55
  708   1067    321     76
  638   1105    321     98
  639   1145    321     51
  641   1179    321     95
  637   1222    321     60
  638   1256    321     52
  639   1298    321     66
  640   1337    321     57
  640   1375    321     69
  641   1415    321     41
  602   1394    321     22
  638   1455    321     99
 1796   1505    321     95
 1756   1494    321     43
 1717   1484    321     90
 1679   1484    321     76
 1631   1473    321     41
 1533   1492    321     58
 1051   1481    321     80
 1002   1482    321     10
  811   1481    321     19
 1758   1524    321     62
 1719   1525    321     50
 1678   1524    321     58
 1640   1525    321     33
 1601   1522    321    100
 1563   1524    321     35
 1523   1524    321     15
 1485   1521    321     53
 1448   1524    321     10
 1408   1523    321     17
 1370   1524    321     45
 1332   1523    321     26
 1292   1524    321     56
 1252   1523    321     62
 1215   1523    321     69
 1175   1522    321     75
 1140   1523    321     38
 1097   1524    321     78
 1060   1522    321     45
 1022   1522    321     87
  982   1521    321     14
  947   1522    321     11
  905   1521    321     81
  865   1522    321      2
  829   1522    321     67
  790   1523    321     66
  752   1520    321      8
  713   1520    321      7
  675   1521    321     70
  634   1522    321      1
  597   1521    321     85
  557   1521    321     51
 1757   1647    321     11
 1759   1687    321     97
 1739   1773    321     70
 1720   1598    321     65
 1699   1744    321     98
 1679   1696    321     17
 1660   1559    321     89
 1640   1658    321     69
 1622   1820    321      7
 1606   1548    321    100
 1563   1551    321     73
 1574   1596    321      6
 1574   1763    321     77
 1548   1832    321      7
 1488   1562    321     94
 1451   1561    321     59
 1464   1610    321     50
 1488   1715    321      6
 1410   1627    321     48
 1411   1693    321     44
 1391   1776    321     56
 1370   1594    321     11
 1361   1626    321     54
 1334   1754    321     28
 1313   1783    321     54
 1274   1560    321     14
 1178   1813    321     77
 1140   1814    321     51
 1080   1693    321     32
 1042   1706    321     83
 1004   1636    321     92
  927   1618    321     17
  928   1667    321     36
  869   1743    321     85
  871   1842    321     93
  830   1765    321     98
  811   1642    321     21
  782   1630    321     86
  752   1611    321     14
  713   1570    321     24
  716   1842    321     23
  676   1751    321     54
  676   1821    321     33
  628   1762    321     25
  611   1716    321      8
  634   1596    321     21
  598   1607    321     32
  560   1646    321     76
  560   1685    321    100
  521   1784    321      3
 1756   1869    321     25
 1717   1869    321     86
 1680   1870    321     94
 1642   1871    321     32
 1602   1871    321     76
 1564   1871    321     26
 1526   1870    321     96
 1487   1871    321      8
 1448   1873    321     87
 1409   1871    321     26
 1369   1872    321     89
 1333   1872    321     79
 1294   1872    321     38
 1253   1873    321    100
 1218   1872    321     20
 1176   1870    321     53
 1139   1869    321      7
 1100   1872    321      2
 1061   1871    321     72
 1024   1869    321     51
  983   1871    321     48
  945   1870    321     41
  904   1870    321     98
  869   1870    321     26
  829   1870    321     99
  789   1872    321     13
  751   1867    321     53
  713   1872    321      9
  674   1868    321     33
  637   1869    321     95
  596   1871    321     67
  557   1872    321     65
 1642   1902    321     82
 1563   1899    321     75
 1456   1928    321     36
 1256   1899    321     48
 1234   1936    321     40
 1144   1909    321     50
 1102   1910    321     54
 1060   1909    321      4
  984   1898    321     10
  948   1909    321     38
  883   1927    321      1
  848   1907    321     41
  769   1906    321     89
  716   1899    321     20
  674   1908    321     72
  599   1908    321     94
 1475   1984    321     40
 1428   2007    321      7
 1429   2044    321      4
 1430   2082    321     48
 1430   2122    321     76
 1429   2160    321     47
 1429   2198    321     77
 1430   2238    321     13
 1429   2277    321     17
 1428   2314    321     24
 1432   2369    321     32
 1428   2391    321     70
 1429   2427    321     47
 1425   2493    321     86
 1380   2004    321     99
 1410   2102    321      8
 1380   2239    321     29
 1409   2370    321     69
 1352   2311    321     47
 1351   2340    321     92
 1351   2410    321     26
 1313   2156    321     66
 1270   2334    321     56
 1274   2490    321      8
 1379   2550    321      2
 1343   2547    321     21
 1362   2602    321     47
 1291   2527    321     48
 1265   2560    321      3
 1286   2635    321     69
 1363   2662    321     79
 1369   2701    321      8
 1394   2722    321     56
 1371   2740    321     24
 1370   2782    321     20
 1370   2817    321     13
 1369   2857    321     78
 1409   2886    321     39
 1369   2894    321     71
 1369   2935    321     27
 1273   2933    321     12
 1272   2893    321     65
 1273   2852    321     83
 1274   2814    321      2
 1275   2780    321      8
 1272   2737    321     99
 1271   2701    321     81
 1273   2664    321     55
 1234   2963    321     23
 1272   2961    321     43
 1390   2982    321     71
 1252   3025    321     99
 1343   3049    321     74
 1372   3087    321     41
 1372   3128    321     61
 1373   3166    321      2
 1371   3201    321     91
 1372   3240    321     26
 1369   3287    321     87
 1369   3317    321     81
 1374   3358    321      1
 1328   3417    321     47
 1294   3421    321     54
 1271   3357    321     47
 1276   3318    321     66
 1274   3278    321     94
 1233   3280    321     41
 1273   3239    321     77
 1275   3199    321     22
 1273   3164    321     86
 1276   3126    321     93
 1275   3085    321     55
 1224   3184    321     85
 1194   3144    321    100
 1320   3201    321     91
 1322   3260    321     95
 1392   3504    321     18
 1423   3532    321     81
 1399   3764    321     60
 1408   3862    321     15
 1439   3890    321     28
 1370   3528    321     62
 1370   3569    321     71
 1368   3612    321     66
 1369   3646    321     20
 1371   3683    321     11
 1370   3723    321     65
 1370   3765    321     83
 1367   3801    321     81
 1368   3840    321     93
 1367   3882    321      6
 1331   3871    321     80
 1332   3792    321     60
 1312   3586    321     55
 1274   3528    321     15
 1272   3567    321     38
 1272   3606    321     92
 1272   3648    321     39
 1273   3683    321      6
 1272   3722    321      1
 1273   3764    321     40
 1274   3808    321     65
 1274   3841    321     54
 1274   3879    321     39
 1234   2182    321     10
 1248   2241    321     13
 1226   2276    321     66
 1195   2006    321     73
 1198   2043    321     99
 1199   2079    321     56
 1197   2119    321     21
 1199   2162    321     71
 1196   2200    321     21
 1198   2238    321     44
 1195   2278    321     63
 1197   2317    321     85
 1198   2357    321     56
 1196   2392    321     24
 1197   2432    321      1
 1206   2489    321     94
 1157   2003    321     51
 1157   2042    321     86
 1158   2081    321     99
 1158   2118    321     17
 1159   2162    321     82
 1156   2200    321     36
 1156   2240    321     46
 1156   2278    321     26
 1159   2315    321     61
 1157   2351    321     77
 1160   2393    321     72
 1159   2431    321     77
 1155   2472    321     88
 1161   2509    321     55
 1119   2470    321      2
 1191   2576    321     92
 1119   2573    321     40
 1194   2740    321     80
 1155   2661    321     95
 1159   2700    321     58
 1159   2738    321     68
 1160   2776    321     52
 1161   2815    321     83
 1159   2854    321     60
 1157   2892    321     16
 1163   2929    321     67
 1108   2815    321     12
 1108   2912    321     80
 1082   2758    321     34
 1062   2657    321     28
 1063   2701    321     32
 1064   2739    321     96
 1062   2776    321     95
 1063   2816    321     58
 1061   2850    321     83
 1060   2894    321     27
 1059   2933    321     32
 1176   3028    321      2
 1158   3088    321     33
 1160   3126    321     34
 1155   3166    321     44
 1158   3201    321      6
 1159   3242    321     14
 1157   3282    321     60
 1158   3320    321     14
 1158   3356    321     76
 1109   3068    321     22
 1121   3105    321     81
 1097   3206    321      3
 1064   3088    321     30
 1062   3131    321     23
 1064   3162    321     32
 1062   3203    321      1
 1061   3241    321     34
 1059   3280    321     67
 1061   3320    321     94
 1062   3357    321      6
 1213   3625    321     26
 1224   3667    321     69
 1186   3743    321     38
 1204   3783    321     66
 1157   3530    321     12
 1158   3569    321     59
 1159   3611    321     57
 1160   3645    321     43
 1153   3686    321     79
 1158   3729    321     25
 1158   3765    321     75
 1156   3801    321     98
 1157   3843    321     73
 1157   3880    321     99
 1118   3501    321    100
 1118   3794    321     23
 1118   3870    321     88
 1059   3529    321     24
 1061   3568    321     71
 1063   3607    321     94
 1062   3647    321     20
 1061   3682    321     94
 1062   3730    321     16
 1059   3763    321      3
 1061   3801    321     46
 1059   3842    321     74
 1060   3880    321     43
  954   1976    321      2
  955   2023    321     73
 1083   2026    321     92
 1073   2061    321      1
 1012   2100    321     27
 1072   2198    321     41
  981   2279    321     67
 1050   2507    321     44
  964   2624    321     92
 1005   2681    321      3
  984   2719    321     13
 1031   3009    321     29
 1004   3059    321      5
  970   3018    321     47
 1003   3426    321      9
  968   3425    321     92
  928   2006    321     28
  928   2048    321     73
  928   2081    321     61
  927   2122    321      6
  927   2159    321     88
  928   2200    321     34
  925   2241    321     47
  927   2276    321     90
  926   2317    321     28
  928   2354    321     79
  926   2391    321     37
  929   2429    321     90
  926   2469    321     20
  924   2508    321     68
  886   2003    321     58
  889   2045    321     69
  888   2083    321     63
  888   2120    321     81
  889   2159    321     46
  887   2201    321     20
  886   2241    321     59
  890   2276    321     84
  886   2315    321     25
  888   2353    321     77
  888   2392    321     72
  886   2430    321     65
  887   2468    321     63
  889   2509    321     11
  910   2588    321     99
  947   2662    321     77
  869   2633    321     72
  947   2659    321     36
  946   2700    321     66
  946   2740    321     31
  946   2777    321     78
  947   2815    321     16
  945   2856    321     73
  947   2894    321     81
  944   2932    321     74
  847   2929    321     64
  848   2891    321     75
  850   2854    321     26
  847   2813    321     35
  848   2775    321      6
  847   2736    321     46
  849   2699    321     56
  849   2665    321     69
  863   2987    321     84
  867   3019    321      8
  944   3021    321     70
  941   3088    321     54
  944   3127    321     40
  945   3160    321     21
  945   3203    321     20
  943   3242    321     47
  945   3275    321     50
  946   3321    321     65
  945   3359    321     70
  849   3087    321     44
  849   3125    321     48
  850   3162    321     87
  848   3202    321     42
  850   3242    321     33
  850   3283    321     28
  853   3319    321     44
  938   3441    321     13
  910   3440    321     39
  943   3530    321     75
  947   3570    321     52
  943   3609    321     83
  946   3647    321     86
  947   3683    321     70
  947   3725    321     57
  947   3761    321     32
  946   3803    321     41
  946   3843    321     18
  946   3883    321     77
  904   3703    321     94
  928   3742    321     55
  904   3793    321     93
  895   3834    321     49
  897   3859    321     28
  867   3522    321     72
  848   3607    321     61
  848   3647    321     79
  849   3683    321     99
  848   3727    321     54
  852   3757    321     71
  850   3800    321     21
  849   3841    321     26
  850   3878    321     60
  826   3821    321     31
  811   3858    321      3
  694   1955    321     36
  824   1976    321     65
  804   2041    321     91
  793   2081    321     90
  762   2117    321     61
  803   2142    321     34
  750   2159    321     43
  773   2180    321     78
  861   2487    321     22
  831   2503    321     78
  842   2583    321     80
  759   2718    321     52
  791   2779    321     40
  780   2967    321     42
  829   3000    321     56
  808   3237    321     88
  819   3279    321     55
  760   3319    321     11
  780   3424    321     95
  808   3444    321     26
  785   3527    321     16
  780   3572    321     90
  748   3550    321     98
  750   3708    321      4
  655   1966    321     27
  656   2011    321     18
  655   2040    321     44
  656   2082    321     14
  658   2123    321     82
  656   2160    321     16
  656   2198    321     34
  658   2239    321     96
  657   2274    321     77
  657   2314    321     56
  657   2356    321      7
  657   2390    321     88
  654   2430    321     18
  655   2469    321     23
  656   2509    321     56
  599   2004    321     79
  597   2042    321     29
  598   2081    321     67
  596   2122    321     30
  598   2161    321     34
  599   2196    321     37
  600   2239    321     26
  597   2278    321     32
  597   2317    321     33
  598   2354    321     97
  597   2393    321     18
  598   2432    321     59
  597   2516    321     38
  598   2551    321     96
  734   2663    321     71
  735   2701    321     80
  735   2741    321     80
  735   2780    321     67
  735   2814    321     61
  734   2851    321      4
  732   2896    321     46
  734   2932    321     88
  704   2834    321     83
  680   2771    321      7
  689   2693    321     54
  697   2630    321     31
  657   2881    321     76
  639   2595    321     57
  636   2631    321     17
  639   2673    321     36
  637   2708    321     33
  635   2748    321     66
  635   2787    321     60
  635   2822    321     28
  636   2863    321     48
  636   2902    321     55
  636   2944    321     29
  598   2592    321     76
  600   2629    321     50
  596   2671    321      8
  598   2707    321      3
  596   2748    321     70
  596   2787    321     75
  597   2825    321     77
  598   2863    321     11
  595   2900    321     38
  595   2943    321     72
  733   3020    321     15
  628   2998    321     98
  547   3010    321     67
  734   3087    321     58
  733   3125    321     16
  736   3164    321     11
  732   3202    321      6
  732   3237    321      2
  733   3277    321     50
  734   3320    321      9
  703   3459    321     64
  692   3587    321     87
  733   3607    321     49
  731   3644    321     51
  733   3687    321     68
  734   3723    321     56
  732   3767    321      4
  732   3804    321     31
  734   3844    321     95
  733   3880    321      5
  674   3086    321     52
  676   3122    321     67
  674   3169    321     18
  674   3199    321     38
  672   3241    321     22
  675   3279    321      1
  677   3320    321     13
  676   3359    321     98
  675   3396    321     77
  674   3436    321     28
  666   3472    321     49
  676   3531    321     23
  675   3571    321     90
  672   3609    321     60
  674   3648    321     68
  675   3684    321     66
  675   3726    321     44
  674   3764    321     63
  674   3802    321     63
  674   3844    321     80
  676   3877    321     77
  578   3144    321     69
  620   3223    321     88
  640   3271    321     97
  607   3341    321     58
  636   3439    321     52
  597   3533    321      9
  609   3940    321     57
  438     49    321     82
  417    284    321     85
  457    122    321     67
  453    162    321      7
  454    202    321     80
  456    242    321     26
  457    282    321     64
  457    320    321     13
  456    361    321     58
  484    185    321      9
  524    122    321     83
  525    166    321     56
  526    204    321     46
  523    245    321    100
  524    283    321      9
  526    323    321     20
  524    361    321     11
  559    390    321     76
  390    410    321     28
  363     47    321     96
  339    124    321     11
  340    165    321     48
  340    204    321     96
  342    243    321     58
  341    282    321     14
  341    323    321     86
  342    359    321      5
  322     48    321     97
  302    127    321     89
  300    163    321     78
  302    203    321     58
  301    244    321     63
  302    285    321     94
  305    325    321     18
  304    362    321     95
  247    382    321     38
  223    282    321     32
  212    110    321     51
  233     50    321     49
  169     41    321     35
  186    128    321     86
  186    164    321     13
  186    203    321     94
  189    246    321    100
  186    285    321     37
  186    322    321     65
  188    361    321      3
  148    358    321     58
  147    322    321     55
  147    287    321     68
  150    244    321     65
  149    207    321     41
  149    166    321     74
  149    129    321     71
  111    168    321     43
   91     51    321     79
   54     48    321     33
   33    126    321     84
   33    167    321      9
   35    118    321     99
   35    248    321     42
   33    360    321     11
   31    364    321     17
   33    368    321     39
   34    372    321     10
   33    323    321     37
   34    362    321     22
   63    360    321     33
   90    324    321     60
  534    473    321     79
  529    610    321     85
  494    504    321     65
  467    475    321     84
  437    532    321     78
  454    603    321     84
  397    524    321     99
  415    479    321     65
  366    604    321     17
  322    524    321     21
  312    465    321     69
  272    522    321     89
  273    571    321     62
  262    436    321     50
  229    452    321     47
  224    484    321     21
  119    573    321     64
  117    526    321     86
   54    574    321     88
   52    493    321     56
   64    453    321     99
    4    554    321     46
  -47    512    321     32
    4    602    321     49
   34    632    321     61
   12    666    321     66
  550    691    321     84
  525    650    321     19
  525    689    321     64
  521    729    321     50
  523    766    321     12
  523    805    321     84
  521    841    321     68
  527    884    321     52
  455   1299    321     62
  427    884    321     12
  428    843    321     45
  429    804    321     43
  428    768    321      8
  427    728    321     79
  426    685    321     46
  430    648    321     25
  370    725    321     86
  387    781    321     19
  367    823    321     99
  311    883    321      7
  311    839    321     42
  313    801    321     32
  313    767    321     51
  309    724    321     40
  311    685    321     96
  316    649    321     81
  234    650    321     79
  234    685    321     54
  234    724    321      8
  212    745    321     37
  233    764    321     62
  233    802    321     83
  235    843    321     63
  236    885    321     84
  158    670    321     90
  117    646    321     31
  118    688    321     47
  119    728    321     51
  118    767    321     39
  120    805    321     71
  119    842    321     23
  120    882    321     12
  544   1038    321     64
  522    951    321     86
  477   1046    321     31
  475    979    321     87
  449   1050    321     66
  396    976    321     50
  299    941    321      8
  243    918    321     38
  262    991    321     28
  214    951    321     84
  205    987    321     73
  225   1026    321     22
  166    979    321     84
  127   1015    321     61
  106    972    321     15
   89   1017    321     25
   23    968    321     76
  -61    801    321     56
  -57     32    321     57
  523   1103    321     31
  524   1143    321     75
  523   1183    321     22
  522   1223    321     43
  523   1256    321     55
  523   1296    321     51
  523   1337    321     39
  523   1377    321     64
  526   1415    321      6
  523   1454    321      8
  476   1084    321    100
  476   1121    321     11
  475   1162    321      2
  475   1199    321     28
  477   1241    321     14
  474   1277    321     25
  475   1316    321     29
  478   1355    321     18
  478   1394    321     32
  475   1431    321      4
  475   1473    321     13
  878   1506    321     39
  474   1549    321     54
  475   1587    321     72
  475   1625    321     68
  478   1665    321     71
  475   1706    321     45
  475   1743    321     94
  476   1781    321     11
  476   1830    321     21
  476   1912    321     65
  436   1087    321     30
  439   1123    321     86
  438   1160    321     57
  434   1202    321     41
  436   1238    321     60
  435   1281    321     21
  436   1320    321     58
  435   1357    321     40
  436   1396    321     64
  436   1435    321     25
  438   1473    321     79
  435   1502    321     69
  435   1552    321     91
  434   1587    321     19
  436   1627    321      5
  438   1665    321     84
  437   1703    321     98
  437   1744    321      8
  438   1781    321      2
  438   1822    321     20
  437   1862    321     41
  434   1900    321     30
  391   1086    321     97
  377   1192    321     39
  385   1230    321     88
  367   1268    321     41
  378   1551    321     16
  358   1841    321     56
  346   1899    321     12
  317   1122    321     84
  322   1162    321     56
  322   1200    321     47
  319   1239    321     56
  321   1277    321     55
  319   1317    321     50
  321   1353    321     38
  321   1394    321     83
  320   1430    321     25
  320   1471    321     69
  320   1550    321     20
  321   1590    321      9
  318   1625    321     11
  319   1664    321     52
  320   1704    321     81
  321   1743    321     26
  319   1784    321     42
  321   1821    321      7
  321   1859    321      9
  319   1899    321      4
  279   1061    321     93
  283   1122    321     78
  281   1161    321     24
  281   1198    321     24
  280   1240    321     83
  282   1274    321     82
  281   1318    321     89
  281   1355    321     20
  281   1395    321     14
  281   1435    321     79
  283   1473    321      3
  281   1550    321     54
  281   1584    321     96
  282   1626    321     95
  281   1667    321     96
  281   1704    321     53
  281   1743    321     54
  284   1783    321     27
  283   1822    321     80
  282   1860    321     15
  282   1900    321     53
  216   1181    321     46
  246   1373    321     53
  241   1433    321      7
  230   1471    321     69
  260   1514    321     50
  236   1541    321     44
  235   1838    321     84
  205   1063    321    100
  167   1100    321     22
  170   1131    321     55
  166   1084    321     58
  165   1202    321     48
  167   1239    321     98
  187   1260    321     38
  168   1281    321     88
  167   1315    321     84
  165   1360    321     10
  168   1391    321      3
  167   1434    321     20
  170   1471    321     87
  167   1550    321     16
  166   1587    321     25
  165   1626    321     35
  167   1665    321     83
  167   1711    321     32
  169   1743    321     87
  167   1781    321     25
  167   1820    321     27
  168   1858    321     24
  167   1901    321     44
  131   1055    321     61
  129   1094    321     74
  128   1132    321     31
  125   1172    321      3
  128   1213    321     16
  126   1250    321     63
  128   1290    321     27
  123   1327    321     71
  127   1367    321     66
  128   1405    321      1
  129   1443    321     46
  127   1485    321     48
  128   1522    321     49
  131   1560    321     65
  129   1599    321      6
  130   1638    321     17
  130   1678    321     73
  127   1713    321     58
  128   1753    321     77
   91   1058    321     74
   89   1097    321     58
   87   1131    321     92
   87   1169    321      7
   86   1211    321     74
   86   1248    321      8
   90   1292    321     60
   87   1240    321      1
   90   1369    321     88
   86   1408    321     55
   88   1445    321     17
   90   1483    321     61
   91   1520    321      4
   88   1558    321     92
   94   1606    321    100
   91   1639    321     38
   88   1676    321     20
   89   1629    321     83
   89   1758    321     24
   53   1057    321     58
   49   1094    321     44
   49   1135    321     39
   51   1175    321     33
   51   1213    321     19
   49   1251    321     96
   50   1288    321     24
   50   1328    321      3
   51   1366    321     42
   49   1404    321     29
   51   1444    321     84
   50   1483    321     73
   51   1522    321     55
   50   1558    321     12
   53   1600    321     83
   50   1637    321     88
   50   1673    321     59
   47   1712    321     34
   50   1754    321     24
   49   1795    321     20
   11   1055    321     79
   16   1095    321     55
   12   1134    321     79
   13   1173    321     97
   15   1210    321     58
   12   1249    321     50
   11   1289    321     17
   14   1328    321     58
   13   1368    321     29
   14   1406    321     45
   16   1441    321      2
   13   1482    321     77
   14   1521    321     78
   10   1561    321     89
   12   1594    321      8
   10   1637    321     31
   15   1678    321     57
   15   1714    321     33
   11   1753    321     44
   11   1793    321     82
   21   1882    321     34
   88   1327    321     10
   88   1712    321     65
  503   2002    321     17
  512   2040    321     23
  542   2099    321     55
  521   2140    321      5
  534   2179    321     68
  484   2098    321     38
  434   2062    321      1
  414   2020    321     35
  394   2137    321     74
  426   2198    321     55
  463   2277    321    100
  484   2313    321     54
  415   2292    321     70
  435   2373    321     91
  436   2437    321      1
  463   2438    321     43
  494   2458    321     25
  484   2516    321     70
  484   2552    321     75
  483   2592    321     53
  483   2630    321     78
  484   2671    321     53
  483   2707    321     33
  484   2748    321      8
  482   2784    321     44
  482   2824    321     84
  484   2863    321     48
  485   2903    321     91
  483   2939    321     56
  521   2941    321      6
  520   2899    321     37
  523   2862    321     86
  521   2823    321     85
  521   2787    321     39
  524   2745    321     90
  520   2709    321     75
  521   2669    321     19
  522   2631    321      2
  520   2593    321      4
  473   3011    321     98
  337   1933    321     44
  359   1964    321     23
  368   2001    321     20
  368   2039    321     19
  367   2079    321     38
  367   2118    321     95
  368   2160    321     53
  367   2197    321     78
  367   2238    321     21
  368   2275    321     74
  368   2313    321     25
  370   2351    321    100
  369   2392    321     83
  365   2427    321      1
  322   2080    321     76
  319   2118    321     80
  318   2156    321     68
  319   2199    321     67
  318   2233    321     18
  319   2274    321     93
  319   2315    321     71
  318   2352    321     74
  319   2394    321     88
  318   2428    321     26
  290   1972    321     58
  281   1999    321     34
  282   2042    321     97
  280   2078    321     34
  278   2115    321     27
  280   2161    321     37
  280   2195    321     45
  279   2236    321    100
  281   2278    321     63
  280   2312    321     24
  281   2355    321     38
  280   2392    321     95
  277   2427    321     27
  348   2503    321     68
  385   2524    321      6
  387   2554    321     99
  365   2582    321     81
  376   2622    321     61
  394   2750    321     35
  395   2952    321     92
  308   2526    321     71
  279   2527    321     72
  280   2563    321     90
  321   2604    321     59
  283   2600    321     78
  316   2640    321     52
  282   2640    321     42
  321   2680    321     69
  280   2679    321      8
  320   2717    321     13
  282   2717    321     17
  320   2757    321     62
  279   2755    321     24
  318   2798    321     51
  283   2794    321     40
  319   2833    321     74
  281   2832    321     74
  318   2870    321     85
  282   2869    321     66
  321   2910    321     66
  280   2910    321     50
  320   2949    321     38
  281   2949    321     62
  557   3089    321     25
  559   3125    321      1
  556   3164    321     29
  558   3201    321     33
  558   3240    321     50
  559   3279    321     54
  558   3317    321     27
  559   3356    321     33
  561   3393    321     29
  560   3437    321     27
  490   3277    321     40
  463   3085    321     88
  462   3122    321     89
  464   3163    321     31
  463   3200    321     58
  461   3235    321     40
  464   3278    321     15
  462   3316    321     38
  464   3355    321     57
  463   3395    321     15
  464   3434    321      4
  558   3532    321     59
  559   3568    321      8
  559   3604    321     11
  562   3645    321      1
  558   3685    321      5
  561   3724    321     20
  558   3766    321     82
  559   3800    321     19
  560   3839    321     67
  561   3879    321     57
  520   3760    321     92
  509   3800    321     66
  511   3840    321     82
  509   3879    321     93
  460   3489    321      8
  443   3519    321     77
  452   3565    321     68
  464   3606    321     80
  463   3644    321     36
  461   3685    321     26
  462   3721    321     58
  463   3761    321     71
  462   3801    321     17
  462   3840    321     43
  462   3877    321     63
  444   3036    321     48
  357   3037    321     88
  394   3260    321     84
  397   3339    321     38
  396   3418    321      1
  384   3512    321     47
  388   3548    321    100
  374   3609    321     78
  403   3646    321     99
  424   3687    321     19
  406   3743    321      9
  405   3906    321     95
  442   3919    321     68
  344   3087    321     78
  349   3124    321     84
  346   3162    321     24
  347   3201    321     49
  348   3238    321     12
  347   3275    321     29
  346   3317    321     24
  349   3358    321      2
  347   3397    321     49
  349   3432    321     59
  349   3477    321     66
  347   3511    321     32
  348   3547    321     47
  346   3604    321     87
  346   3643    321     73
  347   3687    321     23
  348   3724    321     64
  346   3762    321     64
  348   3798    321     89
  344   3839    321     92
  347   3876    321     83
  324   3413    321     11
  307   3501    321     76
  296   3558    321     96
  327   3629    321     43
  296   3743    321     61
  270   3124    321     49
  272   3161    321     94
  269   3197    321     62
  272   3238    321     42
  270   3279    321     17
  271   3318    321     18
  273   3356    321      8
  250   3220    321     20
  231   3288    321     10
  221   3338    321     22
  242   3377    321     35
  263   3453    321      6
  252   3529    321     79
  212   3470    321     86
  211   3514    321     11
  272   3587    321      9
  270   3624    321     70
  268   3665    321     11
  270   3706    321     93
  270   3742    321     97
  270   3784    321     76
  270   3820    321     49
  270   3858    321     91
  271   3916    321     29
  213   3824    321     74
  194   3917    321     40
  223   2021    321     79
  222   2140    321     17
  234   2410    321     84
  231   2490    321     23
  202   2079    321     81
  203   2120    321      3
  202   2159    321     18
  203   2197    321     71
  201   2237    321     30
  204   2274    321     95
  204   2316    321     75
  202   2353    321     54
  200   2392    321     70
  204   2428    321     55
  203   2602    321     28
  204   2643    321     64
  205   2699    321     56
  205   2721    321     46
  204   2759    321     61
  204   2799    321     39
  204   2836    321     50
  203   2877    321     78
  204   2913    321     81
  204   2953    321     17
  164   2003    321     56
  165   2042    321     27
  165   2081    321      3
  164   2120    321     61
  164   2159    321     62
  165   2197    321     81
  164   2233    321     62
  164   2274    321     81
  166   2315    321     18
  165   2351    321     37
  164   2392    321     57
  164   2430    321     87
  165   2487    321     71
  164   2523    321     75
  166   2567    321     75
  165   2602    321     88
  166   2643    321     31
  163   2683    321     12
  165   2721    321     68
  165   2759    321     16
  164   2799    321     31
  163   2837    321     50
  166   2869    321     64
  166   2911    321      3
  164   2954    321     27
  128   2080    321      8
  127   2140    321     48
  127   2180    321     79
  125   2219    321     35
  125   2258    321     79
  127   2296    321     86
  125   2158    321     58
  128   2373    321     76
  127   2416    321     98
  126   2448    321     17
  128   2489    321     63
  127   2528    321     11
  127   2564    321      1
  126   2607    321      8
  127   2642    321     15
  126   2683    321     63
  126   2720    321     59
  128   2760    321     24
  127   2796    321     54
  124   2834    321     63
  127   2874    321     92
  129   2914    321     97
   78   1990    321      7
   88   2137    321     63
   90   2177    321     26
   87   2218    321     25
   87   2258    321      5
   90   2298    321     63
   91   2343    321     37
   90   2373    321     78
   92   2420    321     42
   89   2449    321     56
   87   2489    321     41
   86   2524    321     81
   90   2565    321     83
   88   2604    321     32
   89   2643    321     66
   87   2679    321     11
   89   2718    321     89
   89   2757    321      7
   90   2806    321     49
   88   2835    321     47
   87   2872    321     83
   88   2911    321     52
   50   2137    321    100
   50   2176    321     17
   51   2216    321     87
   49   2257    321     99
   50   2294    321     92
   49   2334    321     73
   49   2370    321     45
   48   2408    321     48
   50   2449    321      7
   50   2489    321     68
   50   2525    321      5
   49   2564    321     79
   50   2603    321     85
   50   2643    321      6
   49   2681    321     46
   50   2717    321     78
   50   2757    321     11
   51   2796    321     84
   49   2834    321     99
   49   2874    321     39
  -23   1994    321     44
   10   2137    321     99
   12   2178    321     23
   11   2217    321     51
   11   2256    321     87
   11   2292    321     33
   11   2333    321     72
   13   2378    321     67
   10   2411    321     37
    9   2448    321     17
   10   2484    321     81
    9   2524    321     60
   11   2563    321     95
   10   2601    321     41
   10   2640    321     47
   11   2682    321     32
    9   2718    321     92
   10   2754    321     59
   10   2801    321     81
   10   2834    321     19
   11   2872    321     71
  126   2334    321     55
  173   3143    321     98
  174   3184    321     56
  155   3123    321     19
  154   3162    321      3
  156   3203    321     58
  154   3241    321     24
  154   3278    321     36
  154   3314    321     72
  156   3355    321     93
  153   3397    321     28
  136   3468    321     98
  135   3510    321     71
  155   3551    321     96
  156   3591    321     71
  155   3627    321     96
  155   3665    321     12
  154   3707    321     46
  152   3744    321     23
  156   3791    321     69
  155   3822    321     18
  157   3861    321     69
  115   3547    321     91
  114   3585    321     65
  114   3600    321     76
  113   3610    321     24
  113   3624    321     60
  112   3663    321     98
  112   3699    321     99
  112   3739    321     68
  112   3779    321     42
  116   3819    321     37
  113   3858    321     39
  114   3898    321     78
  105   3102    321     21
  103   3159    321     79
  107   3256    321     35
  105   3295    321     88
  105   3375    321     26
   66   3215    321     45
   64   3374    321     79
   75   3462    321     59
   36   3460    321     96
   75   3546    321     70
   37   3547    321     29
   76   3624    321     56
   35   3622    321     12
   77   3702    321     48
   37   3701    321     47
   77   3778    321     22
   37   3780    321     34
   78   3858    321      5
   36   3856    321     67
   -4   3873    321     23
   17   2052    321      1
   16   2962    321     62
  -66   3134    321     33
  -68   3905    321     22
   38   3941    321     65
