 8 5 3038 1000 40
 2830     40    191     29
 2830     77    191     59
 2830    114    191      3
 2831    155    191     71
 2830    194    191     35
 2831    231    191     20
 2831    269    191     87
 2831    309    191     78
 2830    347    191     89
 2830    384    191     58
 2792     35    191     16
 2792     75    191     44
 2790    115    191     50
 2792    153    191     28
 2791    191    191     56
 2791    231    191     34
 2790    271    191     18
 2791    306    191     99
 2791    345    191     16
 2792    384    191     90
 2800    460    191     80
 2801    499    191     73
 2801    538    191     93
 2800    578    191     25
 2802    620    191      8
 2800    654    191     17
 2800    694    191     23
 2802    732    191     15
 2800    772    191     33
 2800    810    191     14
 2762    459    191     27
 2761    497    191     33
 2761    540    191     65
 2761    578    191     72
 2762    591    191     89
 2763    656    191     13
 2762    694    191     35
 2761    731    191     31
 2762    770    191      5
 2761    808    191     50
 2801    946    191     17
 2803   1034    191     22
 2723    943    191     33
 2724   1029    191     35
 2702   1003    191     89
 2800   1098    191     26
 2799   1137    191     51
 2831   1158    191     23
 2801   1178    191      5
 2800   1216    191     44
 2829   1237    191     37
 2801   1254    191     98
 2800   1292    191     23
 2800   1331    191     45
 2801   1370    191     77
 2799   1409    191     51
 2804   1450    191     38
 2759   1098    191     12
 2762   1138    191     87
 2762   1178    191     66
 2761   1213    191     10
 2763   1255    191     76
 2761   1293    191     76
 2763   1330    191     29
 2761   1369    191     53
 2759   1411    191     70
 2761   1446    191     71
 2762    617    191     64
 2801   1507    191     78
 2800   1548    191     50
 2801   1581    191     42
 2801   1619    191     52
 2799   1656    191     43
 2800   1698    191     45
 2800   1738    191      6
 2800   1781    191     36
 2799   1820    191     66
 2800   1856    191     83
 2760   1506    191     13
 2760   1543    191     43
 2763   1586    191     33
 2761   1621    191     25
 2761   1659    191     67
 2761   1698    191      7
 2762   1737    191     64
 2761   1775    191     81
 2762   1821    191     18
 2762   1853    191     89
 2800   2067    191     47
 2798   2102    191     54
 2799   2143    191     94
 2801   2183    191     35
 2800   2221    191     56
 2801   2262    191     93
 2800   2299    191     40
 2800   2337    191     46
 2801   2376    191     86
 2800   2414    191     13
 2760   2066    191     67
 2760   2105    191     92
 2761   2144    191     32
 2761   2184    191     93
 2763   2222    191      5
 2760   2259    191     23
 2761   2297    191     15
 2760   2338    191     28
 2761   2372    191     46
 2800   2411    191     59
 2800   2491    191     71
 2772   2512    191     38
 2732   2491    191     77
 2788   2167    191     24
 2762   2676    191     40
 2732   2618    191     92
 2761   2903    191     23
 2761   2983    191      8
 2799   3041    191     96
 2800   3083    191     89
 2799   3117    191     96
 2799   3085    191      6
 2799   3195    191      5
 2798   3234    191     42
 2799   3274    191     77
 2798   3312    191     39
 2798   3350    191     66
 2797   3389    191     84
 2799   3427    191     83
 2800   3464    191     29
 2864   3474    191     82
 2865   3515    191     98
 2798   3563    191     61
 2798   3796    191     49
 2797   3794    191     72
 2698     39    191     64
 2697    116    191     79
 2716    191    191     25
 2696    540    191      1
 2704   1437    191     73
 2704   1583    191     34
 2703   1680    191     94
 2694   2221    191     69
 2704   2317    191     23
 2714   2345    191    100
 2733   2374    191     59
 2720   3100    191     91
 2721   3147    191     92
 2752   3198    191     56
 2712   3194    191     74
 2683   3196    191     47
 2642   3195    191     69
 2763   3292    191     42
 2761   3332    191     31
 2761   3369    191     49
 2760   3409    191     50
 2732   3467    191     96
 2701   3621    191     78
 2699   3852    191     78
 2781   3940    191     89
 2701   3940    191     51
 2623   3945    191     86
 2621     -5    191     50
 2744     18    191     59
 2649     25    191     68
 2609     48    191     94
 2659     94    191     52
 2658    134    191     55
 2659    171    191      6
 2658    208    191     55
 2657    248    191     65
 2660    285    191     54
 2659    325    191     81
 2659    368    191     43
 2545     92    191      4
 2543    131    191     22
 2543    170    191     53
 2541    212    191      4
 2538    248    191     11
 2544    288    191     17
 2541    246    191     15
 2541    362    191     92
 2571    270    191     62
 2571    325    191     74
 2485     36    191     36
 2524     54    191     60
 2494    249    191     39
 2590    393    191     58
 2641    411    191     82
 2659    441    191     60
 2660    500    191     39
 2660    538    191     40
 2658    577    191     43
 2659    618    191     88
 2660    656    191     31
 2661    701    191     42
 2658    733    191     40
 2659    772    191      8
 2582    439    191     35
 2592    521    191     15
 2581    770    191     74
 2543    497    191     69
 2542    536    191     31
 2543    579    191     53
 2542    615    191     68
 2542    657    191     27
 2543    691    191     28
 2543    734    191     75
 2541    771    191     60
 2542    808    191     46
 2543    847    191     82
 2540    877    191     60
 2617    847    191     19
 2620    916    191     95
 2570   1004    191     87
 2529   1003    191     10
 2656   1042    191     11
 2658   1082    191     81
 2656   1118    191     91
 2657   1159    191     44
 2656   1200    191     31
 2657   1236    191      8
 2657   1272    191     40
 2657   1314    191     86
 2616   1137    191     40
 2617   1195    191     73
 2624   1273    191     51
 2598   1314    191     26
 2558   1214    191     30
 2542   1040    191     78
 2540   1079    191     24
 2541   1121    191     79
 2540   1156    191     58
 2539   1195    191     90
 2539   1231    191     47
 2540   1272    191     56
 2540   1311    191     46
 2501   1342    191     41
 2540   1358    191     38
 2540   1398    191     79
 2512   1436    191     30
 2628   1435    191     70
 2643   1484    191     13
 2667   1524    191     19
 2666   1560    191     57
 2665   1601    191     99
 2667   1640    191     51
 2665   1679    191     11
 2665   1728    191     50
 2666   1755    191     81
 2666   1794    191     52
 2665   1836    191     34
 2667   1873    191     80
 2646   1486    191     63
 2617   1525    191     47
 2628   1715    191     33
 2618   1756    191     12
 2548   1524    191     70
 2550   1561    191     35
 2552   1600    191     27
 2550   1640    191     26
 2550   1677    191      9
 2551   1717    191     37
 2551   1756    191      3
 2551   1798    191     50
 2549   1832    191     71
 2550   1874    191     21
 2579   1893    191     87
 2665   1935    191     95
 2647   1991    191     30
 2667   2025    191    100
 2667   2064    191     85
 2667   2104    191     54
 2665   2139    191     56
 2666   2178    191     76
 2665   2220    191     68
 2665   2254    191     12
 2548   2258    191     28
 2549   2218    191     22
 2549   2180    191     28
 2550   2141    191     54
 2549   2103    191     45
 2548   2064    191     96
 2548   2025    191     18
 2538   1987    191     92
 2590   2333    191      8
 2666   2328    191     34
 2667   2394    191     47
 2667   2432    191     75
 2666   2470    191     78
 2666   2508    191     63
 2665   2550    191      5
 2665   2586    191     78
 2666   2626    191     53
 2549   2393    191     60
 2548   2431    191      3
 2549   2473    191     27
 2548   2512    191     28
 2546   2548    191     21
 2550   2591    191      8
 2548   2627    191     68
 2687   2716    191     86
 2686   2868    191     98
 2647   2711    191     65
 2645   2866    191     45
 2643   2906    191     47
 2645   2984    191     95
 2604   2905    191     14
 2605   3109    191     76
 2605   3136    191     57
 2606   3290    191     80
 2606   3333    191     34
 2606   3368    191     10
 2604   3410    191     20
 2568   3037    191     82
 2568   3079    191     98
 2568   3119    191     35
 2567   3157    191      8
 2566   3195    191     55
 2567   3234    191      7
 2568   3274    191     64
 2566   3310    191     87
 2568   3350    191     11
 2566   3386    191     57
 2567   3428    191     49
 2568   3466    191     38
 2352     89    191     95
 2348    125    191     11
 2349    168    191     85
 2349    208    191     40
 2350    244    191     75
 2349    286    191     21
 2350    322    191     48
 2400    333    191     49
 2466    323    191     54
 2406    207    191     15
 2378    168    191     62
 2417    130    191     52
 2397     70    191     62
 2468    283    191     41
 2467    242    191     70
 2494    245    191      7
 2467    208    191     77
 2462    168    191     59
 2465    129    191     86
 2465     90    191     52
 2421    383    191     38
 2377    449    191     78
 2458    392    191     14
 2468    467    191     75
 2507    561    191     36
 2351    534    191     22
 2352    574    191     35
 2350    614    191     54
 2350    652    191     47
 2352    691    191     13
 2350    727    191     88
 2351    768    191     43
 2467    765    191     84
 2466    729    191     88
 2466    692    191     66
 2466    649    191     49
 2466    613    191     66
 2466    574    191     64
 2467    540    191     24
 2513    572    191     34
 2350    827    191     67
 2418    836    191     15
 2438    875    191     18
 2475    833    191     75
 2495    941    191     21
 2388    942    191     69
 2348    940    191     54
 2475   1008    191     14
 2466   1038    191     76
 2351   1040    191     21
 2350   1075    191      3
 2349   1114    191     46
 2347   1152    191     75
 2349   1192    191     96
 2349   1232    191     65
 2348   1270    191      1
 2348   1307    191     46
 2388   1209    191     50
 2408   1116    191     57
 2468   1310    191     99
 2466   1269    191     63
 2465   1232    191     15
 2484   1212    191     25
 2465   1190    191     93
 2465   1158    191     12
 2462   1112    191      9
 2466   1075    191     37
 2367   1354    191     28
 2380   1433    191     76
 2338   1452    191     51
 2415   1482    191     47
 2436   1431    191     42
 2425   1394    191     45
 2426   1358    191     74
 2465   1471    191     76
 2473   1373    191     52
 2321   1522    191     80
 2320   1557    191     23
 2320   1598    191     82
 2318   1638    191     89
 2320   1673    191     55
 2321   1717    191     59
 2322   1755    191     69
 2321   1794    191      9
 2321   1832    191      7
 2322   1872    191     37
 2349   1831    191     23
 2377   1870    191     25
 2378   1830    191      2
 2378   1789    191      9
 2378   1752    191     53
 2378   1714    191     37
 2377   1679    191     10
 2376   1637    191     42
 2378   1597    191     84
 2378   1558    191     92
 2380   1524    191     76
 2525   1880    191     10
 2493   1868    191     75
 2495   1830    191     16
 2493   1791    191     75
 2492   1753    191     65
 2493   1714    191     74
 2491   1676    191     17
 2492   1634    191     40
 2493   1601    191     82
 2494   1559    191     84
 2494   1349    191     46
 2378   2022    191      2
 2379   2059    191     33
 2377   2099    191     17
 2379   2137    191     97
 2377   2177    191     93
 2379   2218    191      1
 2379   2254    191      3
 2454   2041    191     43
 2474   1953    191     64
 2495   2288    191     86
 2493   2255    191     96
 2494   2218    191     32
 2491   2176    191     90
 2492   2138    191     69
 2493   2100    191     96
 2493   2061    191     17
 2495   2022    191     38
 2377   2388    191     11
 2378   2425    191     24
 2377   2468    191     91
 2376   2501    191     42
 2377   2547    191     79
 2379   2586    191     14
 2378   2624    191     11
 2378   2663    191     97
 2406   2428    191     95
 2437   2505    191     60
 2448   2624    191     54
 2495   2665    191     43
 2495   2623    191     89
 2495   2585    191     75
 2493   2547    191     54
 2493   2506    191     49
 2495   2468    191     69
 2494   2429    191     16
 2494   2391    191     78
 2379   2749    191     81
 2377   2786    191     31
 2377   2825    191     49
 2375   2865    191     45
 2378   2903    191     44
 2376   2943    191     34
 2377   2981    191     57
 2446   2769    191     22
 2436   2729    191     43
 2529   2979    191     24
 2515   3013    191     77
 2494   2982    191     15
 2491   2942    191     82
 2491   2902    191     40
 2492   2865    191     73
 2492   2825    191     24
 2493   2786    191     27
 2493   2748    191     28
 2531   2827    191     70
 2531   2787    191     10
 2530   2710    191     96
 2376   3057    191     67
 2376   3095    191     61
 2376   3136    191     90
 2378   3175    191     60
 2377   3212    191     34
 2377   3251    191     97
 2375   3288    191     67
 2377   3328    191     72
 2378   3368    191      6
 2376   3408    191     77
 2424   3426    191     87
 2454   3444    191     57
 2494   3403    191     21
 2495   3368    191     96
 2493   3326    191     79
 2492   3286    191     65
 2493   3248    191     77
 2493   3210    191     45
 2493   3170    191     74
 2492   3127    191      1
 2494   3095    191     22
 2495   3059    191      5
 2390   3550    191     38
 2385   3695    191     73
 2504   3813    191     27
 2268   3813    191     92
 2150     91    191    100
 2150    129    191     51
 2149    165    191     89
 2147    209    191     10
 2149    244    191     40
 2147    282    191     57
 2149    323    191     15
 2179    243    191     38
 2191     66    191     13
 2228     76    191     37
 2227    108    191     10
 2218    303    191     52
 2240    341    191     74
 2267    325    191     78
 2268    282    191     57
 2326    306    191     28
 2267    243    191     93
 2302    223    191     95
 2265    203    191     32
 2305    188    191     23
 2264    167    191     36
 2267    127    191     40
 2265     87    191     19
 2303     72    191      5
 2111    428    191     81
 2111    466    191     48
 2187    426    191     33
 2246    486    191      7
 2266    464    191     91
 2317    468    191     37
 2229    406    191     35
 2150    534    191     12
 2149    573    191     14
 2147    611    191     82
 2144    651    191     19
 2150    691    191     18
 2148    728    191     27
 2148    848    191     89
 2128    807    191     42
 2178    611    191     47
 2188    642    191     54
 2225    515    191     28
 2225    555    191     27
 2233    728    191     59
 2303    767    191     95
 2267    767    191     73
 2266    730    191     72
 2303    709    191     32
 2265    689    191     80
 2312    650    191     85
 2266    651    191     78
 2267    615    191     54
 2262    571    191     74
 2266    534    191      9
 2130    803    191     33
 2167    848    191     76
 2245    843    191     51
 2286    885    191     12
 2167    921    191     15
 2136    939    191     59
 2149   1031    191     74
 2148   1063    191     20
 2147   1107    191     36
 2149   1143    191     30
 2145   1183    191     36
 2146   1219    191     60
 2146   1261    191     25
 2148   1300    191     99
 2148   1333    191     24
 2146   1377    191     26
 2195   1378    191     92
 2193   1221    191     82
 2206   1181    191     62
 2186   1142    191     63
 2206   1106    191     59
 2224   1066    191     19
 2265   1375    191     46
 2265   1339    191     87
 2261   1296    191      9
 2263   1260    191     53
 2264   1220    191      8
 2291   1221    191     53
 2263   1182    191     33
 2281   1164    191      2
 2264   1143    191     74
 2263   1104    191     37
 2261   1065    191     30
 2261   1026    191     38
 2253   1463    191     35
 2173   1462    191     29
 2146   1520    191     50
 2145   1558    191     90
 2147   1597    191     18
 2146   1635    191    100
 2144   1677    191      6
 2147   1716    191     45
 2145   1753    191     55
 2144   1793    191     68
 2147   1831    191      7
 2146   1870    191      4
 2204   1868    191     50
 2206   1830    191     97
 2205   1789    191     13
 2206   1753    191     38
 2205   1714    191     29
 2202   1673    191     51
 2204   1635    191     29
 2204   1596    191     22
 2203   1557    191      6
 2203   1521    191     73
 2251   1813    191     30
 2240   1558    191     24
 2252   1521    191     88
 2308   1966    191     40
 2310   1927    191     20
 2261   1922    191     99
 2194   1921    191     59
 2134   1951    191     14
 2148   2080    191     93
 2146   2122    191     68
 2143   2161    191     34
 2144   2200    191     74
 2148   2240    191     72
 2146   2278    191     79
 2145   2316    191     52
 2145   2354    191     11
 2146   2393    191     25
 2146   2434    191     22
 2186   2136    191     66
 2244   2450    191     36
 2204   2430    191     85
 2203   2391    191     74
 2204   2273    191     51
 2205   2314    191     90
 2199   2273    191     57
 2204   2239    191     44
 2230   2254    191     62
 2205   2197    191     77
 2203   2158    191     17
 2205   2602    191      4
 2205   2083    191     52
 2241   2062    191     48
 2204   2043    191      1
 2203   2014    191     12
 2254   2026    191     77
 2328   2024    191     95
 2319   2080    191     24
 2319   2122    191     20
 2318   2165    191      3
 2287   2169    191     57
 2319   2202    191     48
 2290   2230    191     81
 2319   2238    191     96
 2319   2277    191     73
 2291   2297    191      8
 2320   2316    191     91
 2321   2355    191     68
 2319   2396    191     14
 2319   2430    191     82
 2348   2396    191     28
 2167   2537    191     54
 2164   2576    191     31
 2163   2624    191     36
 2136   2641    191     96
 2115   2584    191     40
 2107   2661    191     17
 2106   2701    191     85
 2107   2740    191     30
 2105   2775    191     82
 2106   2819    191     63
 2104   2855    191     59
 2105   2894    191     56
 2105   2933    191     24
 2106   2992    191     50
 2175   3029    191     30
 2222   2990    191     18
 2187   2932    191     42
 2183   2893    191     72
 2185   2853    191     43
 2209   2813    191     33
 2186   2814    191     87
 2182   2778    191     10
 2185   2738    191     55
 2184   2700    191     54
 2183   2661    191     48
 2212   2699    191     89
 2252   2739    191      3
 2300   2991    191     73
 2300   2964    191     86
 2301   2933    191     65
 2301   2896    191    100
 2298   2854    191     31
 2299   2816    191     75
 2297   2776    191     32
 2296   2738    191     54
 2299   2700    191     10
 2300   2660    191     93
 2337   2703    191     86
 2336   2663    191     60
 2338   2620    191     60
 2290   2585    191     25
 2106   3087    191     14
 2075   3104    191     11
 2108   3123    191     50
 2107   3165    191     57
 2105   3201    191     16
 2107   3242    191     59
 2106   3277    191     77
 2103   3318    191     68
 2106   3359    191     76
 2106   3416    191      7
 2185   3356    191     87
 2185   3319    191     82
 2184   3277    191      9
 2181   3242    191     12
 2184   3201    191     39
 2184   3163    191     32
 2183   3122    191     93
 2182   3081    191     23
 2222   3222    191     26
 2279   3184    191     25
 2328   3077    191      9
 2298   3084    191     43
 2299   3125    191     68
 2298   3165    191      5
 2296   3205    191     61
 2299   3239    191     29
 2295   3280    191      9
 2300   3324    191     13
 2299   3355    191     61
 2339   3260    191     50
 2327   3416    191     33
 2062   3604    191      3
 2106   3606    191     74
 2167   3618    191     54
 2106   3643    191     47
 2104   3684    191     20
 2105   3723    191      2
 2105   3764    191     37
 2103   3801    191     58
 2106   3841    191     87
 2106   3884    191     79
 2166   3850    191     27
 2096     71    191     81
 2097    227    191     93
 2058     86    191     82
 2061    131    191     93
 2060    170    191     14
 2058    209    191      1
 2058    248    191      3
 2057    285    191     94
 2058    328    191     33
 1991    187    191      2
 1979    325    191     84
 1937     53    191     11
 1942     90    191     42
 1944    130    191     95
 1943    167    191     17
 1942    209    191     68
 1941    246    191     69
 1941    285    191     37
 1939    325    191     34
 2037    410    191     63
 2010    488    191     81
 2062    538    191     11
 2060    574    191     31
 2059    615    191     86
 2059    651    191     86
 2060    691    191     45
 2059    732    191     96
 2059    772    191     89
 2050    812    191    100
 1989    733    191      7
 1990    576    191     69
 1941    536    191     39
 1942    572    191     68
 1944    614    191     88
 1943    654    191     48
 1943    693    191     72
 1943    729    191     33
 1941    771    191     90
 1951    896    191     45
 2058    981    191     59
 2070   1031    191     94
 2069   1069    191     28
 2067   1107    191     23
 2068   1142    191     48
 2068   1182    191     26
 2068   1223    191     82
 2068   1259    191     39
 2074   1299    191     99
 2107   1327    191     13
 2067   1365    191     33
 2028   1318    191     88
 2038   1281    191     11
 2021   1243    191     73
 2000   1205    191     90
 1951   1257    191     81
 1950   1223    191     33
 1951   1183    191     64
 1951   1146    191     23
 1950   1111    191     42
 1950   1068    191     38
 1954   1028    191     39
 1954    972    191     19
 1951    893    191     74
 1971   1087    191     67
 2009   1032    191     47
 1893   1348    191     63
 1912   1409    191     25
 1941   1427    191     67
 2009   1433    191     12
 2000   1387    191     13
 2028   1526    191     53
 2029   1561    191     54
 2029   1599    191     62
 2029   1638    191     12
 2029   1680    191     50
 2028   1719    191     99
 2029   1755    191     55
 2028   1795    191     78
 2028   1833    191     76
 2029   1872    191     42
 2076   1813    191     89
 2097   1853    191     92
 2048   1950    191     69
 2018   1930    191     47
 1971   1521    191      9
 1971   1560    191     63
 1971   1600    191     64
 1970   1643    191     71
 1969   1677    191     56
 1971   1717    191     79
 1970   1754    191     12
 1969   1795    191     16
 1967   1351    191     84
 1969   1871    191     28
 2065   2026    191     66
 2107   2095    191     92
 2085   2141    191      6
 2095   2229    191     13
 2112   2317    191     84
 2009   2024    191     97
 2030   2084    191     70
 2029   2123    191     67
 2029   2162    191      5
 2028   2202    191     99
 2028   2239    191      9
 2029   2275    191     62
 2027   2317    191     17
 2027   2354    191     46
 2027   2393    191     74
 2028   2433    191     78
 1971   2082    191     89
 1970   2120    191     38
 1970   2161    191     90
 1972   2201    191     12
 1970   2239    191     80
 1969   2278    191     26
 1971   2317    191     59
 1970   2355    191     32
 1970   2392    191     96
 1969   2433    191     66
 1970   2469    191     27
 1949   2553    191     37
 2009   2576    191      2
 2009   2622    191     96
 2029   2665    191     75
 1982   2663    191     86
 1986   2707    191     56
 1988   2743    191     12
 1988   2777    191     18
 1989   2818    191     63
 1988   2857    191     24
 1988   2893    191     23
 1988   2934    191     95
 1912   2664    191     60
 1912   2703    191     86
 1911   2738    191      6
 1911   2779    191     22
 1913   2817    191     46
 1911   2858    191     99
 1912   2895    191     15
 1910   2932    191     86
 2026   2992    191     23
 1929   3049    191     12
 1990   3088    191     46
 1990   3125    191     31
 1989   3165    191     46
 1988   3203    191     80
 1990   3244    191     44
 1986   3280    191     61
 1989   3317    191     10
 1989   3357    191    100
 1989   3419    191     75
 2036   3318    191     88
 2045   3389    191     12
 1911   3416    191     68
 1909   3357    191     84
 1911   3318    191     18
 1911   3278    191     88
 1911   3240    191     70
 1911   3201    191     53
 1910   3165    191     35
 1912   3124    191      1
 1912   3086    191     39
 1930   3049    191     39
 2028   2992    191     40
 1988   3606    191     47
 1988   3646    191     97
 1989   3685    191      8
 1986   3724    191     37
 1986   3766    191     31
 1987   3803    191     66
 1986   3841    191     65
 1984   3880    191      3
 2015   3802    191      1
 2036   3841    191     90
 2015   3881    191     86
 1949   3605    191     41
 1949   3647    191     49
 1949   3811    191     95
 1949   3888    191      1
 1890   3540    191     19
 1911   3570    191     28
 1911   3608    191     14
 1910   3649    191      7
 1910   3686    191      3
 1911   3726    191     22
 1911   3760    191     26
 1911   3802    191     62
 1911   3841    191     92
 1911   3880    191     15
 1893   3820    191      7
 1870   3782    191     58
 1884     90    191     31
 1886    245    191     78
 1896    365    191     79
 1846     91    191     19
 1848    132    191     61
 1846    168    191     97
 1848    211    191     72
 1848    249    191     60
 1848    286    191     15
 1850    327    191     82
 1789     73    191     49
 1781    128    191     64
 1809    182    191     66
 1819    214    191     47
 1770    360    191     43
 1761    449    191     62
 1808    453    191      3
 1837    438    191      3
 1903    516    191     35
 1857    540    191     69
 1855    576    191     40
 1855    615    191     28
 1854    652    191     13
 1886    697    191     61
 1859    694    191     57
 1856    734    191     76
 1825    731    191     51
 1856    770    191     49
 1913    770    191     38
 1894    829    191     91
 1845    826    191      7
 1847    904    191     27
 1863    981    191     65
 1866   1020    191     11
 1866   1055    191     22
 1866   1099    191     34
 1865   1137    191     48
 1868   1174    191     26
 1866   1215    191     96
 1866   1251    191      2
 1866   1292    191     27
 1863   1329    191     23
 1864   1369    191    100
 1862   1402    191     85
 1836   1214    191     23
 1749    979    191     42
 1749   1018    191     67
 1750   1059    191     70
 1749   1098    191     17
 1749   1138    191     89
 1748   1175    191     46
 1748   1213    191     25
 1750   1250    191     97
 1749   1293    191     67
 1717   1291    191     48
 1749   1330    191     57
 1750   1371    191     50
 1751   1409    191     17
 1697   1389    191     13
 1920   1563    191     69
 1933   1642    191     70
 1892   1636    191     87
 1913   1787    191     89
 1854   1523    191     17
 1856   1562    191     10
 1855   1600    191     44
 1853   1641    191     38
 1855   1678    191     32
 1855   1717    191     24
 1856   1756    191     97
 1855   1794    191     93
 1852   1834    191      2
 1853   1952    191     65
 1930   2024    191     81
 1929   2236    191     34
 1942   2277    191     35
 1921   2314    191     80
 1923   2382    191     18
 1932   2430    191     70
 1884   2451    191     58
 1853   2023    191     32
 1855   2083    191     18
 1856   2123    191     22
 1854   2160    191     51
 1854   2201    191     97
 1855   2236    191     13
 1853   2277    191     53
 1856   2317    191     39
 1855   2356    191     28
 1855   2394    191     19
 1852   2431    191      2
 1911   2528    191     18
 1871   2526    191     32
 1854   2645    191     57
 1851   2990    191     15
 1832   3298    191     70
 1832   3339    191     61
 1692     32    191     20
 1732     91    191     88
 1733    127    191     65
 1710    233    191     82
 1735    170    191     87
 1731    209    191     95
 1731    251    191     80
 1731    288    191     42
 1731    325    191     41
 1681    213    191     25
 1682    249    191     65
 1645     91    191     56
 1645    129    191     46
 1643    167    191    100
 1642    208    191     67
 1643    249    191     83
 1643    285    191     32
 1641    322    191     60
 1732    449    191     69
 1652    450    191     84
 1736    537    191     49
 1741    575    191     62
 1741    614    191      4
 1741    658    191     98
 1710    655    191     15
 1740    692    191      8
 1741    730    191     32
 1742    766    191     39
 1651    534    191     98
 1652    575    191     87
 1652    614    191     20
 1651    653    191     59
 1653    692    191     44
 1654    730    191     65
 1651    770    191     90
 1650    856    191     48
 1785   2005    191     84
 1788   2045    191     14
 1787   2085    191     77
 1788   2120    191     82
 1788   2160    191     55
 1786   2200    191     71
 1786   2238    191     97
 1787   2274    191     60
 1787   2316    191     52
 1758   2317    191     49
 1788   2355    191     20
 1757   2374    191     59
 1789   2368    191    100
 1785   2431    191     76
 1777   2471    191      6
 1727   1947    191     67
 1730   1986    191     40
 1706   2082    191     60
 1709   2429    191     71
 1668   2003    191     77
 1668   2044    191     73
 1668   2083    191      9
 1669   2121    191     52
 1669   2161    191      3
 1670   2200    191     57
 1670   2237    191     50
 1669   2274    191     54
 1669   2317    191     34
 1669   2356    191     20
 1669   2391    191     15
 1666   2430    191     69
 1797   2529    191     50
 1745   2568    191     27
 1680   2515    191      2
 1630   2530    191     56
 1796   2665    191     32
 1795   2703    191     71
 1798   2742    191     33
 1797   2778    191     55
 1796   2816    191     78
 1797   2857    191     69
 1795   2892    191     49
 1797   2934    191      1
 1736   2719    191     27
 1739   2779    191     57
 1728   2859    191     51
 1729   2913    191     26
 1736   2963    191     25
 1697   2664    191     62
 1699   2702    191     36
 1701   2742    191     83
 1699   2778    191      3
 1699   2816    191     56
 1699   2856    191     11
 1698   2894    191     21
 1695   2937    191     41
 1795   3088    191     60
 1795   3129    191     97
 1797   3163    191     48
 1797   3203    191     66
 1796   3243    191     47
 1795   3277    191     11
 1795   3320    191     36
 1796   3358    191     15
 1717   3020    191     65
 1739   3184    191     54
 1696   3041    191      5
 1699   3069    191     88
 1700   3109    191    100
 1700   3143    191     96
 1699   3183    191     37
 1701   3223    191     90
 1699   3260    191     16
 1678   3280    191     12
 1700   3302    191     46
 1701   3339    191     44
 1698   3379    191      1
 1697   3418    191     19
 1794   3571    191     98
 1795   3609    191      3
 1796   3647    191     39
 1795   3686    191     88
 1795   3726    191      2
 1795   3764    191     64
 1794   3802    191     89
 1795   3840    191     44
 1796   3881    191     23
 1697   3568    191      4
 1698   3605    191     48
 1698   3649    191     54
 1698   3685    191     66
 1699   3723    191     50
 1696   3765    191     22
 1699   3798    191     57
 1697   3847    191     98
 1695   3877    191     39
 1705   3918    191     62
 1443     88    191      8
 1442    127    191     64
 1440    167    191     63
 1441    204    191     82
 1442    242    191     70
 1442    282    191     81
 1440    321    191     47
 1482    302    191     87
 1480    262    191     90
 1481    223    191     16
 1477     68    191     13
 1529     86    191     61
 1528    126    191     45
 1531    167    191     33
 1526    204    191     80
 1530    245    191     74
 1528    283    191     61
 1530    323    191     48
 1548    366    191     67
 1564    331    191     63
 1415    458    191     33
 1402    574    191     82
 1412    610    191     41
 1453    455    191      4
 1452    492    191     66
 1452    534    191     97
 1453    572    191      2
 1451    612    191      5
 1451    652    191      9
 1454    687    191     32
 1453    731    191     87
 1451    765    191     29
 1452    805    191     79
 1452    844    191     29
 1452    880    191     88
 1542    891    191     59
 1537    809    191     60
 1540    767    191     93
 1542    727    191      1
 1615    765    191     27
 1576    708    191     78
 1539    689    191     89
 1533    647    191     95
 1540    610    191     29
 1539    573    191     85
 1538    534    191     42
 1518    455    191     36
 1412   1054    191     52
 1432   1073    191     75
 1452   1056    191     59
 1449   1093    191    100
 1450   1132    191     32
 1449   1172    191     94
 1454   1210    191     58
 1452   1252    191     39
 1452   1289    191     98
 1451   1324    191     81
 1450   1366    191     80
 1452   1406    191     87
 1509   1206    191     52
 1529   1291    191     55
 1570   1055    191     20
 1570   1092    191     22
 1567   1131    191     23
 1567   1171    191     22
 1566   1209    191     84
 1567   1251    191     48
 1566   1290    191     97
 1567   1322    191     94
 1565   1370    191     55
 1567   1405    191     37
 1586   1232    191     60
 1605   1190    191     50
 1663   1171    191     71
 1660   1089    191     61
 1663   1056    191     92
 1598   1995    191     86
 1490   2080    191     79
 1490   2121    191     56
 1487   2157    191     36
 1487   2198    191     22
 1489   2235    191     33
 1487   2274    191      8
 1489   2314    191     46
 1487   2351    191     71
 1492   2393    191     84
 1488   2429    191     51
 1517   2196    191     76
 1557   2215    191     59
 1556   2078    191     78
 1602   2079    191     88
 1604   2118    191     18
 1604   2074    191     39
 1605   2199    191     52
 1601   2237    191     45
 1604   2272    191     16
 1603   2316    191     39
 1604   2355    191     70
 1604   2391    191     42
 1603   2427    191     97
 1477   2491    191     97
 1458   2546    191     18
 1468   2613    191     11
 1494   2552    191     53
 1548   2553    191     84
 1594   2544    191     17
 1605   2494    191      3
 1488   2659    191     71
 1486   2703    191     94
 1488   2735    191     68
 1488   2776    191     56
 1457   2775    191      7
 1489   2813    191     74
 1488   2855    191     20
 1457   2890    191     83
 1488   2893    191     86
 1487   2932    191     33
 1544   2775    191     98
 1547   2699    191     96
 1535   2668    191     30
 1583   2660    191      4
 1585   2701    191     14
 1585   2738    191     74
 1584   2777    191     20
 1586   2815    191    100
 1581   2852    191     86
 1586   2894    191     23
 1583   2933    191     60
 1485   3010    191     36
 1439   3046    191     50
 1448   3124    191     86
 1488   3085    191     19
 1493   3124    191     15
 1489   3162    191     75
 1485   3201    191     73
 1492   3244    191     27
 1487   3279    191     74
 1490   3316    191      7
 1488   3357    191     34
 1583   3065    191     14
 1624   3107    191     40
 1588   3102    191     39
 1585   3146    191     19
 1583   3182    191     53
 1601   3205    191     11
 1584   3223    191     26
 1584   3258    191     31
 1584   3300    191     95
 1586   3341    191     74
 1582   3373    191     42
 1584   3417    191     98
 1613   3420    191     69
 1632   3435    191     60
 1640   3473    191     25
 1671   3463    191     96
 1499   3493    191     37
 1487   3528    191     68
 1488   3570    191     56
 1486   3596    191     89
 1487   3643    191     50
 1487   3685    191     67
 1487   3722    191     72
 1488   3763    191     53
 1487   3800    191     90
 1488   3841    191     57
 1488   3878    191     52
 1547   3703    191     18
 1543   3742    191     77
 1582   3572    191     82
 1583   3604    191     78
 1584   3648    191     13
 1584   3686    191      1
 1580   3722    191     84
 1584   3764    191     57
 1583   3801    191     61
 1584   3842    191     82
 1586   3878    191     57
 1624   3861    191     46
 1633   3901    191     18
 1661   3889    191     14
 1622   3648    191     82
 1631   3607    191     67
 1651   3568    191     78
 1187    114    191     81
 1225     83    191     47
 1253     91    191     76
 1283     86    191     58
 1251    128    191     51
 1249    163    191     34
 1252    206    191     65
 1230    225    191     46
 1250    245    191     35
 1287    243    191     58
 1254    283    191     76
 1254    324    191     94
 1292    324    191     99
 1319     48    191     22
 1329     83    191     51
 1327    126    191     31
 1329    166    191     49
 1329    204    191     53
 1330    244    191     52
 1329    284    191     53
 1329    321    191      7
 1396     68    191     81
 1417    128    191     99
 1415    167    191     39
 1405    211    191      9
 1366    265    191     76
 1376    333    191     65
 1415    327    191     88
 1260    533    191     83
 1260    571    191      3
 1258    610    191     58
 1259    648    191     96
 1257    689    191     66
 1259    727    191     97
 1259    765    191     16
 1258    804    191     81
 1258    864    191    100
 1297    611    191     45
 1298    574    191     58
 1298    531    191     30
 1339    453    191     71
 1337    493    191     46
 1334    533    191     23
 1335    573    191     82
 1336    612    191     33
 1336    650    191      8
 1336    689    191     47
 1337    733    191     38
 1336    768    191     33
 1335    803    191     40
 1335    844    191     75
 1333    885    191     17
 1384    806    191      4
 1279    990    191     41
 1279   1062    191      8
 1236   1135    191     72
 1239   1174    191      3
 1238   1210    191     44
 1239   1250    191     17
 1239   1288    191      4
 1239   1329    191      1
 1238   1364    191     80
 1238   1408    191     73
 1208   1406    191      6
 1238   1444    191     39
 1277   1193    191     49
 1315   1152    191     20
 1296   1319    191     37
 1357   1068    191     56
 1356   1130    191     79
 1356   1172    191     45
 1401    976    191     14
 1395   1192    191     97
 1359   1214    191     79
 1375   1231    191     95
 1357   1251    191     36
 1354   1288    191     10
 1353   1326    191     30
 1357   1368    191     48
 1356   1406    191     99
 1051     88    191     33
 1047    125    191     69
 1049    170    191     14
 1044    206    191     18
 1046    246    191     34
 1048    280    191     38
 1046    322    191     68
 1099    334    191     80
 1106    127    191      7
 1096     95    191     44
 1136     86    191    100
 1134    128    191     15
 1132    162    191     69
 1134    204    191      9
 1135    247    191     46
 1135    280    191     71
 1136    322    191     29
 1153    387    191     53
 1182    339    191     48
 1232    395    191     80
 1036    456    191     20
 1090    425    191     70
 1162    465    191     48
 1233    507    191      1
 1047    534    191     34
 1049    572    191     46
 1045    608    191     30
 1046    650    191     33
 1046    689    191     40
 1046    730    191     36
 1044    763    191     38
 1048    805    191     73
 1047    847    191      3
 1047    887    191     77
 1105    805    191     25
 1092    764    191     55
 1074    727    191     91
 1087    613    191      2
 1086    533    191     68
 1128    633    191     20
 1142    529    191     15
 1144    573    191      6
 1142    610    191     93
 1143    650    191     83
 1146    690    191     47
 1142    729    191     82
 1141    768    191     76
 1142    804    191     16
 1185    592    191     44
 1221    648    191     68
 1218    861    191     84
 1183    863    191     89
 1094    900    191     60
 1085    928    191     44
 1029    942    191     90
 1027    998    191     32
 1144   1009    191     13
 1174    996    191     77
 1202   1000    191     55
 1174    942    191     28
  998   1066    191     35
  998   1104    191     29
  995   1145    191     42
  999   1181    191     20
  997   1222    191     41
  996   1261    191     12
  997   1298    191     52
  998   1339    191     12
  996   1393    191     76
 1055   1431    191     23
 1093   1452    191      2
 1095   1424    191     84
 1055   1400    191     33
 1054   1363    191     65
 1083   1384    191     68
 1094   1355    191     63
 1053   1325    191     27
 1053   1284    191     50
 1056   1249    191      7
 1058   1210    191     71
 1057   1172    191     72
 1058   1136    191     93
 1059   1092    191    100
 1048   1056    191     17
 1078   1154    191     36
 1102   1171    191     23
 1171   1055    191     71
 1173   1093    191     82
 1172   1135    191     80
 1137   1134    191     13
 1174   1179    191     18
 1172   1212    191     30
 1170   1251    191     37
 1152   1270    191     75
 1172   1292    191     50
 1172   1330    191     69
 1171   1368    191     24
 1170   1408    191     62
  784     30    191     96
  806    107    191     54
  842     85    191     48
  844    130    191     86
  843    166    191     68
  844    206    191     95
  843    245    191     13
  845    282    191     32
  843    322    191     17
  843    361    191     85
  882    166    191     32
  884     88    191     59
  930     85    191     83
  933    127    191     96
  932    163    191     48
  931    205    191     74
  931    246    191     57
  904    264    191     42
  929    286    191     76
  933    321    191     52
  930    370    191     55
  991    165    191     92
  826    440    191     29
  965    459    191      6
  581     79    191     56
  642     90    191     34
  642    128    191     16
  637    164    191     28
  642    208    191     64
  641    248    191     51
  641    285    191     11
  642    323    191     59
  640    361    191     75
  671    360    191     69
  681    164    191     65
  680     84    191     32
  710    437    191      5
  730    359    191     45
  732    321    191     89
  767    323    191     97
  726    287    191     89
  727    244    191     69
  726    117    191     15
  729    166    191     11
  729    130    191     56
  728     86    191     90
  805    594    191     21
  782    653    191     97
  842    631    191     70
  855    706    191     60
  872    799    191     99
  845    826    191     72
  843    864    191     87
  890    848    191     37
  889    883    191     33
  950    919    191     16
  932    883    191     27
  929    846    191     80
  930    804    191      4
  925    765    191     42
  933    726    191     19
  928    689    191     63
  958    690    191     75
  932    651    191     47
  929    612    191      3
  931    570    191     24
  929    535    191     81
 1001    514    191     63
  573    325    191     89
  611    474    191     95
  610    503    191      7
  601    575    191     58
  654    571    191     86
  640    648    191     51
  642    688    191     23
  638    728    191     68
  640    766    191     51
  641    805    191     49
  640    842    191     54
  641    883    191     91
  689    890    191     43
  689    843    191     14
  688    804    191     25
  729    863    191     45
  727    628    191     41
  896   1027    191     30
  881    971    191     11
  823    961    191     10
  746    958    191     45
  602    953    191      1
  599   1009    191     35
  828   1065    191     55
  803   1085    191     91
  824   1104    191     68
  825   1144    191      4
  823   1181    191     74
  823   1222    191     11
  825   1261    191      7
  821   1298    191     12
  822   1356    191      8
  843   1399    191     68
  882   1336    191     72
  881   1296    191     60
  882   1263    191     88
  880   1215    191     66
  880   1178    191     21
  882   1143    191      6
  882   1102    191     20
  879   1065    191     63
  750   1088    191     74
  753   1216    191     24
  754   1258    191     97
  773   1307    191      4
  747   1358    191      1
  710   1301    191     40
  709   1261    191     64
  707   1223    191     71
  706   1181    191     14
  707   1146    191     64
  704   1102    191     70
  708   1067    191     81
  638   1105    191      9
  639   1145    191     35
  641   1179    191      5
  637   1222    191     97
  638   1256    191     35
  639   1298    191     61
  640   1337    191     68
  640   1375    191     51
  641   1415    191     22
  602   1394    191     43
  638   1455    191     87
 1796   1505    191     94
 1756   1494    191     73
 1717   1484    191     23
 1679   1484    191     71
 1631   1473    191     76
 1533   1492    191     12
 1051   1481    191     38
 1002   1482    191     80
  811   1481    191     24
 1758   1524    191     96
 1719   1525    191     87
 1678   1524    191     61
 1640   1525    191     65
 1601   1522    191     31
 1563   1524    191     22
 1523   1524    191     13
 1485   1521    191    100
 1448   1524    191     69
 1408   1523    191     40
 1370   1524    191     15
 1332   1523    191     23
 1292   1524    191     98
 1252   1523    191     65
 1215   1523    191     18
 1175   1522    191     87
 1140   1523    191     95
 1097   1524    191     28
 1060   1522    191     96
 1022   1522    191    100
  982   1521    191     59
  947   1522    191     18
  905   1521    191     80
  865   1522    191     96
  829   1522    191     93
  790   1523    191     49
  752   1520    191     68
  713   1520    191     52
  675   1521    191     18
  634   1522    191     59
  597   1521    191     57
  557   1521    191     74
 1757   1647    191     52
 1759   1687    191     79
 1739   1773    191     40
 1720   1598    191     98
 1699   1744    191      7
 1679   1696    191     80
 1660   1559    191    100
 1640   1658    191     21
 1622   1820    191     76
 1606   1548    191     66
 1563   1551    191     77
 1574   1596    191     19
 1574   1763    191     18
 1548   1832    191     76
 1488   1562    191     15
 1451   1561    191     23
 1464   1610    191     84
 1488   1715    191     63
 1410   1627    191      8
 1411   1693    191     20
 1391   1776    191     91
 1370   1594    191     77
 1361   1626    191     27
 1334   1754    191      1
 1313   1783    191     96
 1274   1560    191     74
 1178   1813    191     45
 1140   1814    191     51
 1080   1693    191     10
 1042   1706    191      7
 1004   1636    191     17
  927   1618    191     57
  928   1667    191     41
  869   1743    191     83
  871   1842    191     70
  830   1765    191     28
  811   1642    191     75
  782   1630    191     89
  752   1611    191     29
  713   1570    191     68
  716   1842    191     50
  676   1751    191     15
  676   1821    191     95
  628   1762    191     70
  611   1716    191     37
  634   1596    191     57
  598   1607    191      8
  560   1646    191     32
  560   1685    191     39
  521   1784    191     74
 1756   1869    191     90
 1717   1869    191      1
 1680   1870    191     76
 1642   1871    191     27
 1602   1871    191     92
 1564   1871    191     13
 1526   1870    191     83
 1487   1871    191      9
 1448   1873    191     47
 1409   1871    191     83
 1369   1872    191     49
 1333   1872    191     48
 1294   1872    191     21
 1253   1873    191     90
 1218   1872    191     68
 1176   1870    191     96
 1139   1869    191     59
 1100   1872    191     34
 1061   1871    191     35
 1024   1869    191     54
  983   1871    191     28
  945   1870    191     11
  904   1870    191     72
  869   1870    191     43
  829   1870    191     19
  789   1872    191     67
  751   1867    191     70
  713   1872    191     56
  674   1868    191     73
  637   1869    191     50
  596   1871    191     95
  557   1872    191     82
 1642   1902    191     40
 1563   1899    191     82
 1456   1928    191     90
 1256   1899    191     37
 1234   1936    191      3
 1144   1909    191      4
 1102   1910    191     86
 1060   1909    191     52
  984   1898    191     30
  948   1909    191     18
  883   1927    191     75
  848   1907    191     46
  769   1906    191     85
  716   1899    191     28
  674   1908    191     36
  599   1908    191     29
 1475   1984    191     27
 1428   2007    191     52
 1429   2044    191     39
 1430   2082    191     39
 1430   2122    191     84
 1429   2160    191     60
 1429   2198    191     93
 1430   2238    191     50
 1429   2277    191     75
 1428   2314    191     85
 1432   2369    191     86
 1428   2391    191     85
 1429   2427    191     38
 1425   2493    191     85
 1380   2004    191     25
 1410   2102    191     19
 1380   2239    191     64
 1409   2370    191     59
 1352   2311    191     91
 1351   2340    191     39
 1351   2410    191      8
 1313   2156    191     90
 1270   2334    191      4
 1274   2490    191     77
 1379   2550    191     90
 1343   2547    191     79
 1362   2602    191     82
 1291   2527    191     63
 1265   2560    191     89
 1286   2635    191     95
 1363   2662    191     85
 1369   2701    191     40
 1394   2722    191      2
 1371   2740    191     74
 1370   2782    191     24
 1370   2817    191     12
 1369   2857    191     79
 1409   2886    191     33
 1369   2894    191     65
 1369   2935    191     19
 1273   2933    191     97
 1272   2893    191     62
 1273   2852    191     36
 1274   2814    191     19
 1275   2780    191     31
 1272   2737    191     50
 1271   2701    191    100
 1273   2664    191     69
 1234   2963    191     80
 1272   2961    191     85
 1390   2982    191     94
 1252   3025    191     29
 1343   3049    191     18
 1372   3087    191     20
 1372   3128    191     73
 1373   3166    191     36
 1371   3201    191     67
 1372   3240    191     42
 1369   3287    191     49
 1369   3317    191     89
 1374   3358    191      5
 1328   3417    191     59
 1294   3421    191     20
 1271   3357    191     99
 1276   3318    191     88
 1274   3278    191     45
 1233   3280    191     74
 1273   3239    191     32
 1275   3199    191     20
 1273   3164    191     49
 1276   3126    191      5
 1275   3085    191     11
 1224   3184    191     63
 1194   3144    191     86
 1320   3201    191     24
 1322   3260    191     99
 1392   3504    191    100
 1423   3532    191     96
 1399   3764    191     29
 1408   3862    191     55
 1439   3890    191     46
 1370   3528    191     98
 1370   3569    191     24
 1368   3612    191     98
 1369   3646    191      3
 1371   3683    191     85
 1370   3723    191     30
 1370   3765    191     34
 1367   3801    191      8
 1368   3840    191     76
 1367   3882    191     37
 1331   3871    191     13
 1332   3792    191     61
 1312   3586    191     88
 1274   3528    191     49
 1272   3567    191     22
 1272   3606    191     33
 1272   3648    191     31
 1273   3683    191     60
 1272   3722    191     56
 1273   3764    191     38
 1274   3808    191      1
 1274   3841    191     69
 1274   3879    191      1
 1234   2182    191     94
 1248   2241    191     99
 1226   2276    191     71
 1195   2006    191     93
 1198   2043    191     89
 1199   2079    191     43
 1197   2119    191     83
 1199   2162    191     22
 1196   2200    191     63
 1198   2238    191     96
 1195   2278    191     96
 1197   2317    191     38
 1198   2357    191     25
 1196   2392    191     45
 1197   2432    191     78
 1206   2489    191     87
 1157   2003    191     75
 1157   2042    191     67
 1158   2081    191     60
 1158   2118    191     18
 1159   2162    191     48
 1156   2200    191     26
 1156   2240    191     78
 1156   2278    191     11
 1159   2315    191     93
 1157   2351    191     58
 1160   2393    191      6
 1159   2431    191      8
 1155   2472    191     27
 1161   2509    191     19
 1119   2470    191     76
 1191   2576    191     79
 1119   2573    191     18
 1194   2740    191     35
 1155   2661    191     84
 1159   2700    191     36
 1159   2738    191      2
 1160   2776    191     23
 1161   2815    191      6
 1159   2854    191     90
 1157   2892    191     12
 1163   2929    191     94
 1108   2815    191     39
 1108   2912    191     71
 1082   2758    191     74
 1062   2657    191     36
 1063   2701    191     90
 1064   2739    191     55
 1062   2776    191     67
 1063   2816    191     93
 1061   2850    191     82
 1060   2894    191     21
 1059   2933    191     16
 1176   3028    191     86
 1158   3088    191     54
 1160   3126    191     40
 1155   3166    191     99
 1158   3201    191     69
 1159   3242    191     17
 1157   3282    191     71
 1158   3320    191     69
 1158   3356    191     73
 1109   3068    191     82
 1121   3105    191     79
 1097   3206    191     44
 1064   3088    191     49
 1062   3131    191     52
 1064   3162    191     25
 1062   3203    191     67
 1061   3241    191     32
 1059   3280    191      7
 1061   3320    191     94
 1062   3357    191     11
 1213   3625    191    100
 1224   3667    191     71
 1186   3743    191     75
 1204   3783    191     28
 1157   3530    191     94
 1158   3569    191     69
 1159   3611    191     81
 1160   3645    191     59
 1153   3686    191     53
 1158   3729    191     86
 1158   3765    191     66
 1156   3801    191     72
 1157   3843    191     55
 1157   3880    191     50
 1118   3501    191     69
 1118   3794    191     29
 1118   3870    191     32
 1059   3529    191     16
 1061   3568    191     94
 1063   3607    191     78
 1062   3647    191     38
 1061   3682    191     44
 1062   3730    191     17
 1059   3763    191     50
 1061   3801    191     16
 1059   3842    191     82
 1060   3880    191     52
  954   1976    191     71
  955   2023    191     46
 1083   2026    191     66
 1073   2061    191     15
 1012   2100    191     57
 1072   2198    191      6
  981   2279    191     56
 1050   2507    191     35
  964   2624    191     65
 1005   2681    191    100
  984   2719    191     91
 1031   3009    191     54
 1004   3059    191     41
  970   3018    191     67
 1003   3426    191      4
  968   3425    191     28
  928   2006    191     51
  928   2048    191     89
  928   2081    191     12
  927   2122    191     72
  927   2159    191     65
  928   2200    191     36
  925   2241    191     80
  927   2276    191     25
  926   2317    191     56
  928   2354    191     26
  926   2391    191     85
  929   2429    191     91
  926   2469    191     29
  924   2508    191      3
  886   2003    191     98
  889   2045    191      8
  888   2083    191     96
  888   2120    191      6
  889   2159    191     25
  887   2201    191     17
  886   2241    191     90
  890   2276    191     65
  886   2315    191     45
  888   2353    191     26
  888   2392    191     47
  886   2430    191     32
  887   2468    191     65
  889   2509    191     46
  910   2588    191      8
  947   2662    191     11
  869   2633    191     89
  947   2659    191     49
  946   2700    191     47
  946   2740    191     52
  946   2777    191     20
  947   2815    191     31
  945   2856    191     37
  947   2894    191     55
  944   2932    191     68
  847   2929    191     35
  848   2891    191     32
  850   2854    191     89
  847   2813    191     66
  848   2775    191     43
  847   2736    191     81
  849   2699    191     27
  849   2665    191     82
  863   2987    191     14
  867   3019    191     16
  944   3021    191     63
  941   3088    191     67
  944   3127    191      8
  945   3160    191     58
  945   3203    191     11
  943   3242    191     74
  945   3275    191     58
  946   3321    191      3
  945   3359    191     48
  849   3087    191     30
  849   3125    191      4
  850   3162    191     63
  848   3202    191     18
  850   3242    191     40
  850   3283    191     27
  853   3319    191     46
  938   3441    191     13
  910   3440    191     21
  943   3530    191     15
  947   3570    191     47
  943   3609    191     59
  946   3647    191     57
  947   3683    191      1
  947   3725    191     63
  947   3761    191     20
  946   3803    191     10
  946   3843    191     29
  946   3883    191     50
  904   3703    191     34
  928   3742    191     55
  904   3793    191     22
  895   3834    191     97
  897   3859    191      1
  867   3522    191      1
  848   3607    191     43
  848   3647    191     53
  849   3683    191     74
  848   3727    191     60
  852   3757    191     65
  850   3800    191     85
  849   3841    191     39
  850   3878    191     99
  826   3821    191     25
  811   3858    191     55
  694   1955    191     70
  824   1976    191     46
  804   2041    191     98
  793   2081    191     30
  762   2117    191     10
  803   2142    191     27
  750   2159    191     99
  773   2180    191      9
  861   2487    191     99
  831   2503    191     74
  842   2583    191     23
  759   2718    191     63
  791   2779    191     45
  780   2967    191     45
  829   3000    191     55
  808   3237    191     87
  819   3279    191     50
  760   3319    191     99
  780   3424    191     11
  808   3444    191     29
  785   3527    191     16
  780   3572    191     81
  748   3550    191     59
  750   3708    191     74
  655   1966    191      1
  656   2011    191     10
  655   2040    191     83
  656   2082    191     70
  658   2123    191     37
  656   2160    191     15
  656   2198    191     21
  658   2239    191     77
  657   2274    191     13
  657   2314    191     74
  657   2356    191     23
  657   2390    191     33
  654   2430    191     89
  655   2469    191     23
  656   2509    191     80
  599   2004    191      9
  597   2042    191     87
  598   2081    191     67
  596   2122    191     36
  598   2161    191     73
  599   2196    191     66
  600   2239    191    100
  597   2278    191     67
  597   2317    191     22
  598   2354    191     65
  597   2393    191     41
  598   2432    191     94
  597   2516    191      1
  598   2551    191     72
  734   2663    191     87
  735   2701    191      3
  735   2741    191     35
  735   2780    191     96
  735   2814    191      9
  734   2851    191     77
  732   2896    191     28
  734   2932    191     47
  704   2834    191     91
  680   2771    191     15
  689   2693    191     59
  697   2630    191     42
  657   2881    191     16
  639   2595    191     30
  636   2631    191     57
  639   2673    191     69
  637   2708    191     24
  635   2748    191     62
  635   2787    191     80
  635   2822    191     20
  636   2863    191     97
  636   2902    191      1
  636   2944    191     93
  598   2592    191     22
  600   2629    191     39
  596   2671    191     98
  598   2707    191     94
  596   2748    191     86
  596   2787    191     98
  597   2825    191     79
  598   2863    191     22
  595   2900    191     38
  595   2943    191      2
  733   3020    191      8
  628   2998    191     19
  547   3010    191     52
  734   3087    191     32
  733   3125    191     43
  736   3164    191     24
  732   3202    191     75
  732   3237    191      6
  733   3277    191     77
  734   3320    191     46
  703   3459    191     41
  692   3587    191     77
  733   3607    191     43
  731   3644    191     24
  733   3687    191     38
  734   3723    191     15
  732   3767    191     33
  732   3804    191     98
  734   3844    191     16
  733   3880    191     16
  674   3086    191     46
  676   3122    191     51
  674   3169    191     57
  674   3199    191     25
  672   3241    191     59
  675   3279    191     83
  677   3320    191     74
  676   3359    191     33
  675   3396    191     37
  674   3436    191     62
  666   3472    191     89
  676   3531    191     46
  675   3571    191     50
  672   3609    191     22
  674   3648    191     47
  675   3684    191     67
  675   3726    191     73
  674   3764    191     46
  674   3802    191      3
  674   3844    191      9
  676   3877    191     24
  578   3144    191     22
  620   3223    191     87
  640   3271    191     81
  607   3341    191     45
  636   3439    191     51
  597   3533    191     57
  609   3940    191     47
  438     49    191     24
  417    284    191     11
  457    122    191     53
  453    162    191     18
  454    202    191     63
  456    242    191     31
  457    282    191     88
  457    320    191     54
  456    361    191      7
  484    185    191     44
  524    122    191     47
  525    166    191     63
  526    204    191     38
  523    245    191     86
  524    283    191      5
  526    323    191      4
  524    361    191     85
  559    390    191     83
  390    410    191     55
  363     47    191     23
  339    124    191     86
  340    165    191     78
  340    204    191     82
  342    243    191     47
  341    282    191     55
  341    323    191     83
  342    359    191     38
  322     48    191     34
  302    127    191     57
  300    163    191     82
  302    203    191     56
  301    244    191      9
  302    285    191     84
  305    325    191     79
  304    362    191     26
  247    382    191     58
  223    282    191     35
  212    110    191     13
  233     50    191     69
  169     41    191     95
  186    128    191     46
  186    164    191     11
  186    203    191     47
  189    246    191     87
  186    285    191     80
  186    322    191     14
  188    361    191      6
  148    358    191     64
  147    322    191     16
  147    287    191     16
  150    244    191     31
  149    207    191     92
  149    166    191      3
  149    129    191     59
  111    168    191      4
   91     51    191     36
   54     48    191     80
   33    126    191     33
   33    167    191     16
   35    118    191     31
   35    248    191     59
   33    360    191     85
   31    364    191     77
   33    368    191     20
   34    372    191     72
   33    323    191      6
   34    362    191     55
   63    360    191     33
   90    324    191     83
  534    473    191    100
  529    610    191     30
  494    504    191     79
  467    475    191     96
  437    532    191     94
  454    603    191      1
  397    524    191     57
  415    479    191     91
  366    604    191     30
  322    524    191     80
  312    465    191     12
  272    522    191     96
  273    571    191     11
  262    436    191     87
  229    452    191     85
  224    484    191      8
  119    573    191     59
  117    526    191     66
   54    574    191     29
   52    493    191     92
   64    453    191     84
    4    554    191     24
  -47    512    191     81
    4    602    191     94
   34    632    191     88
   12    666    191     95
  550    691    191    100
  525    650    191     98
  525    689    191     68
  521    729    191     80
  523    766    191     97
  523    805    191     18
  521    841    191     58
  527    884    191     66
  455   1299    191     74
  427    884    191     20
  428    843    191     43
  429    804    191     93
  428    768    191     42
  427    728    191     32
  426    685    191     74
  430    648    191     60
  370    725    191     71
  387    781    191     53
  367    823    191     69
  311    883    191     28
  311    839    191     62
  313    801    191     45
  313    767    191     37
  309    724    191     66
  311    685    191     77
  316    649    191     62
  234    650    191     28
  234    685    191     90
  234    724    191     47
  212    745    191      4
  233    764    191     47
  233    802    191     58
  235    843    191     42
  236    885    191     80
  158    670    191     89
  117    646    191     97
  118    688    191     54
  119    728    191     22
  118    767    191     10
  120    805    191     81
  119    842    191     17
  120    882    191     63
  544   1038    191     20
  522    951    191     95
  477   1046    191     30
  475    979    191     59
  449   1050    191     14
  396    976    191     76
  299    941    191     98
  243    918    191     66
  262    991    191     31
  214    951    191      8
  205    987    191     68
  225   1026    191     89
  166    979    191     12
  127   1015    191     14
  106    972    191     65
   89   1017    191      8
   23    968    191     61
  -61    801    191     66
  -57     32    191     38
  523   1103    191     26
  524   1143    191     74
  523   1183    191     54
  522   1223    191      2
  523   1256    191     86
  523   1296    191     29
  523   1337    191     91
  523   1377    191     23
  526   1415    191     33
  523   1454    191      3
  476   1084    191     20
  476   1121    191     12
  475   1162    191     16
  475   1199    191     94
  477   1241    191     35
  474   1277    191     23
  475   1316    191     92
  478   1355    191     10
  478   1394    191     38
  475   1431    191     19
  475   1473    191     92
  878   1506    191     83
  474   1549    191     41
  475   1587    191     66
  475   1625    191     48
  478   1665    191     66
  475   1706    191     21
  475   1743    191     48
  476   1781    191     96
  476   1830    191     95
  476   1912    191     89
  436   1087    191     20
  439   1123    191     63
  438   1160    191      9
  434   1202    191      8
  436   1238    191      2
  435   1281    191     66
  436   1320    191     32
  435   1357    191     69
  436   1396    191     44
  436   1435    191     23
  438   1473    191     15
  435   1502    191     29
  435   1552    191     62
  434   1587    191     89
  436   1627    191     13
  438   1665    191     62
  437   1703    191     80
  437   1744    191     46
  438   1781    191     82
  438   1822    191     89
  437   1862    191     90
  434   1900    191     71
  391   1086    191     86
  377   1192    191     26
  385   1230    191     73
  367   1268    191     60
  378   1551    191      1
  358   1841    191     35
  346   1899    191     47
  317   1122    191     70
  322   1162    191     77
  322   1200    191     54
  319   1239    191     41
  321   1277    191     45
  319   1317    191     83
  321   1353    191     82
  321   1394    191     73
  320   1430    191     46
  320   1471    191      9
  320   1550    191     91
  321   1590    191      6
  318   1625    191     62
  319   1664    191     12
  320   1704    191     94
  321   1743    191     39
  319   1784    191     96
  321   1821    191     65
  321   1859    191     15
  319   1899    191     70
  279   1061    191      2
  283   1122    191     73
  281   1161    191     46
  281   1198    191      6
  280   1240    191     86
  282   1274    191     44
  281   1318    191     87
  281   1355    191     16
  281   1395    191     23
  281   1435    191     83
  283   1473    191     81
  281   1550    191     85
  281   1584    191     92
  282   1626    191      5
  281   1667    191     41
  281   1704    191     64
  281   1743    191      1
  284   1783    191     58
  283   1822    191     82
  282   1860    191     72
  282   1900    191     35
  216   1181    191     90
  246   1373    191     41
  241   1433    191     84
  230   1471    191     80
  260   1514    191     24
  236   1541    191     74
  235   1838    191     16
  205   1063    191      5
  167   1100    191     83
  170   1131    191     18
  166   1084    191     88
  165   1202    191     72
  167   1239    191     25
  187   1260    191     63
  168   1281    191     27
  167   1315    191      2
  165   1360    191     37
  168   1391    191     68
  167   1434    191     15
  170   1471    191      2
  167   1550    191      2
  166   1587    191     17
  165   1626    191     18
  167   1665    191     32
  167   1711    191     45
  169   1743    191     54
  167   1781    191     41
  167   1820    191     22
  168   1858    191     49
  167   1901    191     47
  131   1055    191     61
  129   1094    191     56
  128   1132    191     42
  125   1172    191     91
  128   1213    191     35
  126   1250    191     73
  128   1290    191     69
  123   1327    191     65
  127   1367    191     68
  128   1405    191     30
  129   1443    191     73
  127   1485    191     55
  128   1522    191     39
  131   1560    191     59
  129   1599    191     33
  130   1638    191     70
  130   1678    191     82
  127   1713    191     67
  128   1753    191     21
   91   1058    191     34
   89   1097    191      3
   87   1131    191     56
   87   1169    191      8
   86   1211    191     77
   86   1248    191     39
   90   1292    191     78
   87   1240    191     79
   90   1369    191     53
   86   1408    191     73
   88   1445    191     33
   90   1483    191     35
   91   1520    191     25
   88   1558    191      4
   94   1606    191     42
   91   1639    191     72
   88   1676    191      2
   89   1629    191     70
   89   1758    191     35
   53   1057    191     60
   49   1094    191     35
   49   1135    191      4
   51   1175    191     29
   51   1213    191     52
   49   1251    191     94
   50   1288    191     85
   50   1328    191      4
   51   1366    191     52
   49   1404    191     61
   51   1444    191     66
   50   1483    191      4
   51   1522    191     28
   50   1558    191      7
   53   1600    191     63
   50   1637    191     11
   50   1673    191     43
   47   1712    191     32
   50   1754    191     72
   49   1795    191     96
   11   1055    191     93
   16   1095    191     86
   12   1134    191     43
   13   1173    191     86
   15   1210    191     18
   12   1249    191     65
   11   1289    191     96
   14   1328    191     45
   13   1368    191     37
   14   1406    191     57
   16   1441    191     82
   13   1482    191     20
   14   1521    191     38
   10   1561    191     25
   12   1594    191     31
   10   1637    191     42
   15   1678    191     15
   15   1714    191     96
   11   1753    191     70
   11   1793    191      7
   21   1882    191      4
   88   1327    191     78
   88   1712    191     12
  503   2002    191     18
  512   2040    191     66
  542   2099    191     33
  521   2140    191     68
  534   2179    191     21
  484   2098    191     76
  434   2062    191     58
  414   2020    191     11
  394   2137    191     32
  426   2198    191     21
  463   2277    191     58
  484   2313    191     56
  415   2292    191     29
  435   2373    191     60
  436   2437    191     25
  463   2438    191      1
  494   2458    191     92
  484   2516    191     34
  484   2552    191     24
  483   2592    191     82
  483   2630    191     80
  484   2671    191     33
  483   2707    191     13
  484   2748    191     29
  482   2784    191     23
  482   2824    191     32
  484   2863    191     40
  485   2903    191     88
  483   2939    191     99
  521   2941    191     59
  520   2899    191     97
  523   2862    191     51
  521   2823    191     65
  521   2787    191     19
  524   2745    191     39
  520   2709    191     69
  521   2669    191      2
  522   2631    191      3
  520   2593    191      3
  473   3011    191     19
  337   1933    191     14
  359   1964    191      1
  368   2001    191     56
  368   2039    191     31
  367   2079    191     41
  367   2118    191     19
  368   2160    191     35
  367   2197    191     20
  367   2238    191     60
  368   2275    191     65
  368   2313    191     99
  370   2351    191     66
  369   2392    191     69
  365   2427    191      2
  322   2080    191     85
  319   2118    191     75
  318   2156    191     38
  319   2199    191     46
  318   2233    191     62
  319   2274    191     54
  319   2315    191     41
  318   2352    191     54
  319   2394    191     96
  318   2428    191     16
  290   1972    191     77
  281   1999    191     15
  282   2042    191     17
  280   2078    191     39
  278   2115    191     71
  280   2161    191     76
  280   2195    191     87
  279   2236    191     21
  281   2278    191     48
  280   2312    191     18
  281   2355    191     64
  280   2392    191      8
  277   2427    191     35
  348   2503    191     41
  385   2524    191     94
  387   2554    191     52
  365   2582    191     73
  376   2622    191     47
  394   2750    191     62
  395   2952    191     15
  308   2526    191     61
  279   2527    191     97
  280   2563    191     28
  321   2604    191     48
  283   2600    191     36
  316   2640    191     13
  282   2640    191     86
  321   2680    191     30
  280   2679    191     93
  320   2717    191     86
  282   2717    191     97
  320   2757    191     38
  279   2755    191     97
  318   2798    191     22
  283   2794    191     72
  319   2833    191     65
  281   2832    191     72
  318   2870    191     43
  282   2869    191      3
  321   2910    191     83
  280   2910    191     56
  320   2949    191     65
  281   2949    191     82
  557   3089    191     76
  559   3125    191     15
  556   3164    191     99
  558   3201    191     74
  558   3240    191     98
  559   3279    191     99
  558   3317    191      5
  559   3356    191     50
  561   3393    191     61
  560   3437    191     37
  490   3277    191     94
  463   3085    191     38
  462   3122    191     97
  464   3163    191     76
  463   3200    191     28
  461   3235    191     92
  464   3278    191     32
  462   3316    191     75
  464   3355    191     37
  463   3395    191     90
  464   3434    191     89
  558   3532    191     22
  559   3568    191     51
  559   3604    191     70
  562   3645    191     56
  558   3685    191     13
  561   3724    191     76
  558   3766    191     14
  559   3800    191     37
  560   3839    191      3
  561   3879    191     76
  520   3760    191     66
  509   3800    191     75
  511   3840    191     84
  509   3879    191     29
  460   3489    191     88
  443   3519    191     93
  452   3565    191     89
  464   3606    191     37
  463   3644    191     53
  461   3685    191     18
  462   3721    191     36
  463   3761    191     29
  462   3801    191     16
  462   3840    191      2
  462   3877    191     99
  444   3036    191     69
  357   3037    191     48
  394   3260    191     24
  397   3339    191      6
  396   3418    191     92
  384   3512    191     41
  388   3548    191      2
  374   3609    191     23
  403   3646    191     60
  424   3687    191     65
  406   3743    191      3
  405   3906    191      1
  442   3919    191     75
  344   3087    191     56
  349   3124    191     78
  346   3162    191     72
  347   3201    191     64
  348   3238    191     65
  347   3275    191     64
  346   3317    191     11
  349   3358    191     23
  347   3397    191     50
  349   3432    191     42
  349   3477    191     72
  347   3511    191     20
  348   3547    191     53
  346   3604    191     20
  346   3643    191     27
  347   3687    191     62
  348   3724    191     96
  346   3762    191     45
  348   3798    191     61
  344   3839    191     15
  347   3876    191     79
  324   3413    191     91
  307   3501    191     35
  296   3558    191     87
  327   3629    191     18
  296   3743    191     16
  270   3124    191     90
  272   3161    191     79
  269   3197    191     96
  272   3238    191     46
  270   3279    191     37
  271   3318    191     64
  273   3356    191     69
  250   3220    191     42
  231   3288    191     24
  221   3338    191     49
  242   3377    191     78
  263   3453    191     51
  252   3529    191     92
  212   3470    191     33
  211   3514    191     82
  272   3587    191     12
  270   3624    191     60
  268   3665    191     74
  270   3706    191     53
  270   3742    191     19
  270   3784    191     46
  270   3820    191     17
  270   3858    191     92
  271   3916    191     44
  213   3824    191     30
  194   3917    191     93
  223   2021    191     28
  222   2140    191     69
  234   2410    191     73
  231   2490    191     54
  202   2079    191     27
  203   2120    191     68
  202   2159    191     21
  203   2197    191     14
  201   2237    191     27
  204   2274    191     14
  204   2316    191     21
  202   2353    191     27
  200   2392    191     33
  204   2428    191     62
  203   2602    191     35
  204   2643    191     27
  205   2699    191     61
  205   2721    191     29
  204   2759    191     22
  204   2799    191     71
  204   2836    191     43
  203   2877    191     11
  204   2913    191     44
  204   2953    191     59
  164   2003    191     10
  165   2042    191     82
  165   2081    191     25
  164   2120    191      5
  164   2159    191     19
  165   2197    191     83
  164   2233    191     85
  164   2274    191      4
  166   2315    191     95
  165   2351    191     41
  164   2392    191     66
  164   2430    191     53
  165   2487    191     13
  164   2523    191     97
  166   2567    191     96
  165   2602    191     83
  166   2643    191     43
  163   2683    191     50
  165   2721    191     81
  165   2759    191     75
  164   2799    191     65
  163   2837    191     74
  166   2869    191     57
  166   2911    191      5
  164   2954    191     58
  128   2080    191     45
  127   2140    191     26
  127   2180    191     41
  125   2219    191     33
  125   2258    191     44
  127   2296    191     93
  125   2158    191     14
  128   2373    191     34
  127   2416    191     98
  126   2448    191     55
  128   2489    191     36
  127   2528    191     61
  127   2564    191     49
  126   2607    191     23
  127   2642    191     61
  126   2683    191      4
  126   2720    191     79
  128   2760    191     83
  127   2796    191    100
  124   2834    191     97
  127   2874    191     76
  129   2914    191     13
   78   1990    191     43
   88   2137    191     50
   90   2177    191     51
   87   2218    191     44
   87   2258    191     10
   90   2298    191     24
   91   2343    191     12
   90   2373    191     61
   92   2420    191     33
   89   2449    191     37
   87   2489    191     59
   86   2524    191     24
   90   2565    191      7
   88   2604    191     88
   89   2643    191     87
   87   2679    191     59
   89   2718    191     21
   89   2757    191     63
   90   2806    191      2
   88   2835    191     29
   87   2872    191     41
   88   2911    191     15
   50   2137    191     26
   50   2176    191     19
   51   2216    191     14
   49   2257    191     32
   50   2294    191     72
   49   2334    191     31
   49   2370    191     71
   48   2408    191     66
   50   2449    191     80
   50   2489    191     10
   50   2525    191     99
   49   2564    191     78
   50   2603    191     96
   50   2643    191     66
   49   2681    191     63
   50   2717    191      2
   50   2757    191     14
   51   2796    191     28
   49   2834    191      2
   49   2874    191     19
  -23   1994    191     52
   10   2137    191     68
   12   2178    191     57
   11   2217    191     85
   11   2256    191     78
   11   2292    191     73
   11   2333    191     67
   13   2378    191     51
   10   2411    191     50
    9   2448    191      3
   10   2484    191     11
    9   2524    191     75
   11   2563    191      3
   10   2601    191     95
   10   2640    191     96
   11   2682    191     77
    9   2718    191     55
   10   2754    191     72
   10   2801    191     69
   10   2834    191     16
   11   2872    191     85
  126   2334    191     75
  173   3143    191     93
  174   3184    191     78
  155   3123    191     82
  154   3162    191      1
  156   3203    191     53
  154   3241    191     35
  154   3278    191     20
  154   3314    191     54
  156   3355    191     12
  153   3397    191     15
  136   3468    191     56
  135   3510    191     73
  155   3551    191     43
  156   3591    191      3
  155   3627    191     96
  155   3665    191     80
  154   3707    191     20
  152   3744    191     44
  156   3791    191     83
  155   3822    191     60
  157   3861    191     32
  115   3547    191     79
  114   3585    191      4
  114   3600    191     20
  113   3610    191     11
  113   3624    191     61
  112   3663    191     89
  112   3699    191      7
  112   3739    191     24
  112   3779    191     79
  116   3819    191    100
  113   3858    191     46
  114   3898    191     78
  105   3102    191     54
  103   3159    191     24
  107   3256    191     99
  105   3295    191     97
  105   3375    191     59
   66   3215    191      1
   64   3374    191     14
   75   3462    191     74
   36   3460    191     88
   75   3546    191     18
   37   3547    191     84
   76   3624    191      4
   35   3622    191     93
   77   3702    191     50
   37   3701    191     40
   77   3778    191     87
   37   3780    191     42
   78   3858    191     24
   36   3856    191     17
   -4   3873    191     82
   17   2052    191     34
   16   2962    191     15
  -66   3134    191     77
  -68   3905    191      8
   38   3941    191     95
