 8 2 3038 700 58
 2830     40    273     17
 2830     77    273     71
 2830    114    273     75
 2831    155    273     92
 2830    194    273     16
 2831    231    273     58
 2831    269    273      3
 2831    309    273     50
 2830    347    273     21
 2830    384    273     37
 2792     35    273      8
 2792     75    273     28
 2790    115    273     19
 2792    153    273     67
 2791    191    273     47
 2791    231    273     69
 2790    271    273      1
 2791    306    273     20
 2791    345    273     31
 2792    384    273     24
 2800    460    273     24
 2801    499    273     46
 2801    538    273     80
 2800    578    273     52
 2802    620    273     50
 2800    654    273     35
 2800    694    273     24
 2802    732    273     80
 2800    772    273      9
 2800    810    273      9
 2762    459    273     36
 2761    497    273     30
 2761    540    273     94
 2761    578    273     27
 2762    591    273     40
 2763    656    273     17
 2762    694    273     83
 2761    731    273     98
 2762    770    273     94
 2761    808    273     70
 2801    946    273     18
 2803   1034    273     38
 2723    943    273     11
 2724   1029    273     68
 2702   1003    273     54
 2800   1098    273     87
 2799   1137    273     56
 2831   1158    273     32
 2801   1178    273     88
 2800   1216    273      7
 2829   1237    273      6
 2801   1254    273     30
 2800   1292    273     98
 2800   1331    273     40
 2801   1370    273     28
 2799   1409    273     21
 2804   1450    273     56
 2759   1098    273     70
 2762   1138    273     49
 2762   1178    273     60
 2761   1213    273     62
 2763   1255    273     74
 2761   1293    273     69
 2763   1330    273     25
 2761   1369    273     89
 2759   1411    273     15
 2761   1446    273     52
 2762    617    273     71
 2801   1507    273     21
 2800   1548    273     77
 2801   1581    273     41
 2801   1619    273      7
 2799   1656    273     42
 2800   1698    273     50
 2800   1738    273     12
 2800   1781    273     36
 2799   1820    273     83
 2800   1856    273     47
 2760   1506    273     14
 2760   1543    273     49
 2763   1586    273      3
 2761   1621    273     94
 2761   1659    273     81
 2761   1698    273     27
 2762   1737    273     83
 2761   1775    273     62
 2762   1821    273     79
 2762   1853    273     55
 2800   2067    273     76
 2798   2102    273     64
 2799   2143    273     67
 2801   2183    273     89
 2800   2221    273     36
 2801   2262    273     49
 2800   2299    273     66
 2800   2337    273     67
 2801   2376    273     95
 2800   2414    273     35
 2760   2066    273     24
 2760   2105    273     32
 2761   2144    273      7
 2761   2184    273      3
 2763   2222    273     34
 2760   2259    273     16
 2761   2297    273     80
 2760   2338    273      4
 2761   2372    273     86
 2800   2411    273     35
 2800   2491    273     29
 2772   2512    273     29
 2732   2491    273     56
 2788   2167    273     74
 2762   2676    273     35
 2732   2618    273     58
 2761   2903    273    100
 2761   2983    273     49
 2799   3041    273     95
 2800   3083    273     99
 2799   3117    273     28
 2799   3085    273     10
 2799   3195    273     74
 2798   3234    273     41
 2799   3274    273      4
 2798   3312    273     14
 2798   3350    273     76
 2797   3389    273     12
 2799   3427    273     24
 2800   3464    273     28
 2864   3474    273     93
 2865   3515    273     72
 2798   3563    273     99
 2798   3796    273     98
 2797   3794    273     55
 2698     39    273     49
 2697    116    273     73
 2716    191    273     59
 2696    540    273      9
 2704   1437    273     53
 2704   1583    273      7
 2703   1680    273     27
 2694   2221    273     56
 2704   2317    273      9
 2714   2345    273      3
 2733   2374    273     65
 2720   3100    273     26
 2721   3147    273     90
 2752   3198    273     74
 2712   3194    273     61
 2683   3196    273     50
 2642   3195    273     80
 2763   3292    273     20
 2761   3332    273     22
 2761   3369    273     39
 2760   3409    273     44
 2732   3467    273     14
 2701   3621    273     74
 2699   3852    273     97
 2781   3940    273     78
 2701   3940    273     50
 2623   3945    273     92
 2621     -5    273     92
 2744     18    273     94
 2649     25    273     87
 2609     48    273     94
 2659     94    273     87
 2658    134    273     58
 2659    171    273     12
 2658    208    273      6
 2657    248    273     91
 2660    285    273     32
 2659    325    273     40
 2659    368    273     62
 2545     92    273     65
 2543    131    273      2
 2543    170    273     55
 2541    212    273     96
 2538    248    273     78
 2544    288    273      2
 2541    246    273     40
 2541    362    273     19
 2571    270    273     73
 2571    325    273     28
 2485     36    273     43
 2524     54    273     67
 2494    249    273     77
 2590    393    273     33
 2641    411    273     14
 2659    441    273      2
 2660    500    273     19
 2660    538    273     24
 2658    577    273     69
 2659    618    273     47
 2660    656    273     51
 2661    701    273     51
 2658    733    273     57
 2659    772    273     40
 2582    439    273     30
 2592    521    273      7
 2581    770    273     45
 2543    497    273     43
 2542    536    273     48
 2543    579    273     26
 2542    615    273     24
 2542    657    273     22
 2543    691    273     62
 2543    734    273     20
 2541    771    273     24
 2542    808    273      9
 2543    847    273     10
 2540    877    273     55
 2617    847    273     70
 2620    916    273      4
 2570   1004    273     59
 2529   1003    273      3
 2656   1042    273     68
 2658   1082    273     97
 2656   1118    273     86
 2657   1159    273     89
 2656   1200    273     51
 2657   1236    273     59
 2657   1272    273      2
 2657   1314    273     68
 2616   1137    273     17
 2617   1195    273     97
 2624   1273    273     82
 2598   1314    273     18
 2558   1214    273     44
 2542   1040    273     80
 2540   1079    273     17
 2541   1121    273      7
 2540   1156    273     48
 2539   1195    273     88
 2539   1231    273     55
 2540   1272    273      6
 2540   1311    273     17
 2501   1342    273     77
 2540   1358    273     61
 2540   1398    273     16
 2512   1436    273     69
 2628   1435    273     61
 2643   1484    273     66
 2667   1524    273     29
 2666   1560    273     95
 2665   1601    273     58
 2667   1640    273     75
 2665   1679    273     70
 2665   1728    273     80
 2666   1755    273      7
 2666   1794    273     53
 2665   1836    273     72
 2667   1873    273     38
 2646   1486    273     27
 2617   1525    273     43
 2628   1715    273     26
 2618   1756    273     42
 2548   1524    273     49
 2550   1561    273     25
 2552   1600    273     12
 2550   1640    273     46
 2550   1677    273     18
 2551   1717    273     14
 2551   1756    273     71
 2551   1798    273     47
 2549   1832    273     78
 2550   1874    273     40
 2579   1893    273     61
 2665   1935    273     80
 2647   1991    273     92
 2667   2025    273     77
 2667   2064    273     37
 2667   2104    273     95
 2665   2139    273     84
 2666   2178    273     42
 2665   2220    273     87
 2665   2254    273     12
 2548   2258    273     46
 2549   2218    273     95
 2549   2180    273     25
 2550   2141    273      7
 2549   2103    273      3
 2548   2064    273     18
 2548   2025    273     64
 2538   1987    273     83
 2590   2333    273     19
 2666   2328    273     80
 2667   2394    273     13
 2667   2432    273      7
 2666   2470    273     93
 2666   2508    273      4
 2665   2550    273     75
 2665   2586    273     24
 2666   2626    273     18
 2549   2393    273     99
 2548   2431    273     78
 2549   2473    273     12
 2548   2512    273     89
 2546   2548    273     23
 2550   2591    273     30
 2548   2627    273      5
 2687   2716    273     60
 2686   2868    273     34
 2647   2711    273     36
 2645   2866    273     57
 2643   2906    273     87
 2645   2984    273     27
 2604   2905    273      9
 2605   3109    273     49
 2605   3136    273     28
 2606   3290    273     63
 2606   3333    273     95
 2606   3368    273     29
 2604   3410    273     32
 2568   3037    273     77
 2568   3079    273     64
 2568   3119    273     89
 2567   3157    273     40
 2566   3195    273     87
 2567   3234    273     49
 2568   3274    273     89
 2566   3310    273     56
 2568   3350    273     36
 2566   3386    273     63
 2567   3428    273      6
 2568   3466    273      4
 2352     89    273     50
 2348    125    273     77
 2349    168    273     60
 2349    208    273      5
 2350    244    273     44
 2349    286    273     37
 2350    322    273     43
 2400    333    273     63
 2466    323    273     93
 2406    207    273     96
 2378    168    273     88
 2417    130    273     84
 2397     70    273     27
 2468    283    273     96
 2467    242    273     62
 2494    245    273     92
 2467    208    273     61
 2462    168    273     80
 2465    129    273     33
 2465     90    273     49
 2421    383    273     83
 2377    449    273     53
 2458    392    273     62
 2468    467    273     84
 2507    561    273     43
 2351    534    273     19
 2352    574    273     11
 2350    614    273     41
 2350    652    273     88
 2352    691    273     51
 2350    727    273     11
 2351    768    273     56
 2467    765    273     57
 2466    729    273     47
 2466    692    273     54
 2466    649    273     91
 2466    613    273    100
 2466    574    273     23
 2467    540    273     79
 2513    572    273     10
 2350    827    273     84
 2418    836    273     38
 2438    875    273     68
 2475    833    273     68
 2495    941    273      8
 2388    942    273     63
 2348    940    273     70
 2475   1008    273     81
 2466   1038    273     79
 2351   1040    273     45
 2350   1075    273     28
 2349   1114    273     56
 2347   1152    273      6
 2349   1192    273     65
 2349   1232    273     63
 2348   1270    273     40
 2348   1307    273     36
 2388   1209    273     79
 2408   1116    273     10
 2468   1310    273     66
 2466   1269    273     84
 2465   1232    273     63
 2484   1212    273     92
 2465   1190    273     82
 2465   1158    273      8
 2462   1112    273     72
 2466   1075    273     75
 2367   1354    273     45
 2380   1433    273     74
 2338   1452    273     47
 2415   1482    273     61
 2436   1431    273     37
 2425   1394    273     81
 2426   1358    273     17
 2465   1471    273     57
 2473   1373    273     11
 2321   1522    273     21
 2320   1557    273     47
 2320   1598    273     26
 2318   1638    273      1
 2320   1673    273     75
 2321   1717    273     93
 2322   1755    273     29
 2321   1794    273     27
 2321   1832    273     12
 2322   1872    273     52
 2349   1831    273     91
 2377   1870    273     92
 2378   1830    273     54
 2378   1789    273     79
 2378   1752    273      6
 2378   1714    273     85
 2377   1679    273     72
 2376   1637    273     44
 2378   1597    273     65
 2378   1558    273     18
 2380   1524    273     65
 2525   1880    273      5
 2493   1868    273     79
 2495   1830    273     51
 2493   1791    273     38
 2492   1753    273     54
 2493   1714    273     64
 2491   1676    273     72
 2492   1634    273     27
 2493   1601    273     85
 2494   1559    273     30
 2494   1349    273     89
 2378   2022    273     75
 2379   2059    273     63
 2377   2099    273      9
 2379   2137    273     83
 2377   2177    273     83
 2379   2218    273     88
 2379   2254    273      1
 2454   2041    273     48
 2474   1953    273     48
 2495   2288    273     17
 2493   2255    273      4
 2494   2218    273     80
 2491   2176    273     62
 2492   2138    273     46
 2493   2100    273     27
 2493   2061    273     68
 2495   2022    273     52
 2377   2388    273     22
 2378   2425    273      9
 2377   2468    273     24
 2376   2501    273     30
 2377   2547    273     29
 2379   2586    273      6
 2378   2624    273     99
 2378   2663    273     88
 2406   2428    273      3
 2437   2505    273     65
 2448   2624    273      3
 2495   2665    273     70
 2495   2623    273      3
 2495   2585    273     40
 2493   2547    273     90
 2493   2506    273     96
 2495   2468    273     51
 2494   2429    273     65
 2494   2391    273     15
 2379   2749    273      7
 2377   2786    273     67
 2377   2825    273     92
 2375   2865    273     13
 2378   2903    273     23
 2376   2943    273     44
 2377   2981    273     91
 2446   2769    273     72
 2436   2729    273     26
 2529   2979    273      1
 2515   3013    273     84
 2494   2982    273     53
 2491   2942    273     17
 2491   2902    273     39
 2492   2865    273      2
 2492   2825    273     51
 2493   2786    273     77
 2493   2748    273     97
 2531   2827    273     39
 2531   2787    273     88
 2530   2710    273     72
 2376   3057    273     75
 2376   3095    273    100
 2376   3136    273     10
 2378   3175    273     62
 2377   3212    273     91
 2377   3251    273     23
 2375   3288    273     45
 2377   3328    273     38
 2378   3368    273     64
 2376   3408    273     67
 2424   3426    273     80
 2454   3444    273     53
 2494   3403    273     70
 2495   3368    273     90
 2493   3326    273     91
 2492   3286    273     27
 2493   3248    273     74
 2493   3210    273     40
 2493   3170    273     28
 2492   3127    273     52
 2494   3095    273     34
 2495   3059    273      2
 2390   3550    273     93
 2385   3695    273     10
 2504   3813    273     30
 2268   3813    273     81
 2150     91    273     13
 2150    129    273     84
 2149    165    273     64
 2147    209    273     11
 2149    244    273     58
 2147    282    273     31
 2149    323    273     33
 2179    243    273     73
 2191     66    273     33
 2228     76    273     32
 2227    108    273     75
 2218    303    273     26
 2240    341    273     28
 2267    325    273     72
 2268    282    273     74
 2326    306    273     22
 2267    243    273     56
 2302    223    273     38
 2265    203    273     96
 2305    188    273     70
 2264    167    273     31
 2267    127    273     78
 2265     87    273     94
 2303     72    273     66
 2111    428    273     99
 2111    466    273     19
 2187    426    273     41
 2246    486    273     53
 2266    464    273     53
 2317    468    273     67
 2229    406    273     72
 2150    534    273     85
 2149    573    273     16
 2147    611    273     34
 2144    651    273     51
 2150    691    273     34
 2148    728    273     61
 2148    848    273     91
 2128    807    273     57
 2178    611    273     47
 2188    642    273     71
 2225    515    273     74
 2225    555    273     82
 2233    728    273     10
 2303    767    273     54
 2267    767    273     62
 2266    730    273      4
 2303    709    273     64
 2265    689    273     41
 2312    650    273     15
 2266    651    273     21
 2267    615    273     17
 2262    571    273     19
 2266    534    273     14
 2130    803    273     45
 2167    848    273     50
 2245    843    273     67
 2286    885    273     12
 2167    921    273     45
 2136    939    273     20
 2149   1031    273     99
 2148   1063    273      8
 2147   1107    273     31
 2149   1143    273     80
 2145   1183    273     90
 2146   1219    273     16
 2146   1261    273     13
 2148   1300    273     35
 2148   1333    273     24
 2146   1377    273     66
 2195   1378    273     80
 2193   1221    273     83
 2206   1181    273     50
 2186   1142    273     26
 2206   1106    273     37
 2224   1066    273     51
 2265   1375    273     46
 2265   1339    273     88
 2261   1296    273     62
 2263   1260    273     58
 2264   1220    273     65
 2291   1221    273     75
 2263   1182    273     50
 2281   1164    273     63
 2264   1143    273     88
 2263   1104    273     61
 2261   1065    273     50
 2261   1026    273     36
 2253   1463    273     35
 2173   1462    273     49
 2146   1520    273     74
 2145   1558    273      5
 2147   1597    273     80
 2146   1635    273     45
 2144   1677    273     91
 2147   1716    273     95
 2145   1753    273     25
 2144   1793    273     24
 2147   1831    273     74
 2146   1870    273     19
 2204   1868    273     17
 2206   1830    273     95
 2205   1789    273     86
 2206   1753    273      8
 2205   1714    273     21
 2202   1673    273     95
 2204   1635    273     70
 2204   1596    273      4
 2203   1557    273     10
 2203   1521    273     58
 2251   1813    273      5
 2240   1558    273    100
 2252   1521    273     14
 2308   1966    273     14
 2310   1927    273     90
 2261   1922    273     55
 2194   1921    273     46
 2134   1951    273     35
 2148   2080    273     54
 2146   2122    273     63
 2143   2161    273     66
 2144   2200    273     92
 2148   2240    273     57
 2146   2278    273     17
 2145   2316    273     84
 2145   2354    273     10
 2146   2393    273     51
 2146   2434    273     25
 2186   2136    273     70
 2244   2450    273     92
 2204   2430    273     59
 2203   2391    273      6
 2204   2273    273     18
 2205   2314    273     71
 2199   2273    273     73
 2204   2239    273     11
 2230   2254    273     59
 2205   2197    273     62
 2203   2158    273     77
 2205   2602    273     38
 2205   2083    273     20
 2241   2062    273     33
 2204   2043    273     76
 2203   2014    273     49
 2254   2026    273     33
 2328   2024    273    100
 2319   2080    273     50
 2319   2122    273     18
 2318   2165    273     45
 2287   2169    273     38
 2319   2202    273     12
 2290   2230    273     36
 2319   2238    273     18
 2319   2277    273      8
 2291   2297    273     25
 2320   2316    273     83
 2321   2355    273     11
 2319   2396    273     28
 2319   2430    273     63
 2348   2396    273     96
 2167   2537    273     38
 2164   2576    273     23
 2163   2624    273     96
 2136   2641    273     95
 2115   2584    273     17
 2107   2661    273     40
 2106   2701    273     96
 2107   2740    273     12
 2105   2775    273     70
 2106   2819    273      9
 2104   2855    273     53
 2105   2894    273      1
 2105   2933    273     30
 2106   2992    273     27
 2175   3029    273     35
 2222   2990    273     27
 2187   2932    273     62
 2183   2893    273     74
 2185   2853    273     73
 2209   2813    273     60
 2186   2814    273      9
 2182   2778    273     64
 2185   2738    273     72
 2184   2700    273     91
 2183   2661    273     41
 2212   2699    273     33
 2252   2739    273      7
 2300   2991    273     73
 2300   2964    273     69
 2301   2933    273      6
 2301   2896    273     64
 2298   2854    273     93
 2299   2816    273     95
 2297   2776    273     25
 2296   2738    273      7
 2299   2700    273     67
 2300   2660    273     12
 2337   2703    273     40
 2336   2663    273     88
 2338   2620    273     59
 2290   2585    273     80
 2106   3087    273     62
 2075   3104    273     30
 2108   3123    273     57
 2107   3165    273     70
 2105   3201    273     78
 2107   3242    273     63
 2106   3277    273     87
 2103   3318    273      2
 2106   3359    273     83
 2106   3416    273      3
 2185   3356    273    100
 2185   3319    273     42
 2184   3277    273     91
 2181   3242    273     27
 2184   3201    273     55
 2184   3163    273     45
 2183   3122    273     43
 2182   3081    273      2
 2222   3222    273     44
 2279   3184    273     73
 2328   3077    273     76
 2298   3084    273     73
 2299   3125    273     35
 2298   3165    273      2
 2296   3205    273     82
 2299   3239    273     23
 2295   3280    273     82
 2300   3324    273     76
 2299   3355    273     94
 2339   3260    273      7
 2327   3416    273     31
 2062   3604    273     82
 2106   3606    273     47
 2167   3618    273     73
 2106   3643    273     81
 2104   3684    273     45
 2105   3723    273     45
 2105   3764    273     20
 2103   3801    273     12
 2106   3841    273     39
 2106   3884    273     74
 2166   3850    273     85
 2096     71    273     39
 2097    227    273     55
 2058     86    273     89
 2061    131    273     24
 2060    170    273     93
 2058    209    273     96
 2058    248    273     86
 2057    285    273     43
 2058    328    273     91
 1991    187    273     53
 1979    325    273     26
 1937     53    273     63
 1942     90    273     36
 1944    130    273     47
 1943    167    273     46
 1942    209    273      5
 1941    246    273     47
 1941    285    273     26
 1939    325    273     50
 2037    410    273     89
 2010    488    273      5
 2062    538    273     89
 2060    574    273     34
 2059    615    273     17
 2059    651    273     62
 2060    691    273      4
 2059    732    273     45
 2059    772    273     21
 2050    812    273     16
 1989    733    273     26
 1990    576    273     41
 1941    536    273     98
 1942    572    273     57
 1944    614    273     38
 1943    654    273     17
 1943    693    273     28
 1943    729    273     29
 1941    771    273     23
 1951    896    273     83
 2058    981    273     29
 2070   1031    273     63
 2069   1069    273     44
 2067   1107    273     65
 2068   1142    273     21
 2068   1182    273     41
 2068   1223    273     10
 2068   1259    273     78
 2074   1299    273     51
 2107   1327    273     15
 2067   1365    273     88
 2028   1318    273     76
 2038   1281    273     57
 2021   1243    273     89
 2000   1205    273     39
 1951   1257    273     95
 1950   1223    273     95
 1951   1183    273     71
 1951   1146    273     37
 1950   1111    273     12
 1950   1068    273     30
 1954   1028    273      8
 1954    972    273      7
 1951    893    273     76
 1971   1087    273     91
 2009   1032    273     49
 1893   1348    273     54
 1912   1409    273     88
 1941   1427    273     18
 2009   1433    273     51
 2000   1387    273     46
 2028   1526    273     25
 2029   1561    273     96
 2029   1599    273     20
 2029   1638    273     25
 2029   1680    273     23
 2028   1719    273     23
 2029   1755    273     94
 2028   1795    273     31
 2028   1833    273      5
 2029   1872    273     25
 2076   1813    273     22
 2097   1853    273     31
 2048   1950    273     28
 2018   1930    273     51
 1971   1521    273     18
 1971   1560    273     69
 1971   1600    273     40
 1970   1643    273     42
 1969   1677    273     25
 1971   1717    273     77
 1970   1754    273     72
 1969   1795    273     28
 1967   1351    273     27
 1969   1871    273     50
 2065   2026    273     77
 2107   2095    273     76
 2085   2141    273     89
 2095   2229    273     74
 2112   2317    273    100
 2009   2024    273     95
 2030   2084    273     78
 2029   2123    273     14
 2029   2162    273      8
 2028   2202    273     81
 2028   2239    273      2
 2029   2275    273     18
 2027   2317    273     86
 2027   2354    273     58
 2027   2393    273     98
 2028   2433    273     42
 1971   2082    273     31
 1970   2120    273     90
 1970   2161    273     48
 1972   2201    273     67
 1970   2239    273     55
 1969   2278    273     96
 1971   2317    273     61
 1970   2355    273     71
 1970   2392    273     50
 1969   2433    273     63
 1970   2469    273     20
 1949   2553    273     36
 2009   2576    273     72
 2009   2622    273     18
 2029   2665    273     46
 1982   2663    273     83
 1986   2707    273     86
 1988   2743    273      3
 1988   2777    273     30
 1989   2818    273     52
 1988   2857    273     47
 1988   2893    273     42
 1988   2934    273     59
 1912   2664    273     29
 1912   2703    273     68
 1911   2738    273     19
 1911   2779    273     28
 1913   2817    273     86
 1911   2858    273     97
 1912   2895    273     38
 1910   2932    273     22
 2026   2992    273     35
 1929   3049    273     64
 1990   3088    273     14
 1990   3125    273     20
 1989   3165    273     48
 1988   3203    273     55
 1990   3244    273     35
 1986   3280    273     14
 1989   3317    273     97
 1989   3357    273     50
 1989   3419    273     93
 2036   3318    273     68
 2045   3389    273     30
 1911   3416    273     48
 1909   3357    273     49
 1911   3318    273     33
 1911   3278    273     93
 1911   3240    273     77
 1911   3201    273     90
 1910   3165    273     75
 1912   3124    273     10
 1912   3086    273     72
 1930   3049    273     27
 2028   2992    273      5
 1988   3606    273     24
 1988   3646    273     45
 1989   3685    273     83
 1986   3724    273     99
 1986   3766    273      4
 1987   3803    273     16
 1986   3841    273     86
 1984   3880    273     34
 2015   3802    273     25
 2036   3841    273     48
 2015   3881    273     66
 1949   3605    273     47
 1949   3647    273     74
 1949   3811    273     86
 1949   3888    273     29
 1890   3540    273      4
 1911   3570    273     91
 1911   3608    273     99
 1910   3649    273     72
 1910   3686    273     56
 1911   3726    273     23
 1911   3760    273     56
 1911   3802    273     24
 1911   3841    273     16
 1911   3880    273     98
 1893   3820    273    100
 1870   3782    273     21
 1884     90    273     38
 1886    245    273     86
 1896    365    273     43
 1846     91    273     71
 1848    132    273     93
 1846    168    273     91
 1848    211    273     20
 1848    249    273     76
 1848    286    273     31
 1850    327    273     21
 1789     73    273     31
 1781    128    273     82
 1809    182    273     93
 1819    214    273     58
 1770    360    273      4
 1761    449    273     46
 1808    453    273     84
 1837    438    273     49
 1903    516    273     92
 1857    540    273     53
 1855    576    273     24
 1855    615    273     93
 1854    652    273     93
 1886    697    273     73
 1859    694    273     93
 1856    734    273     19
 1825    731    273     77
 1856    770    273     95
 1913    770    273     58
 1894    829    273      1
 1845    826    273     74
 1847    904    273     47
 1863    981    273     48
 1866   1020    273     54
 1866   1055    273     48
 1866   1099    273     42
 1865   1137    273     31
 1868   1174    273     82
 1866   1215    273      7
 1866   1251    273     75
 1866   1292    273     83
 1863   1329    273     30
 1864   1369    273     15
 1862   1402    273     87
 1836   1214    273     29
 1749    979    273     37
 1749   1018    273     87
 1750   1059    273     88
 1749   1098    273      1
 1749   1138    273     89
 1748   1175    273     39
 1748   1213    273     40
 1750   1250    273     94
 1749   1293    273     31
 1717   1291    273      5
 1749   1330    273     36
 1750   1371    273     27
 1751   1409    273     97
 1697   1389    273     77
 1920   1563    273     67
 1933   1642    273     16
 1892   1636    273     69
 1913   1787    273     28
 1854   1523    273     56
 1856   1562    273     81
 1855   1600    273      3
 1853   1641    273     63
 1855   1678    273     95
 1855   1717    273     19
 1856   1756    273      4
 1855   1794    273    100
 1852   1834    273     51
 1853   1952    273     96
 1930   2024    273     33
 1929   2236    273     95
 1942   2277    273     80
 1921   2314    273     63
 1923   2382    273     57
 1932   2430    273     57
 1884   2451    273     34
 1853   2023    273     43
 1855   2083    273     53
 1856   2123    273     48
 1854   2160    273      1
 1854   2201    273     65
 1855   2236    273     61
 1853   2277    273     41
 1856   2317    273     67
 1855   2356    273     57
 1855   2394    273     83
 1852   2431    273     14
 1911   2528    273     64
 1871   2526    273     46
 1854   2645    273     28
 1851   2990    273     56
 1832   3298    273     69
 1832   3339    273     56
 1692     32    273     98
 1732     91    273     25
 1733    127    273      2
 1710    233    273     92
 1735    170    273     95
 1731    209    273     90
 1731    251    273     48
 1731    288    273     26
 1731    325    273      7
 1681    213    273     23
 1682    249    273     62
 1645     91    273     82
 1645    129    273      8
 1643    167    273     50
 1642    208    273     52
 1643    249    273     77
 1643    285    273     75
 1641    322    273     64
 1732    449    273     32
 1652    450    273     87
 1736    537    273     35
 1741    575    273     51
 1741    614    273     81
 1741    658    273     60
 1710    655    273      8
 1740    692    273     67
 1741    730    273     88
 1742    766    273     31
 1651    534    273     28
 1652    575    273     96
 1652    614    273     42
 1651    653    273     46
 1653    692    273     41
 1654    730    273     85
 1651    770    273     20
 1650    856    273     79
 1785   2005    273     50
 1788   2045    273     13
 1787   2085    273     43
 1788   2120    273      8
 1788   2160    273     72
 1786   2200    273     39
 1786   2238    273     44
 1787   2274    273     36
 1787   2316    273     68
 1758   2317    273     38
 1788   2355    273     49
 1757   2374    273     41
 1789   2368    273     66
 1785   2431    273     18
 1777   2471    273     86
 1727   1947    273     69
 1730   1986    273     92
 1706   2082    273     86
 1709   2429    273     83
 1668   2003    273     96
 1668   2044    273     80
 1668   2083    273     32
 1669   2121    273      2
 1669   2161    273     88
 1670   2200    273     83
 1670   2237    273     23
 1669   2274    273     97
 1669   2317    273     31
 1669   2356    273     81
 1669   2391    273     55
 1666   2430    273     56
 1797   2529    273      8
 1745   2568    273     25
 1680   2515    273     74
 1630   2530    273     80
 1796   2665    273     55
 1795   2703    273     60
 1798   2742    273     35
 1797   2778    273     94
 1796   2816    273      6
 1797   2857    273     47
 1795   2892    273     30
 1797   2934    273     66
 1736   2719    273     60
 1739   2779    273     77
 1728   2859    273     66
 1729   2913    273     27
 1736   2963    273     90
 1697   2664    273     34
 1699   2702    273      6
 1701   2742    273     19
 1699   2778    273     36
 1699   2816    273     50
 1699   2856    273     70
 1698   2894    273     75
 1695   2937    273     97
 1795   3088    273     59
 1795   3129    273     49
 1797   3163    273     25
 1797   3203    273     42
 1796   3243    273     78
 1795   3277    273     31
 1795   3320    273     70
 1796   3358    273     70
 1717   3020    273     99
 1739   3184    273     16
 1696   3041    273      1
 1699   3069    273     99
 1700   3109    273     43
 1700   3143    273     95
 1699   3183    273     29
 1701   3223    273     35
 1699   3260    273     43
 1678   3280    273     76
 1700   3302    273     42
 1701   3339    273     38
 1698   3379    273     74
 1697   3418    273     48
 1794   3571    273      5
 1795   3609    273     20
 1796   3647    273     23
 1795   3686    273     71
 1795   3726    273     37
 1795   3764    273     66
 1794   3802    273     80
 1795   3840    273     19
 1796   3881    273     38
 1697   3568    273     97
 1698   3605    273     21
 1698   3649    273     94
 1698   3685    273     51
 1699   3723    273     88
 1696   3765    273     64
 1699   3798    273     33
 1697   3847    273      3
 1695   3877    273     50
 1705   3918    273     46
 1443     88    273     86
 1442    127    273     25
 1440    167    273     79
 1441    204    273     69
 1442    242    273     24
 1442    282    273     84
 1440    321    273     33
 1482    302    273     49
 1480    262    273     98
 1481    223    273     89
 1477     68    273     22
 1529     86    273     59
 1528    126    273     65
 1531    167    273     91
 1526    204    273     96
 1530    245    273     77
 1528    283    273     17
 1530    323    273     16
 1548    366    273     51
 1564    331    273     72
 1415    458    273     49
 1402    574    273     64
 1412    610    273     29
 1453    455    273     58
 1452    492    273     47
 1452    534    273      1
 1453    572    273     25
 1451    612    273     51
 1451    652    273      6
 1454    687    273     19
 1453    731    273     36
 1451    765    273    100
 1452    805    273     74
 1452    844    273     93
 1452    880    273     53
 1542    891    273     30
 1537    809    273     17
 1540    767    273     80
 1542    727    273     33
 1615    765    273     85
 1576    708    273     87
 1539    689    273     16
 1533    647    273     77
 1540    610    273     81
 1539    573    273    100
 1538    534    273      2
 1518    455    273     50
 1412   1054    273     42
 1432   1073    273     85
 1452   1056    273     36
 1449   1093    273     38
 1450   1132    273      7
 1449   1172    273     47
 1454   1210    273     51
 1452   1252    273     97
 1452   1289    273     52
 1451   1324    273     70
 1450   1366    273     71
 1452   1406    273     56
 1509   1206    273     55
 1529   1291    273     45
 1570   1055    273     93
 1570   1092    273     72
 1567   1131    273     18
 1567   1171    273     40
 1566   1209    273     91
 1567   1251    273     22
 1566   1290    273     94
 1567   1322    273     86
 1565   1370    273     84
 1567   1405    273     74
 1586   1232    273     28
 1605   1190    273     43
 1663   1171    273     66
 1660   1089    273     47
 1663   1056    273     33
 1598   1995    273     28
 1490   2080    273     44
 1490   2121    273     45
 1487   2157    273     60
 1487   2198    273     86
 1489   2235    273     46
 1487   2274    273     17
 1489   2314    273     74
 1487   2351    273     21
 1492   2393    273     11
 1488   2429    273     32
 1517   2196    273     76
 1557   2215    273     33
 1556   2078    273     88
 1602   2079    273     34
 1604   2118    273      7
 1604   2074    273     70
 1605   2199    273     89
 1601   2237    273      5
 1604   2272    273     21
 1603   2316    273     46
 1604   2355    273     67
 1604   2391    273      5
 1603   2427    273     69
 1477   2491    273      3
 1458   2546    273     21
 1468   2613    273     50
 1494   2552    273     16
 1548   2553    273     35
 1594   2544    273     20
 1605   2494    273     88
 1488   2659    273     77
 1486   2703    273     15
 1488   2735    273      5
 1488   2776    273     74
 1457   2775    273     57
 1489   2813    273      4
 1488   2855    273     65
 1457   2890    273     65
 1488   2893    273      3
 1487   2932    273     35
 1544   2775    273      7
 1547   2699    273     99
 1535   2668    273     98
 1583   2660    273     39
 1585   2701    273     80
 1585   2738    273     87
 1584   2777    273     45
 1586   2815    273     21
 1581   2852    273     88
 1586   2894    273     75
 1583   2933    273     19
 1485   3010    273     30
 1439   3046    273     72
 1448   3124    273     28
 1488   3085    273     11
 1493   3124    273     61
 1489   3162    273     62
 1485   3201    273     94
 1492   3244    273     78
 1487   3279    273      6
 1490   3316    273     57
 1488   3357    273     71
 1583   3065    273     26
 1624   3107    273     45
 1588   3102    273     24
 1585   3146    273     60
 1583   3182    273     94
 1601   3205    273     95
 1584   3223    273     42
 1584   3258    273     65
 1584   3300    273      3
 1586   3341    273     46
 1582   3373    273     87
 1584   3417    273     90
 1613   3420    273     78
 1632   3435    273      1
 1640   3473    273     12
 1671   3463    273     94
 1499   3493    273     84
 1487   3528    273     62
 1488   3570    273     89
 1486   3596    273     56
 1487   3643    273     81
 1487   3685    273     66
 1487   3722    273     22
 1488   3763    273      4
 1487   3800    273     11
 1488   3841    273      6
 1488   3878    273     96
 1547   3703    273     62
 1543   3742    273     70
 1582   3572    273     35
 1583   3604    273     57
 1584   3648    273     81
 1584   3686    273     64
 1580   3722    273     24
 1584   3764    273     57
 1583   3801    273     25
 1584   3842    273     87
 1586   3878    273     87
 1624   3861    273     28
 1633   3901    273     19
 1661   3889    273     22
 1622   3648    273     93
 1631   3607    273     84
 1651   3568    273     29
 1187    114    273     68
 1225     83    273     33
 1253     91    273     83
 1283     86    273     44
 1251    128    273     43
 1249    163    273      9
 1252    206    273     73
 1230    225    273     82
 1250    245    273     39
 1287    243    273     68
 1254    283    273      6
 1254    324    273     21
 1292    324    273     79
 1319     48    273     76
 1329     83    273     66
 1327    126    273     41
 1329    166    273      7
 1329    204    273      8
 1330    244    273     37
 1329    284    273     13
 1329    321    273     87
 1396     68    273     50
 1417    128    273     81
 1415    167    273     51
 1405    211    273     80
 1366    265    273     45
 1376    333    273     12
 1415    327    273     73
 1260    533    273     56
 1260    571    273     71
 1258    610    273     81
 1259    648    273      3
 1257    689    273     80
 1259    727    273     93
 1259    765    273     58
 1258    804    273     77
 1258    864    273     60
 1297    611    273     39
 1298    574    273      7
 1298    531    273     18
 1339    453    273     14
 1337    493    273     23
 1334    533    273     44
 1335    573    273     50
 1336    612    273     93
 1336    650    273     26
 1336    689    273     96
 1337    733    273     20
 1336    768    273     67
 1335    803    273     85
 1335    844    273     13
 1333    885    273     80
 1384    806    273     31
 1279    990    273     37
 1279   1062    273     88
 1236   1135    273     87
 1239   1174    273     74
 1238   1210    273      7
 1239   1250    273     13
 1239   1288    273     55
 1239   1329    273      5
 1238   1364    273     71
 1238   1408    273     79
 1208   1406    273     29
 1238   1444    273     85
 1277   1193    273     39
 1315   1152    273     36
 1296   1319    273      9
 1357   1068    273     41
 1356   1130    273     11
 1356   1172    273     43
 1401    976    273     28
 1395   1192    273     56
 1359   1214    273     20
 1375   1231    273     54
 1357   1251    273     76
 1354   1288    273     79
 1353   1326    273     72
 1357   1368    273     63
 1356   1406    273     79
 1051     88    273     49
 1047    125    273     24
 1049    170    273     68
 1044    206    273     42
 1046    246    273     44
 1048    280    273     27
 1046    322    273     52
 1099    334    273      8
 1106    127    273     63
 1096     95    273     51
 1136     86    273     87
 1134    128    273     38
 1132    162    273     81
 1134    204    273     62
 1135    247    273     29
 1135    280    273     22
 1136    322    273     81
 1153    387    273     37
 1182    339    273     54
 1232    395    273     39
 1036    456    273     40
 1090    425    273      9
 1162    465    273     18
 1233    507    273      3
 1047    534    273     38
 1049    572    273     53
 1045    608    273     95
 1046    650    273     94
 1046    689    273     67
 1046    730    273     15
 1044    763    273     62
 1048    805    273     66
 1047    847    273     13
 1047    887    273     62
 1105    805    273     54
 1092    764    273     35
 1074    727    273     82
 1087    613    273     15
 1086    533    273     39
 1128    633    273     23
 1142    529    273     35
 1144    573    273     24
 1142    610    273     23
 1143    650    273     10
 1146    690    273     40
 1142    729    273      9
 1141    768    273      3
 1142    804    273     60
 1185    592    273     91
 1221    648    273     58
 1218    861    273     79
 1183    863    273     80
 1094    900    273     15
 1085    928    273      5
 1029    942    273     83
 1027    998    273    100
 1144   1009    273     27
 1174    996    273     60
 1202   1000    273     88
 1174    942    273     18
  998   1066    273     34
  998   1104    273     77
  995   1145    273      6
  999   1181    273     88
  997   1222    273     78
  996   1261    273     40
  997   1298    273     92
  998   1339    273     10
  996   1393    273      9
 1055   1431    273     18
 1093   1452    273     25
 1095   1424    273      4
 1055   1400    273     72
 1054   1363    273     47
 1083   1384    273     13
 1094   1355    273     39
 1053   1325    273     78
 1053   1284    273     29
 1056   1249    273     54
 1058   1210    273     17
 1057   1172    273     62
 1058   1136    273     11
 1059   1092    273     15
 1048   1056    273     56
 1078   1154    273      3
 1102   1171    273     28
 1171   1055    273     11
 1173   1093    273     38
 1172   1135    273     53
 1137   1134    273     12
 1174   1179    273     59
 1172   1212    273     38
 1170   1251    273      1
 1152   1270    273     72
 1172   1292    273     90
 1172   1330    273     53
 1171   1368    273     58
 1170   1408    273     69
  784     30    273      1
  806    107    273     68
  842     85    273     37
  844    130    273     38
  843    166    273     73
  844    206    273     18
  843    245    273     13
  845    282    273     78
  843    322    273     79
  843    361    273     72
  882    166    273      2
  884     88    273     97
  930     85    273     22
  933    127    273     65
  932    163    273      8
  931    205    273     42
  931    246    273     99
  904    264    273     38
  929    286    273     20
  933    321    273     92
  930    370    273     57
  991    165    273     35
  826    440    273     99
  965    459    273     21
  581     79    273     68
  642     90    273     90
  642    128    273     26
  637    164    273     99
  642    208    273     95
  641    248    273     99
  641    285    273     23
  642    323    273     65
  640    361    273      1
  671    360    273     20
  681    164    273     45
  680     84    273      5
  710    437    273    100
  730    359    273     98
  732    321    273     90
  767    323    273     83
  726    287    273     16
  727    244    273      6
  726    117    273     94
  729    166    273      5
  729    130    273     61
  728     86    273     37
  805    594    273     59
  782    653    273     73
  842    631    273     38
  855    706    273     15
  872    799    273     87
  845    826    273     71
  843    864    273     94
  890    848    273     69
  889    883    273     77
  950    919    273     35
  932    883    273      6
  929    846    273     96
  930    804    273     46
  925    765    273     82
  933    726    273     52
  928    689    273     56
  958    690    273      7
  932    651    273     85
  929    612    273     85
  931    570    273     60
  929    535    273     99
 1001    514    273     66
  573    325    273     68
  611    474    273      4
  610    503    273     95
  601    575    273     29
  654    571    273     17
  640    648    273     13
  642    688    273     13
  638    728    273     37
  640    766    273     14
  641    805    273     69
  640    842    273     45
  641    883    273     95
  689    890    273      5
  689    843    273     82
  688    804    273     34
  729    863    273     88
  727    628    273     13
  896   1027    273     52
  881    971    273     94
  823    961    273     47
  746    958    273     33
  602    953    273     18
  599   1009    273     77
  828   1065    273     97
  803   1085    273     45
  824   1104    273     57
  825   1144    273     64
  823   1181    273     55
  823   1222    273      9
  825   1261    273     58
  821   1298    273     66
  822   1356    273     25
  843   1399    273     64
  882   1336    273     64
  881   1296    273     79
  882   1263    273     92
  880   1215    273     76
  880   1178    273     85
  882   1143    273     58
  882   1102    273     33
  879   1065    273     70
  750   1088    273     53
  753   1216    273     84
  754   1258    273     36
  773   1307    273     39
  747   1358    273     57
  710   1301    273     38
  709   1261    273     27
  707   1223    273     91
  706   1181    273     58
  707   1146    273     12
  704   1102    273     11
  708   1067    273     14
  638   1105    273     69
  639   1145    273      7
  641   1179    273     13
  637   1222    273     75
  638   1256    273     29
  639   1298    273     79
  640   1337    273     41
  640   1375    273     96
  641   1415    273      2
  602   1394    273     25
  638   1455    273     42
 1796   1505    273     18
 1756   1494    273     65
 1717   1484    273     52
 1679   1484    273     16
 1631   1473    273     25
 1533   1492    273     21
 1051   1481    273     11
 1002   1482    273     54
  811   1481    273     75
 1758   1524    273     17
 1719   1525    273     57
 1678   1524    273     32
 1640   1525    273     17
 1601   1522    273     62
 1563   1524    273     15
 1523   1524    273     25
 1485   1521    273     51
 1448   1524    273     57
 1408   1523    273     89
 1370   1524    273     65
 1332   1523    273     76
 1292   1524    273      8
 1252   1523    273     68
 1215   1523    273     48
 1175   1522    273     26
 1140   1523    273     30
 1097   1524    273     61
 1060   1522    273     14
 1022   1522    273      6
  982   1521    273     26
  947   1522    273     66
  905   1521    273     98
  865   1522    273     86
  829   1522    273     60
  790   1523    273     52
  752   1520    273     89
  713   1520    273     91
  675   1521    273      6
  634   1522    273     22
  597   1521    273     47
  557   1521    273     21
 1757   1647    273     48
 1759   1687    273      5
 1739   1773    273     24
 1720   1598    273     14
 1699   1744    273     38
 1679   1696    273     25
 1660   1559    273      4
 1640   1658    273     73
 1622   1820    273     49
 1606   1548    273     43
 1563   1551    273     44
 1574   1596    273     52
 1574   1763    273      8
 1548   1832    273     68
 1488   1562    273     48
 1451   1561    273     69
 1464   1610    273     78
 1488   1715    273     12
 1410   1627    273     18
 1411   1693    273     32
 1391   1776    273      8
 1370   1594    273     19
 1361   1626    273     95
 1334   1754    273    100
 1313   1783    273     64
 1274   1560    273     41
 1178   1813    273     32
 1140   1814    273      6
 1080   1693    273     99
 1042   1706    273     88
 1004   1636    273     84
  927   1618    273     87
  928   1667    273     66
  869   1743    273     22
  871   1842    273     90
  830   1765    273     75
  811   1642    273     72
  782   1630    273      3
  752   1611    273     82
  713   1570    273     18
  716   1842    273     68
  676   1751    273     12
  676   1821    273     24
  628   1762    273     37
  611   1716    273     89
  634   1596    273     91
  598   1607    273     76
  560   1646    273     88
  560   1685    273     93
  521   1784    273     25
 1756   1869    273     33
 1717   1869    273     69
 1680   1870    273     77
 1642   1871    273     25
 1602   1871    273     27
 1564   1871    273     18
 1526   1870    273     59
 1487   1871    273     41
 1448   1873    273     76
 1409   1871    273     35
 1369   1872    273     13
 1333   1872    273     14
 1294   1872    273     57
 1253   1873    273      2
 1218   1872    273     57
 1176   1870    273      1
 1139   1869    273     16
 1100   1872    273     43
 1061   1871    273     65
 1024   1869    273     63
  983   1871    273     94
  945   1870    273     66
  904   1870    273     72
  869   1870    273      2
  829   1870    273     54
  789   1872    273     68
  751   1867    273     14
  713   1872    273     65
  674   1868    273     88
  637   1869    273     23
  596   1871    273     24
  557   1872    273     56
 1642   1902    273     79
 1563   1899    273     14
 1456   1928    273      4
 1256   1899    273    100
 1234   1936    273      5
 1144   1909    273      9
 1102   1910    273     87
 1060   1909    273     33
  984   1898    273     53
  948   1909    273     13
  883   1927    273     36
  848   1907    273     50
  769   1906    273     82
  716   1899    273     44
  674   1908    273     63
  599   1908    273     94
 1475   1984    273     89
 1428   2007    273     34
 1429   2044    273     97
 1430   2082    273     92
 1430   2122    273     28
 1429   2160    273     47
 1429   2198    273     22
 1430   2238    273     39
 1429   2277    273     52
 1428   2314    273     76
 1432   2369    273     33
 1428   2391    273     57
 1429   2427    273     93
 1425   2493    273     64
 1380   2004    273     15
 1410   2102    273     85
 1380   2239    273     17
 1409   2370    273     26
 1352   2311    273     78
 1351   2340    273      5
 1351   2410    273     97
 1313   2156    273     31
 1270   2334    273     20
 1274   2490    273     26
 1379   2550    273     35
 1343   2547    273     41
 1362   2602    273      4
 1291   2527    273     17
 1265   2560    273     95
 1286   2635    273     48
 1363   2662    273     97
 1369   2701    273      9
 1394   2722    273     38
 1371   2740    273     25
 1370   2782    273     95
 1370   2817    273     54
 1369   2857    273    100
 1409   2886    273     75
 1369   2894    273      5
 1369   2935    273     76
 1273   2933    273     44
 1272   2893    273     29
 1273   2852    273      4
 1274   2814    273     81
 1275   2780    273     85
 1272   2737    273     48
 1271   2701    273     42
 1273   2664    273     84
 1234   2963    273     42
 1272   2961    273     73
 1390   2982    273     67
 1252   3025    273     74
 1343   3049    273     64
 1372   3087    273     23
 1372   3128    273     64
 1373   3166    273     50
 1371   3201    273     34
 1372   3240    273     86
 1369   3287    273     36
 1369   3317    273     51
 1374   3358    273     21
 1328   3417    273     28
 1294   3421    273     30
 1271   3357    273     82
 1276   3318    273     29
 1274   3278    273     67
 1233   3280    273    100
 1273   3239    273     56
 1275   3199    273     11
 1273   3164    273     18
 1276   3126    273      6
 1275   3085    273     93
 1224   3184    273     93
 1194   3144    273     64
 1320   3201    273     67
 1322   3260    273     59
 1392   3504    273     54
 1423   3532    273     37
 1399   3764    273      8
 1408   3862    273     53
 1439   3890    273     90
 1370   3528    273     52
 1370   3569    273     50
 1368   3612    273     52
 1369   3646    273     80
 1371   3683    273     10
 1370   3723    273     17
 1370   3765    273      2
 1367   3801    273     99
 1368   3840    273     85
 1367   3882    273     93
 1331   3871    273     96
 1332   3792    273     75
 1312   3586    273     84
 1274   3528    273      3
 1272   3567    273      9
 1272   3606    273    100
 1272   3648    273     41
 1273   3683    273     68
 1272   3722    273     80
 1273   3764    273     16
 1274   3808    273     59
 1274   3841    273      9
 1274   3879    273     30
 1234   2182    273     35
 1248   2241    273     84
 1226   2276    273     43
 1195   2006    273     21
 1198   2043    273     39
 1199   2079    273     71
 1197   2119    273     50
 1199   2162    273     16
 1196   2200    273      1
 1198   2238    273     31
 1195   2278    273     25
 1197   2317    273     27
 1198   2357    273     83
 1196   2392    273     36
 1197   2432    273     11
 1206   2489    273     98
 1157   2003    273     85
 1157   2042    273      9
 1158   2081    273     86
 1158   2118    273     68
 1159   2162    273     57
 1156   2200    273    100
 1156   2240    273     80
 1156   2278    273      9
 1159   2315    273     61
 1157   2351    273     30
 1160   2393    273     31
 1159   2431    273     20
 1155   2472    273     94
 1161   2509    273     99
 1119   2470    273     58
 1191   2576    273     19
 1119   2573    273     78
 1194   2740    273     62
 1155   2661    273    100
 1159   2700    273      9
 1159   2738    273     72
 1160   2776    273     76
 1161   2815    273     36
 1159   2854    273     57
 1157   2892    273     23
 1163   2929    273      9
 1108   2815    273     30
 1108   2912    273     63
 1082   2758    273     28
 1062   2657    273     59
 1063   2701    273      8
 1064   2739    273     18
 1062   2776    273     52
 1063   2816    273     30
 1061   2850    273     73
 1060   2894    273     31
 1059   2933    273     91
 1176   3028    273     13
 1158   3088    273     61
 1160   3126    273     32
 1155   3166    273     62
 1158   3201    273     86
 1159   3242    273     40
 1157   3282    273     10
 1158   3320    273     47
 1158   3356    273     57
 1109   3068    273     96
 1121   3105    273     52
 1097   3206    273     67
 1064   3088    273      1
 1062   3131    273     50
 1064   3162    273     37
 1062   3203    273      2
 1061   3241    273     99
 1059   3280    273     58
 1061   3320    273     19
 1062   3357    273     73
 1213   3625    273     22
 1224   3667    273     21
 1186   3743    273     32
 1204   3783    273     59
 1157   3530    273     26
 1158   3569    273     62
 1159   3611    273     98
 1160   3645    273     64
 1153   3686    273     21
 1158   3729    273     92
 1158   3765    273     21
 1156   3801    273     26
 1157   3843    273     75
 1157   3880    273      5
 1118   3501    273     17
 1118   3794    273     22
 1118   3870    273     94
 1059   3529    273     88
 1061   3568    273     92
 1063   3607    273     31
 1062   3647    273     69
 1061   3682    273     96
 1062   3730    273     77
 1059   3763    273     85
 1061   3801    273     42
 1059   3842    273     56
 1060   3880    273     99
  954   1976    273     71
  955   2023    273     33
 1083   2026    273     79
 1073   2061    273     40
 1012   2100    273     74
 1072   2198    273     39
  981   2279    273     67
 1050   2507    273     49
  964   2624    273     77
 1005   2681    273     62
  984   2719    273     98
 1031   3009    273     70
 1004   3059    273     93
  970   3018    273     22
 1003   3426    273     59
  968   3425    273     54
  928   2006    273     92
  928   2048    273     57
  928   2081    273      5
  927   2122    273     95
  927   2159    273      2
  928   2200    273     10
  925   2241    273     50
  927   2276    273     23
  926   2317    273     52
  928   2354    273     24
  926   2391    273     62
  929   2429    273     74
  926   2469    273     24
  924   2508    273     60
  886   2003    273     91
  889   2045    273     64
  888   2083    273     73
  888   2120    273     25
  889   2159    273     19
  887   2201    273     14
  886   2241    273     54
  890   2276    273     63
  886   2315    273     16
  888   2353    273     40
  888   2392    273     68
  886   2430    273     85
  887   2468    273     99
  889   2509    273     21
  910   2588    273     79
  947   2662    273      7
  869   2633    273      8
  947   2659    273     18
  946   2700    273     83
  946   2740    273     47
  946   2777    273     81
  947   2815    273     28
  945   2856    273     64
  947   2894    273     85
  944   2932    273     84
  847   2929    273     31
  848   2891    273     48
  850   2854    273     61
  847   2813    273     93
  848   2775    273     43
  847   2736    273     44
  849   2699    273     31
  849   2665    273     11
  863   2987    273      9
  867   3019    273     27
  944   3021    273     72
  941   3088    273    100
  944   3127    273     99
  945   3160    273     81
  945   3203    273     35
  943   3242    273     32
  945   3275    273     40
  946   3321    273     46
  945   3359    273     91
  849   3087    273     14
  849   3125    273     37
  850   3162    273     71
  848   3202    273     55
  850   3242    273     81
  850   3283    273     12
  853   3319    273     74
  938   3441    273     86
  910   3440    273     52
  943   3530    273     98
  947   3570    273     46
  943   3609    273     43
  946   3647    273     24
  947   3683    273     57
  947   3725    273     38
  947   3761    273     69
  946   3803    273     18
  946   3843    273     48
  946   3883    273     77
  904   3703    273     96
  928   3742    273     83
  904   3793    273     20
  895   3834    273      5
  897   3859    273     24
  867   3522    273     72
  848   3607    273     73
  848   3647    273     59
  849   3683    273     58
  848   3727    273     22
  852   3757    273     92
  850   3800    273      6
  849   3841    273     27
  850   3878    273     55
  826   3821    273     25
  811   3858    273     88
  694   1955    273     39
  824   1976    273     70
  804   2041    273     46
  793   2081    273     33
  762   2117    273     65
  803   2142    273     35
  750   2159    273     51
  773   2180    273     23
  861   2487    273     73
  831   2503    273     18
  842   2583    273     47
  759   2718    273     97
  791   2779    273     91
  780   2967    273     33
  829   3000    273      8
  808   3237    273     31
  819   3279    273      3
  760   3319    273     24
  780   3424    273     62
  808   3444    273     67
  785   3527    273     13
  780   3572    273     48
  748   3550    273     78
  750   3708    273      1
  655   1966    273     72
  656   2011    273     11
  655   2040    273     82
  656   2082    273     72
  658   2123    273     61
  656   2160    273     97
  656   2198    273     52
  658   2239    273     22
  657   2274    273     41
  657   2314    273     17
  657   2356    273     70
  657   2390    273     17
  654   2430    273     57
  655   2469    273      6
  656   2509    273     89
  599   2004    273     39
  597   2042    273     98
  598   2081    273     32
  596   2122    273     26
  598   2161    273     60
  599   2196    273     15
  600   2239    273     93
  597   2278    273     41
  597   2317    273     15
  598   2354    273     58
  597   2393    273     94
  598   2432    273     75
  597   2516    273     30
  598   2551    273     22
  734   2663    273     39
  735   2701    273     80
  735   2741    273     53
  735   2780    273     22
  735   2814    273     67
  734   2851    273     41
  732   2896    273     16
  734   2932    273     78
  704   2834    273     46
  680   2771    273     80
  689   2693    273     33
  697   2630    273      5
  657   2881    273     36
  639   2595    273     14
  636   2631    273    100
  639   2673    273     57
  637   2708    273      8
  635   2748    273      9
  635   2787    273     14
  635   2822    273     47
  636   2863    273     40
  636   2902    273     62
  636   2944    273     44
  598   2592    273     23
  600   2629    273     87
  596   2671    273     49
  598   2707    273     12
  596   2748    273     48
  596   2787    273     37
  597   2825    273     39
  598   2863    273     32
  595   2900    273     87
  595   2943    273     87
  733   3020    273     72
  628   2998    273      5
  547   3010    273     47
  734   3087    273      5
  733   3125    273     72
  736   3164    273      7
  732   3202    273     45
  732   3237    273      4
  733   3277    273     95
  734   3320    273     26
  703   3459    273     10
  692   3587    273     96
  733   3607    273     12
  731   3644    273     84
  733   3687    273     74
  734   3723    273     82
  732   3767    273     68
  732   3804    273     73
  734   3844    273     75
  733   3880    273     66
  674   3086    273     31
  676   3122    273     59
  674   3169    273      4
  674   3199    273     31
  672   3241    273     70
  675   3279    273     42
  677   3320    273     46
  676   3359    273     40
  675   3396    273     14
  674   3436    273     99
  666   3472    273     61
  676   3531    273     94
  675   3571    273      6
  672   3609    273     16
  674   3648    273     92
  675   3684    273     58
  675   3726    273     56
  674   3764    273     27
  674   3802    273     83
  674   3844    273      3
  676   3877    273     43
  578   3144    273     39
  620   3223    273     72
  640   3271    273      8
  607   3341    273     78
  636   3439    273     88
  597   3533    273      3
  609   3940    273     96
  438     49    273     12
  417    284    273     42
  457    122    273     78
  453    162    273     80
  454    202    273     52
  456    242    273     35
  457    282    273     72
  457    320    273      8
  456    361    273     94
  484    185    273     97
  524    122    273      6
  525    166    273      8
  526    204    273     31
  523    245    273     82
  524    283    273     47
  526    323    273     96
  524    361    273     27
  559    390    273     50
  390    410    273     68
  363     47    273      2
  339    124    273     86
  340    165    273     22
  340    204    273     95
  342    243    273      8
  341    282    273     94
  341    323    273     18
  342    359    273     40
  322     48    273     33
  302    127    273     66
  300    163    273     88
  302    203    273     24
  301    244    273     49
  302    285    273     82
  305    325    273     91
  304    362    273     53
  247    382    273     32
  223    282    273     55
  212    110    273     26
  233     50    273     22
  169     41    273     95
  186    128    273     38
  186    164    273      9
  186    203    273     76
  189    246    273     88
  186    285    273      4
  186    322    273     81
  188    361    273     66
  148    358    273     90
  147    322    273      5
  147    287    273     80
  150    244    273     20
  149    207    273     60
  149    166    273     28
  149    129    273     51
  111    168    273     69
   91     51    273     11
   54     48    273     50
   33    126    273     46
   33    167    273     97
   35    118    273     75
   35    248    273      9
   33    360    273     85
   31    364    273     34
   33    368    273      6
   34    372    273     14
   33    323    273     91
   34    362    273     60
   63    360    273     87
   90    324    273     11
  534    473    273     39
  529    610    273      3
  494    504    273     68
  467    475    273     83
  437    532    273     83
  454    603    273     39
  397    524    273     45
  415    479    273     84
  366    604    273     25
  322    524    273     25
  312    465    273     72
  272    522    273     69
  273    571    273     44
  262    436    273     95
  229    452    273     70
  224    484    273     23
  119    573    273      2
  117    526    273     46
   54    574    273     68
   52    493    273     65
   64    453    273     47
    4    554    273     28
  -47    512    273     90
    4    602    273     47
   34    632    273     61
   12    666    273     13
  550    691    273     27
  525    650    273     32
  525    689    273     54
  521    729    273     30
  523    766    273     20
  523    805    273    100
  521    841    273      3
  527    884    273     46
  455   1299    273     30
  427    884    273     63
  428    843    273     58
  429    804    273     47
  428    768    273     55
  427    728    273     35
  426    685    273     60
  430    648    273     80
  370    725    273     34
  387    781    273     11
  367    823    273     92
  311    883    273     74
  311    839    273     81
  313    801    273     91
  313    767    273     48
  309    724    273     82
  311    685    273     34
  316    649    273     24
  234    650    273     14
  234    685    273     16
  234    724    273     41
  212    745    273     32
  233    764    273     94
  233    802    273     95
  235    843    273     68
  236    885    273     24
  158    670    273     97
  117    646    273     27
  118    688    273     24
  119    728    273     77
  118    767    273     36
  120    805    273    100
  119    842    273     51
  120    882    273     43
  544   1038    273     82
  522    951    273     85
  477   1046    273     42
  475    979    273     24
  449   1050    273     56
  396    976    273     40
  299    941    273     31
  243    918    273     11
  262    991    273      7
  214    951    273     72
  205    987    273     60
  225   1026    273     28
  166    979    273     51
  127   1015    273     51
  106    972    273     58
   89   1017    273      3
   23    968    273     13
  -61    801    273     50
  -57     32    273     45
  523   1103    273     88
  524   1143    273     15
  523   1183    273     63
  522   1223    273     16
  523   1256    273     34
  523   1296    273     74
  523   1337    273     52
  523   1377    273      3
  526   1415    273     12
  523   1454    273     12
  476   1084    273     32
  476   1121    273     97
  475   1162    273     11
  475   1199    273     39
  477   1241    273      9
  474   1277    273      9
  475   1316    273     37
  478   1355    273     36
  478   1394    273     97
  475   1431    273     48
  475   1473    273     44
  878   1506    273     49
  474   1549    273      5
  475   1587    273     17
  475   1625    273      2
  478   1665    273     29
  475   1706    273     48
  475   1743    273     56
  476   1781    273     38
  476   1830    273     50
  476   1912    273     49
  436   1087    273     93
  439   1123    273     19
  438   1160    273     40
  434   1202    273     82
  436   1238    273     88
  435   1281    273     65
  436   1320    273     11
  435   1357    273      4
  436   1396    273      9
  436   1435    273     11
  438   1473    273     58
  435   1502    273     26
  435   1552    273     96
  434   1587    273     51
  436   1627    273     21
  438   1665    273     37
  437   1703    273     73
  437   1744    273     96
  438   1781    273     48
  438   1822    273     26
  437   1862    273     69
  434   1900    273     80
  391   1086    273     47
  377   1192    273     58
  385   1230    273     77
  367   1268    273     29
  378   1551    273     21
  358   1841    273     14
  346   1899    273      3
  317   1122    273     89
  322   1162    273    100
  322   1200    273      1
  319   1239    273     63
  321   1277    273     69
  319   1317    273     45
  321   1353    273     42
  321   1394    273     99
  320   1430    273     83
  320   1471    273     75
  320   1550    273     51
  321   1590    273      5
  318   1625    273     28
  319   1664    273     26
  320   1704    273     19
  321   1743    273     41
  319   1784    273     35
  321   1821    273     57
  321   1859    273     28
  319   1899    273     66
  279   1061    273     66
  283   1122    273     61
  281   1161    273     23
  281   1198    273      6
  280   1240    273     78
  282   1274    273     67
  281   1318    273     82
  281   1355    273     43
  281   1395    273     65
  281   1435    273     55
  283   1473    273     12
  281   1550    273      9
  281   1584    273     12
  282   1626    273     79
  281   1667    273     99
  281   1704    273      5
  281   1743    273     94
  284   1783    273     26
  283   1822    273     11
  282   1860    273     27
  282   1900    273     79
  216   1181    273      2
  246   1373    273     30
  241   1433    273      4
  230   1471    273     89
  260   1514    273     88
  236   1541    273     31
  235   1838    273     56
  205   1063    273     31
  167   1100    273     81
  170   1131    273     35
  166   1084    273     31
  165   1202    273     92
  167   1239    273     29
  187   1260    273     33
  168   1281    273     34
  167   1315    273     89
  165   1360    273     19
  168   1391    273     30
  167   1434    273      5
  170   1471    273     74
  167   1550    273     15
  166   1587    273     87
  165   1626    273     43
  167   1665    273     87
  167   1711    273     39
  169   1743    273     31
  167   1781    273     87
  167   1820    273     90
  168   1858    273    100
  167   1901    273     76
  131   1055    273     46
  129   1094    273    100
  128   1132    273     69
  125   1172    273      9
  128   1213    273     97
  126   1250    273     63
  128   1290    273     36
  123   1327    273     32
  127   1367    273     93
  128   1405    273     35
  129   1443    273     67
  127   1485    273     52
  128   1522    273     93
  131   1560    273     56
  129   1599    273     34
  130   1638    273     19
  130   1678    273     93
  127   1713    273     95
  128   1753    273     78
   91   1058    273     89
   89   1097    273     57
   87   1131    273    100
   87   1169    273      6
   86   1211    273      1
   86   1248    273      8
   90   1292    273     54
   87   1240    273      9
   90   1369    273     87
   86   1408    273     27
   88   1445    273     29
   90   1483    273     42
   91   1520    273     41
   88   1558    273     28
   94   1606    273     56
   91   1639    273     22
   88   1676    273     27
   89   1629    273     26
   89   1758    273     66
   53   1057    273     23
   49   1094    273     13
   49   1135    273     67
   51   1175    273     63
   51   1213    273     58
   49   1251    273     71
   50   1288    273     24
   50   1328    273     55
   51   1366    273     75
   49   1404    273     94
   51   1444    273     21
   50   1483    273     66
   51   1522    273     28
   50   1558    273     48
   53   1600    273     79
   50   1637    273     58
   50   1673    273     87
   47   1712    273     38
   50   1754    273     70
   49   1795    273     44
   11   1055    273     15
   16   1095    273     30
   12   1134    273     51
   13   1173    273     62
   15   1210    273     44
   12   1249    273     99
   11   1289    273     75
   14   1328    273     81
   13   1368    273     83
   14   1406    273     56
   16   1441    273     73
   13   1482    273     18
   14   1521    273     84
   10   1561    273     11
   12   1594    273     27
   10   1637    273     94
   15   1678    273     39
   15   1714    273     51
   11   1753    273      7
   11   1793    273     93
   21   1882    273     40
   88   1327    273     25
   88   1712    273     84
  503   2002    273    100
  512   2040    273     94
  542   2099    273     62
  521   2140    273     65
  534   2179    273     10
  484   2098    273     42
  434   2062    273     61
  414   2020    273     22
  394   2137    273     83
  426   2198    273     31
  463   2277    273     85
  484   2313    273     68
  415   2292    273     47
  435   2373    273     90
  436   2437    273     89
  463   2438    273     85
  494   2458    273     37
  484   2516    273      7
  484   2552    273      1
  483   2592    273     38
  483   2630    273     20
  484   2671    273     47
  483   2707    273     53
  484   2748    273     17
  482   2784    273      2
  482   2824    273     64
  484   2863    273     52
  485   2903    273     43
  483   2939    273     82
  521   2941    273      9
  520   2899    273     60
  523   2862    273     79
  521   2823    273     55
  521   2787    273     66
  524   2745    273     55
  520   2709    273     53
  521   2669    273     26
  522   2631    273      7
  520   2593    273     54
  473   3011    273     55
  337   1933    273     90
  359   1964    273     28
  368   2001    273     46
  368   2039    273     65
  367   2079    273     87
  367   2118    273     20
  368   2160    273     36
  367   2197    273     86
  367   2238    273     42
  368   2275    273     26
  368   2313    273     37
  370   2351    273     35
  369   2392    273     10
  365   2427    273     60
  322   2080    273     12
  319   2118    273     76
  318   2156    273     50
  319   2199    273     27
  318   2233    273     71
  319   2274    273     76
  319   2315    273     46
  318   2352    273     47
  319   2394    273     68
  318   2428    273     33
  290   1972    273     13
  281   1999    273     46
  282   2042    273     52
  280   2078    273     63
  278   2115    273     52
  280   2161    273     74
  280   2195    273     18
  279   2236    273     62
  281   2278    273     40
  280   2312    273     54
  281   2355    273     45
  280   2392    273     79
  277   2427    273     89
  348   2503    273     95
  385   2524    273     15
  387   2554    273     40
  365   2582    273     45
  376   2622    273     40
  394   2750    273     41
  395   2952    273     90
  308   2526    273     41
  279   2527    273     91
  280   2563    273     82
  321   2604    273     41
  283   2600    273     93
  316   2640    273     26
  282   2640    273      3
  321   2680    273     97
  280   2679    273     49
  320   2717    273     76
  282   2717    273    100
  320   2757    273     72
  279   2755    273     84
  318   2798    273     37
  283   2794    273     13
  319   2833    273     29
  281   2832    273     74
  318   2870    273     91
  282   2869    273      4
  321   2910    273     27
  280   2910    273     39
  320   2949    273     94
  281   2949    273      9
  557   3089    273     58
  559   3125    273     42
  556   3164    273     62
  558   3201    273     55
  558   3240    273     33
  559   3279    273     83
  558   3317    273     26
  559   3356    273     20
  561   3393    273     75
  560   3437    273      4
  490   3277    273     69
  463   3085    273     75
  462   3122    273     48
  464   3163    273     17
  463   3200    273     67
  461   3235    273     81
  464   3278    273     47
  462   3316    273     67
  464   3355    273      6
  463   3395    273     25
  464   3434    273     14
  558   3532    273     37
  559   3568    273     83
  559   3604    273     28
  562   3645    273     97
  558   3685    273     94
  561   3724    273     63
  558   3766    273     17
  559   3800    273     66
  560   3839    273     13
  561   3879    273     70
  520   3760    273     70
  509   3800    273     33
  511   3840    273     43
  509   3879    273     61
  460   3489    273     67
  443   3519    273     85
  452   3565    273     22
  464   3606    273     58
  463   3644    273     86
  461   3685    273     80
  462   3721    273     37
  463   3761    273     73
  462   3801    273     85
  462   3840    273     28
  462   3877    273     96
  444   3036    273     26
  357   3037    273    100
  394   3260    273     46
  397   3339    273     16
  396   3418    273     68
  384   3512    273     62
  388   3548    273     79
  374   3609    273     32
  403   3646    273     64
  424   3687    273     28
  406   3743    273     59
  405   3906    273     50
  442   3919    273     13
  344   3087    273      8
  349   3124    273     58
  346   3162    273     20
  347   3201    273     44
  348   3238    273     61
  347   3275    273     77
  346   3317    273     62
  349   3358    273     48
  347   3397    273     47
  349   3432    273     14
  349   3477    273     19
  347   3511    273     58
  348   3547    273     16
  346   3604    273     35
  346   3643    273     51
  347   3687    273     71
  348   3724    273     91
  346   3762    273     74
  348   3798    273     31
  344   3839    273     49
  347   3876    273     61
  324   3413    273     26
  307   3501    273     24
  296   3558    273     50
  327   3629    273     52
  296   3743    273     80
  270   3124    273     25
  272   3161    273     68
  269   3197    273     74
  272   3238    273     25
  270   3279    273     59
  271   3318    273     21
  273   3356    273     85
  250   3220    273     80
  231   3288    273      6
  221   3338    273     19
  242   3377    273     49
  263   3453    273     50
  252   3529    273     48
  212   3470    273     75
  211   3514    273      8
  272   3587    273     98
  270   3624    273     58
  268   3665    273     13
  270   3706    273     25
  270   3742    273     89
  270   3784    273      2
  270   3820    273     87
  270   3858    273     59
  271   3916    273     46
  213   3824    273     19
  194   3917    273     90
  223   2021    273     31
  222   2140    273     98
  234   2410    273     27
  231   2490    273     61
  202   2079    273     82
  203   2120    273     65
  202   2159    273     28
  203   2197    273     88
  201   2237    273     96
  204   2274    273     13
  204   2316    273     82
  202   2353    273     23
  200   2392    273     69
  204   2428    273     72
  203   2602    273     80
  204   2643    273     31
  205   2699    273     67
  205   2721    273     20
  204   2759    273     94
  204   2799    273     43
  204   2836    273     82
  203   2877    273     82
  204   2913    273     15
  204   2953    273     51
  164   2003    273     58
  165   2042    273      1
  165   2081    273     85
  164   2120    273     69
  164   2159    273      1
  165   2197    273     32
  164   2233    273     78
  164   2274    273      7
  166   2315    273     46
  165   2351    273     59
  164   2392    273     36
  164   2430    273     31
  165   2487    273     93
  164   2523    273      6
  166   2567    273     13
  165   2602    273     51
  166   2643    273     26
  163   2683    273     92
  165   2721    273     85
  165   2759    273     75
  164   2799    273    100
  163   2837    273     37
  166   2869    273     42
  166   2911    273     61
  164   2954    273     18
  128   2080    273     70
  127   2140    273     30
  127   2180    273     42
  125   2219    273     51
  125   2258    273      5
  127   2296    273     94
  125   2158    273     73
  128   2373    273     31
  127   2416    273     48
  126   2448    273     42
  128   2489    273     85
  127   2528    273     17
  127   2564    273     83
  126   2607    273     89
  127   2642    273     98
  126   2683    273      7
  126   2720    273     12
  128   2760    273      9
  127   2796    273     14
  124   2834    273     76
  127   2874    273     10
  129   2914    273     48
   78   1990    273     29
   88   2137    273     27
   90   2177    273      9
   87   2218    273     81
   87   2258    273     58
   90   2298    273      5
   91   2343    273     76
   90   2373    273     84
   92   2420    273     87
   89   2449    273     71
   87   2489    273     97
   86   2524    273      1
   90   2565    273     90
   88   2604    273     81
   89   2643    273     72
   87   2679    273     55
   89   2718    273     81
   89   2757    273     26
   90   2806    273     82
   88   2835    273     56
   87   2872    273     92
   88   2911    273     92
   50   2137    273     16
   50   2176    273     56
   51   2216    273     99
   49   2257    273     17
   50   2294    273     47
   49   2334    273     40
   49   2370    273     49
   48   2408    273      7
   50   2449    273     46
   50   2489    273     89
   50   2525    273     62
   49   2564    273     67
   50   2603    273     25
   50   2643    273     58
   49   2681    273     39
   50   2717    273     24
   50   2757    273     53
   51   2796    273     26
   49   2834    273     35
   49   2874    273     97
  -23   1994    273     13
   10   2137    273     27
   12   2178    273     86
   11   2217    273     92
   11   2256    273     83
   11   2292    273     54
   11   2333    273     89
   13   2378    273     93
   10   2411    273      7
    9   2448    273     18
   10   2484    273     33
    9   2524    273     94
   11   2563    273     42
   10   2601    273     15
   10   2640    273     48
   11   2682    273     17
    9   2718    273     30
   10   2754    273     39
   10   2801    273     68
   10   2834    273     79
   11   2872    273     46
  126   2334    273     88
  173   3143    273     62
  174   3184    273     47
  155   3123    273     84
  154   3162    273     12
  156   3203    273      6
  154   3241    273     86
  154   3278    273     63
  154   3314    273     12
  156   3355    273     96
  153   3397    273     68
  136   3468    273      5
  135   3510    273    100
  155   3551    273     23
  156   3591    273     83
  155   3627    273     70
  155   3665    273     70
  154   3707    273     76
  152   3744    273     84
  156   3791    273      2
  155   3822    273     29
  157   3861    273     76
  115   3547    273     74
  114   3585    273     39
  114   3600    273     86
  113   3610    273     26
  113   3624    273     42
  112   3663    273     41
  112   3699    273     20
  112   3739    273     56
  112   3779    273     35
  116   3819    273     74
  113   3858    273     88
  114   3898    273     14
  105   3102    273     35
  103   3159    273     38
  107   3256    273     82
  105   3295    273     71
  105   3375    273     34
   66   3215    273     95
   64   3374    273     14
   75   3462    273     34
   36   3460    273     57
   75   3546    273     82
   37   3547    273     27
   76   3624    273     11
   35   3622    273     11
   77   3702    273     24
   37   3701    273     45
   77   3778    273     30
   37   3780    273     50
   78   3858    273     96
   36   3856    273     70
   -4   3873    273     77
   17   2052    273      4
   16   2962    273     44
  -66   3134    273     89
  -68   3905    273     50
   38   3941    273     69
