 8 4 3038 900 58
 2830     40    216     81
 2830     77    216     49
 2830    114    216     58
 2831    155    216     24
 2830    194    216     97
 2831    231    216      6
 2831    269    216     75
 2831    309    216     70
 2830    347    216     63
 2830    384    216    100
 2792     35    216     20
 2792     75    216     84
 2790    115    216     68
 2792    153    216     82
 2791    191    216     46
 2791    231    216     17
 2790    271    216     51
 2791    306    216     35
 2791    345    216     11
 2792    384    216     14
 2800    460    216      9
 2801    499    216     59
 2801    538    216      9
 2800    578    216     70
 2802    620    216     40
 2800    654    216     21
 2800    694    216     26
 2802    732    216     65
 2800    772    216      7
 2800    810    216     42
 2762    459    216      4
 2761    497    216     76
 2761    540    216     98
 2761    578    216     38
 2762    591    216     18
 2763    656    216     16
 2762    694    216     47
 2761    731    216     15
 2762    770    216     41
 2761    808    216     22
 2801    946    216      8
 2803   1034    216     98
 2723    943    216     68
 2724   1029    216     81
 2702   1003    216     39
 2800   1098    216     73
 2799   1137    216     22
 2831   1158    216     62
 2801   1178    216      1
 2800   1216    216     49
 2829   1237    216      7
 2801   1254    216     37
 2800   1292    216     14
 2800   1331    216     16
 2801   1370    216     41
 2799   1409    216     25
 2804   1450    216      6
 2759   1098    216     34
 2762   1138    216     61
 2762   1178    216      4
 2761   1213    216      1
 2763   1255    216     88
 2761   1293    216      1
 2763   1330    216     19
 2761   1369    216     52
 2759   1411    216     11
 2761   1446    216     81
 2762    617    216     84
 2801   1507    216     30
 2800   1548    216     21
 2801   1581    216     32
 2801   1619    216     17
 2799   1656    216     41
 2800   1698    216     73
 2800   1738    216     31
 2800   1781    216     77
 2799   1820    216     77
 2800   1856    216      7
 2760   1506    216      8
 2760   1543    216     33
 2763   1586    216     10
 2761   1621    216     22
 2761   1659    216     97
 2761   1698    216    100
 2762   1737    216     85
 2761   1775    216     86
 2762   1821    216     77
 2762   1853    216     82
 2800   2067    216     84
 2798   2102    216     60
 2799   2143    216     75
 2801   2183    216     46
 2800   2221    216     46
 2801   2262    216     57
 2800   2299    216     23
 2800   2337    216      3
 2801   2376    216     17
 2800   2414    216      5
 2760   2066    216     93
 2760   2105    216     72
 2761   2144    216     62
 2761   2184    216     85
 2763   2222    216     31
 2760   2259    216     23
 2761   2297    216     18
 2760   2338    216     24
 2761   2372    216     10
 2800   2411    216     34
 2800   2491    216      6
 2772   2512    216     77
 2732   2491    216     29
 2788   2167    216     21
 2762   2676    216     61
 2732   2618    216     17
 2761   2903    216     41
 2761   2983    216     94
 2799   3041    216     57
 2800   3083    216     30
 2799   3117    216     61
 2799   3085    216     99
 2799   3195    216     26
 2798   3234    216     38
 2799   3274    216     33
 2798   3312    216     49
 2798   3350    216     98
 2797   3389    216     22
 2799   3427    216     69
 2800   3464    216     28
 2864   3474    216     52
 2865   3515    216     47
 2798   3563    216     98
 2798   3796    216     83
 2797   3794    216     32
 2698     39    216     99
 2697    116    216     71
 2716    191    216     24
 2696    540    216     15
 2704   1437    216     99
 2704   1583    216     69
 2703   1680    216     14
 2694   2221    216     19
 2704   2317    216     71
 2714   2345    216     93
 2733   2374    216     97
 2720   3100    216     90
 2721   3147    216     54
 2752   3198    216     99
 2712   3194    216      5
 2683   3196    216     70
 2642   3195    216     43
 2763   3292    216     83
 2761   3332    216     10
 2761   3369    216     69
 2760   3409    216     93
 2732   3467    216     31
 2701   3621    216     70
 2699   3852    216     53
 2781   3940    216     90
 2701   3940    216     85
 2623   3945    216     66
 2621     -5    216      5
 2744     18    216     42
 2649     25    216     38
 2609     48    216     19
 2659     94    216     98
 2658    134    216     57
 2659    171    216     32
 2658    208    216     72
 2657    248    216     33
 2660    285    216     35
 2659    325    216     68
 2659    368    216     95
 2545     92    216     82
 2543    131    216     48
 2543    170    216     84
 2541    212    216     75
 2538    248    216     89
 2544    288    216     98
 2541    246    216     26
 2541    362    216     44
 2571    270    216     72
 2571    325    216     21
 2485     36    216     45
 2524     54    216     61
 2494    249    216      7
 2590    393    216     36
 2641    411    216     92
 2659    441    216     54
 2660    500    216     15
 2660    538    216     38
 2658    577    216     32
 2659    618    216     69
 2660    656    216     13
 2661    701    216     20
 2658    733    216     15
 2659    772    216     66
 2582    439    216     62
 2592    521    216     94
 2581    770    216     69
 2543    497    216     35
 2542    536    216     95
 2543    579    216     47
 2542    615    216     30
 2542    657    216     54
 2543    691    216      1
 2543    734    216     64
 2541    771    216     70
 2542    808    216     41
 2543    847    216     75
 2540    877    216     68
 2617    847    216     43
 2620    916    216     78
 2570   1004    216     47
 2529   1003    216     93
 2656   1042    216     60
 2658   1082    216      2
 2656   1118    216     90
 2657   1159    216     92
 2656   1200    216      9
 2657   1236    216      7
 2657   1272    216     24
 2657   1314    216      5
 2616   1137    216     50
 2617   1195    216     29
 2624   1273    216     66
 2598   1314    216     57
 2558   1214    216     29
 2542   1040    216     10
 2540   1079    216     27
 2541   1121    216     67
 2540   1156    216     59
 2539   1195    216     53
 2539   1231    216     40
 2540   1272    216     72
 2540   1311    216     12
 2501   1342    216     63
 2540   1358    216     51
 2540   1398    216     84
 2512   1436    216     30
 2628   1435    216     61
 2643   1484    216     82
 2667   1524    216      1
 2666   1560    216     29
 2665   1601    216     72
 2667   1640    216     52
 2665   1679    216     59
 2665   1728    216     59
 2666   1755    216     99
 2666   1794    216     89
 2665   1836    216     40
 2667   1873    216     66
 2646   1486    216     58
 2617   1525    216     57
 2628   1715    216     72
 2618   1756    216     91
 2548   1524    216     50
 2550   1561    216     14
 2552   1600    216     47
 2550   1640    216     82
 2550   1677    216     25
 2551   1717    216     37
 2551   1756    216     46
 2551   1798    216     18
 2549   1832    216     78
 2550   1874    216     70
 2579   1893    216     66
 2665   1935    216     30
 2647   1991    216     46
 2667   2025    216     13
 2667   2064    216     99
 2667   2104    216     24
 2665   2139    216      9
 2666   2178    216     36
 2665   2220    216     84
 2665   2254    216     34
 2548   2258    216     15
 2549   2218    216     50
 2549   2180    216     50
 2550   2141    216     51
 2549   2103    216     90
 2548   2064    216     96
 2548   2025    216     76
 2538   1987    216     46
 2590   2333    216     35
 2666   2328    216      1
 2667   2394    216     50
 2667   2432    216     22
 2666   2470    216     44
 2666   2508    216     92
 2665   2550    216      5
 2665   2586    216     64
 2666   2626    216     81
 2549   2393    216     37
 2548   2431    216     63
 2549   2473    216     82
 2548   2512    216      2
 2546   2548    216     73
 2550   2591    216     63
 2548   2627    216     99
 2687   2716    216     60
 2686   2868    216     41
 2647   2711    216      6
 2645   2866    216     26
 2643   2906    216     34
 2645   2984    216     16
 2604   2905    216     21
 2605   3109    216    100
 2605   3136    216     21
 2606   3290    216     73
 2606   3333    216     66
 2606   3368    216     60
 2604   3410    216     88
 2568   3037    216     59
 2568   3079    216     81
 2568   3119    216     30
 2567   3157    216     86
 2566   3195    216     76
 2567   3234    216     83
 2568   3274    216     23
 2566   3310    216     31
 2568   3350    216     56
 2566   3386    216     61
 2567   3428    216      4
 2568   3466    216     36
 2352     89    216     49
 2348    125    216     85
 2349    168    216     94
 2349    208    216     28
 2350    244    216     55
 2349    286    216     21
 2350    322    216     32
 2400    333    216     83
 2466    323    216     93
 2406    207    216    100
 2378    168    216     58
 2417    130    216     96
 2397     70    216     58
 2468    283    216     37
 2467    242    216     99
 2494    245    216     63
 2467    208    216     61
 2462    168    216     40
 2465    129    216     22
 2465     90    216     85
 2421    383    216     83
 2377    449    216     19
 2458    392    216     94
 2468    467    216     23
 2507    561    216     10
 2351    534    216     52
 2352    574    216     24
 2350    614    216     42
 2350    652    216     22
 2352    691    216     95
 2350    727    216     53
 2351    768    216     47
 2467    765    216     31
 2466    729    216     44
 2466    692    216     15
 2466    649    216     70
 2466    613    216     14
 2466    574    216     16
 2467    540    216     68
 2513    572    216     55
 2350    827    216     67
 2418    836    216     14
 2438    875    216     85
 2475    833    216     31
 2495    941    216     87
 2388    942    216      4
 2348    940    216     37
 2475   1008    216     10
 2466   1038    216     58
 2351   1040    216     43
 2350   1075    216     20
 2349   1114    216     49
 2347   1152    216     91
 2349   1192    216     72
 2349   1232    216     78
 2348   1270    216     46
 2348   1307    216     71
 2388   1209    216     40
 2408   1116    216     63
 2468   1310    216     19
 2466   1269    216     23
 2465   1232    216     39
 2484   1212    216    100
 2465   1190    216     58
 2465   1158    216     46
 2462   1112    216     13
 2466   1075    216     52
 2367   1354    216     83
 2380   1433    216      4
 2338   1452    216     35
 2415   1482    216     81
 2436   1431    216     42
 2425   1394    216     97
 2426   1358    216     78
 2465   1471    216     90
 2473   1373    216     51
 2321   1522    216     13
 2320   1557    216     81
 2320   1598    216     12
 2318   1638    216     52
 2320   1673    216     81
 2321   1717    216     43
 2322   1755    216     51
 2321   1794    216     56
 2321   1832    216     62
 2322   1872    216      7
 2349   1831    216     53
 2377   1870    216     51
 2378   1830    216     64
 2378   1789    216     96
 2378   1752    216     97
 2378   1714    216      8
 2377   1679    216     81
 2376   1637    216     14
 2378   1597    216     93
 2378   1558    216     77
 2380   1524    216     62
 2525   1880    216     28
 2493   1868    216     95
 2495   1830    216     94
 2493   1791    216     99
 2492   1753    216     54
 2493   1714    216     41
 2491   1676    216      3
 2492   1634    216     27
 2493   1601    216     27
 2494   1559    216     66
 2494   1349    216      8
 2378   2022    216     38
 2379   2059    216     76
 2377   2099    216     88
 2379   2137    216     78
 2377   2177    216     17
 2379   2218    216     45
 2379   2254    216     58
 2454   2041    216     58
 2474   1953    216      2
 2495   2288    216      9
 2493   2255    216     20
 2494   2218    216     94
 2491   2176    216     64
 2492   2138    216      3
 2493   2100    216     57
 2493   2061    216     39
 2495   2022    216     10
 2377   2388    216     52
 2378   2425    216     76
 2377   2468    216    100
 2376   2501    216     55
 2377   2547    216     59
 2379   2586    216      6
 2378   2624    216     49
 2378   2663    216     63
 2406   2428    216     70
 2437   2505    216     45
 2448   2624    216     54
 2495   2665    216     67
 2495   2623    216     27
 2495   2585    216     57
 2493   2547    216     34
 2493   2506    216     85
 2495   2468    216     18
 2494   2429    216     95
 2494   2391    216     96
 2379   2749    216     26
 2377   2786    216     21
 2377   2825    216     67
 2375   2865    216     15
 2378   2903    216     67
 2376   2943    216     12
 2377   2981    216     74
 2446   2769    216     87
 2436   2729    216     55
 2529   2979    216     77
 2515   3013    216     97
 2494   2982    216     10
 2491   2942    216      9
 2491   2902    216     72
 2492   2865    216     60
 2492   2825    216     55
 2493   2786    216     70
 2493   2748    216     13
 2531   2827    216      1
 2531   2787    216     26
 2530   2710    216     46
 2376   3057    216     90
 2376   3095    216     56
 2376   3136    216     39
 2378   3175    216      3
 2377   3212    216     46
 2377   3251    216     15
 2375   3288    216      1
 2377   3328    216     98
 2378   3368    216     82
 2376   3408    216     55
 2424   3426    216     14
 2454   3444    216     40
 2494   3403    216     10
 2495   3368    216     48
 2493   3326    216     35
 2492   3286    216     35
 2493   3248    216     72
 2493   3210    216     13
 2493   3170    216     37
 2492   3127    216     89
 2494   3095    216      8
 2495   3059    216      7
 2390   3550    216     67
 2385   3695    216     34
 2504   3813    216     78
 2268   3813    216     50
 2150     91    216     90
 2150    129    216     90
 2149    165    216     95
 2147    209    216     10
 2149    244    216     54
 2147    282    216     89
 2149    323    216     11
 2179    243    216     35
 2191     66    216     61
 2228     76    216     89
 2227    108    216     89
 2218    303    216     43
 2240    341    216     25
 2267    325    216     77
 2268    282    216     32
 2326    306    216     24
 2267    243    216     60
 2302    223    216     95
 2265    203    216     52
 2305    188    216     49
 2264    167    216     62
 2267    127    216     76
 2265     87    216     24
 2303     72    216     27
 2111    428    216     78
 2111    466    216     26
 2187    426    216     45
 2246    486    216     63
 2266    464    216     96
 2317    468    216     30
 2229    406    216     91
 2150    534    216     50
 2149    573    216     17
 2147    611    216      7
 2144    651    216     47
 2150    691    216     39
 2148    728    216      1
 2148    848    216     21
 2128    807    216     80
 2178    611    216     70
 2188    642    216     82
 2225    515    216     23
 2225    555    216     91
 2233    728    216     58
 2303    767    216     98
 2267    767    216     79
 2266    730    216     49
 2303    709    216     20
 2265    689    216     89
 2312    650    216     35
 2266    651    216     24
 2267    615    216     40
 2262    571    216     88
 2266    534    216     77
 2130    803    216     56
 2167    848    216     36
 2245    843    216    100
 2286    885    216     63
 2167    921    216     78
 2136    939    216     90
 2149   1031    216     94
 2148   1063    216     28
 2147   1107    216     50
 2149   1143    216     27
 2145   1183    216     36
 2146   1219    216     13
 2146   1261    216     13
 2148   1300    216      8
 2148   1333    216     12
 2146   1377    216     93
 2195   1378    216     94
 2193   1221    216     48
 2206   1181    216     92
 2186   1142    216      4
 2206   1106    216     25
 2224   1066    216     20
 2265   1375    216     88
 2265   1339    216     79
 2261   1296    216     97
 2263   1260    216     57
 2264   1220    216     87
 2291   1221    216     73
 2263   1182    216     33
 2281   1164    216     63
 2264   1143    216     76
 2263   1104    216     18
 2261   1065    216     45
 2261   1026    216     61
 2253   1463    216     57
 2173   1462    216     71
 2146   1520    216     62
 2145   1558    216     88
 2147   1597    216     33
 2146   1635    216     83
 2144   1677    216     12
 2147   1716    216     42
 2145   1753    216     78
 2144   1793    216     76
 2147   1831    216    100
 2146   1870    216     55
 2204   1868    216      5
 2206   1830    216     77
 2205   1789    216     68
 2206   1753    216     86
 2205   1714    216     37
 2202   1673    216      5
 2204   1635    216     30
 2204   1596    216     72
 2203   1557    216     70
 2203   1521    216     41
 2251   1813    216     23
 2240   1558    216     48
 2252   1521    216     61
 2308   1966    216     28
 2310   1927    216     24
 2261   1922    216     43
 2194   1921    216     72
 2134   1951    216     99
 2148   2080    216     10
 2146   2122    216     82
 2143   2161    216     91
 2144   2200    216     89
 2148   2240    216     86
 2146   2278    216     73
 2145   2316    216     61
 2145   2354    216     73
 2146   2393    216     84
 2146   2434    216     90
 2186   2136    216     65
 2244   2450    216     68
 2204   2430    216     20
 2203   2391    216     26
 2204   2273    216     45
 2205   2314    216     33
 2199   2273    216      3
 2204   2239    216    100
 2230   2254    216     59
 2205   2197    216     36
 2203   2158    216     78
 2205   2602    216     71
 2205   2083    216     66
 2241   2062    216     21
 2204   2043    216     27
 2203   2014    216    100
 2254   2026    216     10
 2328   2024    216     24
 2319   2080    216      8
 2319   2122    216     19
 2318   2165    216     91
 2287   2169    216     40
 2319   2202    216     64
 2290   2230    216     79
 2319   2238    216     40
 2319   2277    216     68
 2291   2297    216      9
 2320   2316    216     76
 2321   2355    216     38
 2319   2396    216     61
 2319   2430    216     59
 2348   2396    216     97
 2167   2537    216     76
 2164   2576    216     66
 2163   2624    216     18
 2136   2641    216     49
 2115   2584    216     72
 2107   2661    216     46
 2106   2701    216     45
 2107   2740    216     30
 2105   2775    216     23
 2106   2819    216     79
 2104   2855    216     78
 2105   2894    216     53
 2105   2933    216     70
 2106   2992    216     95
 2175   3029    216     62
 2222   2990    216     55
 2187   2932    216     32
 2183   2893    216     25
 2185   2853    216     97
 2209   2813    216      8
 2186   2814    216     60
 2182   2778    216     22
 2185   2738    216     30
 2184   2700    216     60
 2183   2661    216     66
 2212   2699    216     21
 2252   2739    216     88
 2300   2991    216     38
 2300   2964    216     96
 2301   2933    216     36
 2301   2896    216     44
 2298   2854    216     49
 2299   2816    216     18
 2297   2776    216     53
 2296   2738    216     41
 2299   2700    216     70
 2300   2660    216     34
 2337   2703    216     19
 2336   2663    216      1
 2338   2620    216     19
 2290   2585    216     90
 2106   3087    216     89
 2075   3104    216     73
 2108   3123    216     33
 2107   3165    216     24
 2105   3201    216     27
 2107   3242    216     95
 2106   3277    216     47
 2103   3318    216     77
 2106   3359    216    100
 2106   3416    216     72
 2185   3356    216     46
 2185   3319    216     52
 2184   3277    216      8
 2181   3242    216     53
 2184   3201    216     32
 2184   3163    216     58
 2183   3122    216     41
 2182   3081    216     50
 2222   3222    216     51
 2279   3184    216     11
 2328   3077    216     36
 2298   3084    216     35
 2299   3125    216     95
 2298   3165    216     93
 2296   3205    216     81
 2299   3239    216     70
 2295   3280    216     75
 2300   3324    216     23
 2299   3355    216     11
 2339   3260    216     89
 2327   3416    216     72
 2062   3604    216     78
 2106   3606    216     58
 2167   3618    216      8
 2106   3643    216     76
 2104   3684    216     38
 2105   3723    216     70
 2105   3764    216     47
 2103   3801    216     40
 2106   3841    216     59
 2106   3884    216     87
 2166   3850    216     81
 2096     71    216     76
 2097    227    216     44
 2058     86    216     85
 2061    131    216     28
 2060    170    216     95
 2058    209    216     32
 2058    248    216     57
 2057    285    216     55
 2058    328    216     51
 1991    187    216     71
 1979    325    216     63
 1937     53    216     45
 1942     90    216     18
 1944    130    216     23
 1943    167    216     78
 1942    209    216     52
 1941    246    216      1
 1941    285    216     39
 1939    325    216      8
 2037    410    216     77
 2010    488    216     89
 2062    538    216     96
 2060    574    216     86
 2059    615    216     90
 2059    651    216     26
 2060    691    216      5
 2059    732    216     99
 2059    772    216     53
 2050    812    216     67
 1989    733    216     16
 1990    576    216    100
 1941    536    216     39
 1942    572    216     92
 1944    614    216     26
 1943    654    216    100
 1943    693    216     99
 1943    729    216     87
 1941    771    216     96
 1951    896    216      4
 2058    981    216    100
 2070   1031    216     53
 2069   1069    216     36
 2067   1107    216    100
 2068   1142    216      1
 2068   1182    216     95
 2068   1223    216     29
 2068   1259    216     40
 2074   1299    216     72
 2107   1327    216     31
 2067   1365    216     25
 2028   1318    216     78
 2038   1281    216     22
 2021   1243    216      1
 2000   1205    216     52
 1951   1257    216     41
 1950   1223    216     68
 1951   1183    216     70
 1951   1146    216     26
 1950   1111    216     10
 1950   1068    216     69
 1954   1028    216     88
 1954    972    216     13
 1951    893    216     54
 1971   1087    216     62
 2009   1032    216     99
 1893   1348    216     27
 1912   1409    216     46
 1941   1427    216     99
 2009   1433    216     34
 2000   1387    216     82
 2028   1526    216     18
 2029   1561    216     13
 2029   1599    216     89
 2029   1638    216     46
 2029   1680    216     55
 2028   1719    216     20
 2029   1755    216     70
 2028   1795    216     56
 2028   1833    216     40
 2029   1872    216     77
 2076   1813    216     95
 2097   1853    216     35
 2048   1950    216     11
 2018   1930    216     95
 1971   1521    216     37
 1971   1560    216     74
 1971   1600    216    100
 1970   1643    216     53
 1969   1677    216     49
 1971   1717    216     43
 1970   1754    216     23
 1969   1795    216     36
 1967   1351    216     91
 1969   1871    216     43
 2065   2026    216     73
 2107   2095    216      3
 2085   2141    216     52
 2095   2229    216     59
 2112   2317    216     44
 2009   2024    216     75
 2030   2084    216     97
 2029   2123    216     18
 2029   2162    216     47
 2028   2202    216     57
 2028   2239    216      5
 2029   2275    216     12
 2027   2317    216     24
 2027   2354    216     97
 2027   2393    216     78
 2028   2433    216     38
 1971   2082    216     17
 1970   2120    216     87
 1970   2161    216     34
 1972   2201    216     64
 1970   2239    216     93
 1969   2278    216     20
 1971   2317    216     89
 1970   2355    216     18
 1970   2392    216     42
 1969   2433    216     62
 1970   2469    216     79
 1949   2553    216     73
 2009   2576    216     10
 2009   2622    216     10
 2029   2665    216     95
 1982   2663    216     52
 1986   2707    216     18
 1988   2743    216     77
 1988   2777    216     17
 1989   2818    216      3
 1988   2857    216     71
 1988   2893    216     92
 1988   2934    216     99
 1912   2664    216     88
 1912   2703    216     39
 1911   2738    216     96
 1911   2779    216     55
 1913   2817    216     28
 1911   2858    216     60
 1912   2895    216     17
 1910   2932    216     25
 2026   2992    216      8
 1929   3049    216     19
 1990   3088    216     55
 1990   3125    216     75
 1989   3165    216     51
 1988   3203    216     55
 1990   3244    216      6
 1986   3280    216     12
 1989   3317    216     32
 1989   3357    216     87
 1989   3419    216     74
 2036   3318    216     92
 2045   3389    216     12
 1911   3416    216     68
 1909   3357    216     98
 1911   3318    216     21
 1911   3278    216     85
 1911   3240    216     19
 1911   3201    216      8
 1910   3165    216      7
 1912   3124    216     17
 1912   3086    216     90
 1930   3049    216      1
 2028   2992    216     61
 1988   3606    216     40
 1988   3646    216     83
 1989   3685    216     99
 1986   3724    216     80
 1986   3766    216     24
 1987   3803    216     34
 1986   3841    216     11
 1984   3880    216     72
 2015   3802    216     86
 2036   3841    216     30
 2015   3881    216     68
 1949   3605    216     52
 1949   3647    216     10
 1949   3811    216     24
 1949   3888    216     45
 1890   3540    216     91
 1911   3570    216     60
 1911   3608    216     59
 1910   3649    216     73
 1910   3686    216     31
 1911   3726    216     32
 1911   3760    216     48
 1911   3802    216     60
 1911   3841    216     13
 1911   3880    216     78
 1893   3820    216     18
 1870   3782    216     81
 1884     90    216     50
 1886    245    216     74
 1896    365    216     53
 1846     91    216      3
 1848    132    216     35
 1846    168    216     42
 1848    211    216     38
 1848    249    216     65
 1848    286    216     95
 1850    327    216     10
 1789     73    216     10
 1781    128    216    100
 1809    182    216     18
 1819    214    216     56
 1770    360    216     74
 1761    449    216     79
 1808    453    216     18
 1837    438    216     63
 1903    516    216     47
 1857    540    216     80
 1855    576    216     10
 1855    615    216      1
 1854    652    216     86
 1886    697    216     44
 1859    694    216     21
 1856    734    216     45
 1825    731    216     22
 1856    770    216     41
 1913    770    216     50
 1894    829    216     91
 1845    826    216     90
 1847    904    216     52
 1863    981    216     85
 1866   1020    216     82
 1866   1055    216    100
 1866   1099    216     17
 1865   1137    216      1
 1868   1174    216     94
 1866   1215    216      4
 1866   1251    216     26
 1866   1292    216      2
 1863   1329    216      4
 1864   1369    216      4
 1862   1402    216     19
 1836   1214    216     21
 1749    979    216     58
 1749   1018    216     16
 1750   1059    216     79
 1749   1098    216      1
 1749   1138    216     80
 1748   1175    216     25
 1748   1213    216     71
 1750   1250    216     48
 1749   1293    216     17
 1717   1291    216     73
 1749   1330    216     70
 1750   1371    216      1
 1751   1409    216     75
 1697   1389    216     18
 1920   1563    216    100
 1933   1642    216     73
 1892   1636    216     80
 1913   1787    216     83
 1854   1523    216     76
 1856   1562    216      1
 1855   1600    216     96
 1853   1641    216     96
 1855   1678    216     12
 1855   1717    216      2
 1856   1756    216     83
 1855   1794    216     17
 1852   1834    216     87
 1853   1952    216     74
 1930   2024    216     67
 1929   2236    216     20
 1942   2277    216     52
 1921   2314    216     38
 1923   2382    216     28
 1932   2430    216     54
 1884   2451    216     25
 1853   2023    216     48
 1855   2083    216     67
 1856   2123    216     48
 1854   2160    216     31
 1854   2201    216     46
 1855   2236    216     59
 1853   2277    216     55
 1856   2317    216     40
 1855   2356    216     56
 1855   2394    216     54
 1852   2431    216     52
 1911   2528    216     50
 1871   2526    216     54
 1854   2645    216     25
 1851   2990    216     17
 1832   3298    216     45
 1832   3339    216     66
 1692     32    216     50
 1732     91    216     55
 1733    127    216     43
 1710    233    216     47
 1735    170    216     95
 1731    209    216     53
 1731    251    216     52
 1731    288    216     42
 1731    325    216     36
 1681    213    216     22
 1682    249    216      8
 1645     91    216     89
 1645    129    216     90
 1643    167    216     30
 1642    208    216     72
 1643    249    216     48
 1643    285    216      9
 1641    322    216     26
 1732    449    216     23
 1652    450    216     80
 1736    537    216      6
 1741    575    216     48
 1741    614    216     73
 1741    658    216     18
 1710    655    216     21
 1740    692    216     97
 1741    730    216     22
 1742    766    216     93
 1651    534    216     66
 1652    575    216     85
 1652    614    216     84
 1651    653    216     59
 1653    692    216     47
 1654    730    216     19
 1651    770    216     14
 1650    856    216     76
 1785   2005    216      4
 1788   2045    216     61
 1787   2085    216     24
 1788   2120    216      8
 1788   2160    216     57
 1786   2200    216     91
 1786   2238    216     38
 1787   2274    216     21
 1787   2316    216     63
 1758   2317    216     87
 1788   2355    216     80
 1757   2374    216      9
 1789   2368    216     70
 1785   2431    216     97
 1777   2471    216     27
 1727   1947    216     17
 1730   1986    216     32
 1706   2082    216     32
 1709   2429    216     58
 1668   2003    216     67
 1668   2044    216     66
 1668   2083    216     79
 1669   2121    216     28
 1669   2161    216     21
 1670   2200    216     66
 1670   2237    216     49
 1669   2274    216     84
 1669   2317    216     45
 1669   2356    216     71
 1669   2391    216     83
 1666   2430    216     82
 1797   2529    216     88
 1745   2568    216     44
 1680   2515    216     60
 1630   2530    216      7
 1796   2665    216     93
 1795   2703    216     19
 1798   2742    216     98
 1797   2778    216     87
 1796   2816    216     51
 1797   2857    216     29
 1795   2892    216     10
 1797   2934    216     10
 1736   2719    216     78
 1739   2779    216     87
 1728   2859    216     48
 1729   2913    216     76
 1736   2963    216     27
 1697   2664    216     67
 1699   2702    216     31
 1701   2742    216     82
 1699   2778    216     26
 1699   2816    216     12
 1699   2856    216     48
 1698   2894    216     37
 1695   2937    216      3
 1795   3088    216     87
 1795   3129    216     15
 1797   3163    216     74
 1797   3203    216     64
 1796   3243    216     45
 1795   3277    216     63
 1795   3320    216     22
 1796   3358    216     16
 1717   3020    216     77
 1739   3184    216     73
 1696   3041    216     10
 1699   3069    216     29
 1700   3109    216     22
 1700   3143    216      3
 1699   3183    216     74
 1701   3223    216     55
 1699   3260    216     91
 1678   3280    216     85
 1700   3302    216     90
 1701   3339    216     56
 1698   3379    216     70
 1697   3418    216     24
 1794   3571    216     86
 1795   3609    216      3
 1796   3647    216      1
 1795   3686    216      6
 1795   3726    216     37
 1795   3764    216      4
 1794   3802    216     62
 1795   3840    216      7
 1796   3881    216     96
 1697   3568    216     94
 1698   3605    216     12
 1698   3649    216     22
 1698   3685    216     81
 1699   3723    216      3
 1696   3765    216      7
 1699   3798    216    100
 1697   3847    216     59
 1695   3877    216     56
 1705   3918    216     89
 1443     88    216     99
 1442    127    216     72
 1440    167    216     27
 1441    204    216     38
 1442    242    216     86
 1442    282    216     11
 1440    321    216     72
 1482    302    216     80
 1480    262    216     74
 1481    223    216     46
 1477     68    216     23
 1529     86    216     44
 1528    126    216     91
 1531    167    216     24
 1526    204    216     44
 1530    245    216     84
 1528    283    216     55
 1530    323    216     48
 1548    366    216     21
 1564    331    216     30
 1415    458    216     17
 1402    574    216     74
 1412    610    216     19
 1453    455    216     52
 1452    492    216     51
 1452    534    216     33
 1453    572    216     67
 1451    612    216     99
 1451    652    216     84
 1454    687    216    100
 1453    731    216     99
 1451    765    216     26
 1452    805    216     71
 1452    844    216     70
 1452    880    216     16
 1542    891    216     87
 1537    809    216     87
 1540    767    216     23
 1542    727    216      7
 1615    765    216     86
 1576    708    216     44
 1539    689    216      9
 1533    647    216      3
 1540    610    216     73
 1539    573    216      3
 1538    534    216     42
 1518    455    216     36
 1412   1054    216     25
 1432   1073    216     16
 1452   1056    216      7
 1449   1093    216     40
 1450   1132    216     38
 1449   1172    216     88
 1454   1210    216     22
 1452   1252    216     30
 1452   1289    216     77
 1451   1324    216     84
 1450   1366    216     63
 1452   1406    216     36
 1509   1206    216     43
 1529   1291    216     33
 1570   1055    216     42
 1570   1092    216     70
 1567   1131    216     29
 1567   1171    216     30
 1566   1209    216     11
 1567   1251    216     68
 1566   1290    216     93
 1567   1322    216     63
 1565   1370    216     90
 1567   1405    216     28
 1586   1232    216     59
 1605   1190    216     63
 1663   1171    216     44
 1660   1089    216     35
 1663   1056    216    100
 1598   1995    216     71
 1490   2080    216      9
 1490   2121    216     36
 1487   2157    216     60
 1487   2198    216    100
 1489   2235    216     40
 1487   2274    216     10
 1489   2314    216     15
 1487   2351    216     94
 1492   2393    216     77
 1488   2429    216     75
 1517   2196    216     81
 1557   2215    216     47
 1556   2078    216     67
 1602   2079    216     41
 1604   2118    216     65
 1604   2074    216     18
 1605   2199    216     96
 1601   2237    216     85
 1604   2272    216     94
 1603   2316    216     89
 1604   2355    216      7
 1604   2391    216      2
 1603   2427    216     60
 1477   2491    216     28
 1458   2546    216     71
 1468   2613    216     66
 1494   2552    216     41
 1548   2553    216      7
 1594   2544    216     81
 1605   2494    216      3
 1488   2659    216     43
 1486   2703    216     27
 1488   2735    216     44
 1488   2776    216     96
 1457   2775    216     18
 1489   2813    216     19
 1488   2855    216     10
 1457   2890    216     91
 1488   2893    216      6
 1487   2932    216     26
 1544   2775    216     26
 1547   2699    216     69
 1535   2668    216     89
 1583   2660    216     34
 1585   2701    216     44
 1585   2738    216     24
 1584   2777    216      6
 1586   2815    216     31
 1581   2852    216     22
 1586   2894    216     63
 1583   2933    216     45
 1485   3010    216     31
 1439   3046    216     71
 1448   3124    216     87
 1488   3085    216    100
 1493   3124    216     84
 1489   3162    216     78
 1485   3201    216     82
 1492   3244    216     34
 1487   3279    216     60
 1490   3316    216     20
 1488   3357    216     45
 1583   3065    216     93
 1624   3107    216     91
 1588   3102    216     88
 1585   3146    216     27
 1583   3182    216     17
 1601   3205    216     30
 1584   3223    216     10
 1584   3258    216     23
 1584   3300    216     89
 1586   3341    216     28
 1582   3373    216     74
 1584   3417    216     21
 1613   3420    216     14
 1632   3435    216     47
 1640   3473    216     26
 1671   3463    216     75
 1499   3493    216     14
 1487   3528    216     20
 1488   3570    216     69
 1486   3596    216     17
 1487   3643    216      2
 1487   3685    216     80
 1487   3722    216     14
 1488   3763    216     35
 1487   3800    216     32
 1488   3841    216     91
 1488   3878    216     44
 1547   3703    216     68
 1543   3742    216     99
 1582   3572    216      7
 1583   3604    216     96
 1584   3648    216      3
 1584   3686    216     22
 1580   3722    216     71
 1584   3764    216     28
 1583   3801    216     78
 1584   3842    216      6
 1586   3878    216     56
 1624   3861    216      6
 1633   3901    216     93
 1661   3889    216     61
 1622   3648    216      4
 1631   3607    216     44
 1651   3568    216     71
 1187    114    216     30
 1225     83    216     57
 1253     91    216     18
 1283     86    216     62
 1251    128    216     82
 1249    163    216     22
 1252    206    216     68
 1230    225    216     23
 1250    245    216      5
 1287    243    216     96
 1254    283    216     17
 1254    324    216     42
 1292    324    216     58
 1319     48    216     91
 1329     83    216     84
 1327    126    216     80
 1329    166    216     57
 1329    204    216      7
 1330    244    216     41
 1329    284    216     38
 1329    321    216     41
 1396     68    216    100
 1417    128    216     73
 1415    167    216     89
 1405    211    216     57
 1366    265    216     60
 1376    333    216     94
 1415    327    216     69
 1260    533    216     22
 1260    571    216     78
 1258    610    216      8
 1259    648    216     54
 1257    689    216     38
 1259    727    216      9
 1259    765    216     51
 1258    804    216     70
 1258    864    216     72
 1297    611    216     96
 1298    574    216     36
 1298    531    216     21
 1339    453    216     26
 1337    493    216     79
 1334    533    216     96
 1335    573    216     15
 1336    612    216     81
 1336    650    216     21
 1336    689    216     95
 1337    733    216     69
 1336    768    216     86
 1335    803    216     87
 1335    844    216     28
 1333    885    216     58
 1384    806    216     72
 1279    990    216     29
 1279   1062    216     78
 1236   1135    216     31
 1239   1174    216      1
 1238   1210    216     12
 1239   1250    216      5
 1239   1288    216     65
 1239   1329    216     84
 1238   1364    216     95
 1238   1408    216     27
 1208   1406    216      7
 1238   1444    216     30
 1277   1193    216     85
 1315   1152    216     29
 1296   1319    216     95
 1357   1068    216     65
 1356   1130    216     22
 1356   1172    216      4
 1401    976    216     82
 1395   1192    216     25
 1359   1214    216     34
 1375   1231    216     97
 1357   1251    216      7
 1354   1288    216     84
 1353   1326    216      6
 1357   1368    216     96
 1356   1406    216     16
 1051     88    216     27
 1047    125    216     54
 1049    170    216     25
 1044    206    216     50
 1046    246    216     77
 1048    280    216     66
 1046    322    216     19
 1099    334    216      9
 1106    127    216     32
 1096     95    216     87
 1136     86    216      7
 1134    128    216     43
 1132    162    216     35
 1134    204    216     22
 1135    247    216      8
 1135    280    216     26
 1136    322    216     26
 1153    387    216      7
 1182    339    216     25
 1232    395    216     17
 1036    456    216     77
 1090    425    216     68
 1162    465    216     25
 1233    507    216      7
 1047    534    216     90
 1049    572    216     72
 1045    608    216      6
 1046    650    216     21
 1046    689    216     29
 1046    730    216     89
 1044    763    216     87
 1048    805    216     68
 1047    847    216     12
 1047    887    216     45
 1105    805    216      2
 1092    764    216     79
 1074    727    216     34
 1087    613    216     75
 1086    533    216     25
 1128    633    216     87
 1142    529    216     33
 1144    573    216     98
 1142    610    216      1
 1143    650    216     12
 1146    690    216     71
 1142    729    216     83
 1141    768    216     12
 1142    804    216     70
 1185    592    216     70
 1221    648    216      2
 1218    861    216     11
 1183    863    216     23
 1094    900    216     72
 1085    928    216     26
 1029    942    216     66
 1027    998    216     59
 1144   1009    216     69
 1174    996    216     41
 1202   1000    216     75
 1174    942    216     70
  998   1066    216     14
  998   1104    216     70
  995   1145    216     89
  999   1181    216     35
  997   1222    216     97
  996   1261    216     73
  997   1298    216     34
  998   1339    216     60
  996   1393    216     57
 1055   1431    216     40
 1093   1452    216     39
 1095   1424    216     60
 1055   1400    216     80
 1054   1363    216     27
 1083   1384    216     55
 1094   1355    216     24
 1053   1325    216     32
 1053   1284    216     22
 1056   1249    216     18
 1058   1210    216    100
 1057   1172    216     66
 1058   1136    216     34
 1059   1092    216     90
 1048   1056    216     18
 1078   1154    216     86
 1102   1171    216     40
 1171   1055    216     16
 1173   1093    216     68
 1172   1135    216     33
 1137   1134    216     93
 1174   1179    216     87
 1172   1212    216     18
 1170   1251    216     52
 1152   1270    216     73
 1172   1292    216     70
 1172   1330    216     22
 1171   1368    216      2
 1170   1408    216     91
  784     30    216     26
  806    107    216     23
  842     85    216     72
  844    130    216      2
  843    166    216     90
  844    206    216     89
  843    245    216     44
  845    282    216    100
  843    322    216      3
  843    361    216     50
  882    166    216     66
  884     88    216     39
  930     85    216     87
  933    127    216     68
  932    163    216     46
  931    205    216     39
  931    246    216     70
  904    264    216     22
  929    286    216     98
  933    321    216     47
  930    370    216      9
  991    165    216     56
  826    440    216     52
  965    459    216     56
  581     79    216     62
  642     90    216     41
  642    128    216     64
  637    164    216     75
  642    208    216     52
  641    248    216     32
  641    285    216     35
  642    323    216     86
  640    361    216     88
  671    360    216      6
  681    164    216     81
  680     84    216     23
  710    437    216     89
  730    359    216     98
  732    321    216     55
  767    323    216     76
  726    287    216     51
  727    244    216     71
  726    117    216      1
  729    166    216     23
  729    130    216     66
  728     86    216     93
  805    594    216     98
  782    653    216     30
  842    631    216     28
  855    706    216     30
  872    799    216     70
  845    826    216     34
  843    864    216     72
  890    848    216     79
  889    883    216     48
  950    919    216     95
  932    883    216     57
  929    846    216     90
  930    804    216     76
  925    765    216      6
  933    726    216     42
  928    689    216     99
  958    690    216     99
  932    651    216     54
  929    612    216     60
  931    570    216     66
  929    535    216     61
 1001    514    216     53
  573    325    216     37
  611    474    216     38
  610    503    216     31
  601    575    216     91
  654    571    216     71
  640    648    216     82
  642    688    216    100
  638    728    216     16
  640    766    216     51
  641    805    216     25
  640    842    216     38
  641    883    216     50
  689    890    216     39
  689    843    216     23
  688    804    216     29
  729    863    216     49
  727    628    216      7
  896   1027    216     22
  881    971    216     75
  823    961    216     44
  746    958    216     60
  602    953    216     38
  599   1009    216     97
  828   1065    216     92
  803   1085    216     93
  824   1104    216     20
  825   1144    216     56
  823   1181    216     95
  823   1222    216     85
  825   1261    216     70
  821   1298    216    100
  822   1356    216     99
  843   1399    216     13
  882   1336    216     63
  881   1296    216     58
  882   1263    216     50
  880   1215    216      2
  880   1178    216     93
  882   1143    216     45
  882   1102    216     84
  879   1065    216     27
  750   1088    216      5
  753   1216    216     41
  754   1258    216     86
  773   1307    216     12
  747   1358    216     57
  710   1301    216     86
  709   1261    216     56
  707   1223    216      6
  706   1181    216      1
  707   1146    216      7
  704   1102    216     45
  708   1067    216     93
  638   1105    216      1
  639   1145    216     75
  641   1179    216     72
  637   1222    216     83
  638   1256    216     55
  639   1298    216     97
  640   1337    216     82
  640   1375    216      7
  641   1415    216     67
  602   1394    216     62
  638   1455    216     22
 1796   1505    216     85
 1756   1494    216     14
 1717   1484    216     38
 1679   1484    216     63
 1631   1473    216     17
 1533   1492    216     62
 1051   1481    216     19
 1002   1482    216     82
  811   1481    216     93
 1758   1524    216     80
 1719   1525    216     77
 1678   1524    216     96
 1640   1525    216     94
 1601   1522    216     71
 1563   1524    216     27
 1523   1524    216     11
 1485   1521    216     78
 1448   1524    216     28
 1408   1523    216     86
 1370   1524    216     45
 1332   1523    216     47
 1292   1524    216      6
 1252   1523    216     34
 1215   1523    216     46
 1175   1522    216     36
 1140   1523    216     59
 1097   1524    216     65
 1060   1522    216     89
 1022   1522    216      7
  982   1521    216     85
  947   1522    216     51
  905   1521    216     36
  865   1522    216      2
  829   1522    216     74
  790   1523    216      9
  752   1520    216     12
  713   1520    216     23
  675   1521    216     21
  634   1522    216     85
  597   1521    216     87
  557   1521    216     66
 1757   1647    216     20
 1759   1687    216      4
 1739   1773    216     12
 1720   1598    216     29
 1699   1744    216     18
 1679   1696    216     10
 1660   1559    216     59
 1640   1658    216     14
 1622   1820    216     11
 1606   1548    216     70
 1563   1551    216     97
 1574   1596    216     47
 1574   1763    216     98
 1548   1832    216     74
 1488   1562    216     35
 1451   1561    216     27
 1464   1610    216     57
 1488   1715    216     70
 1410   1627    216     34
 1411   1693    216     96
 1391   1776    216     67
 1370   1594    216     51
 1361   1626    216     15
 1334   1754    216     68
 1313   1783    216     13
 1274   1560    216     61
 1178   1813    216     52
 1140   1814    216     64
 1080   1693    216     56
 1042   1706    216     16
 1004   1636    216     93
  927   1618    216     81
  928   1667    216     26
  869   1743    216     76
  871   1842    216     32
  830   1765    216     98
  811   1642    216     98
  782   1630    216     73
  752   1611    216     99
  713   1570    216     26
  716   1842    216     57
  676   1751    216     16
  676   1821    216     23
  628   1762    216     87
  611   1716    216     65
  634   1596    216      7
  598   1607    216     45
  560   1646    216     52
  560   1685    216     97
  521   1784    216     10
 1756   1869    216      4
 1717   1869    216     55
 1680   1870    216      2
 1642   1871    216     86
 1602   1871    216     18
 1564   1871    216     33
 1526   1870    216     72
 1487   1871    216     47
 1448   1873    216     43
 1409   1871    216     17
 1369   1872    216     97
 1333   1872    216     61
 1294   1872    216     22
 1253   1873    216     59
 1218   1872    216     34
 1176   1870    216     39
 1139   1869    216     98
 1100   1872    216     49
 1061   1871    216     87
 1024   1869    216     62
  983   1871    216     51
  945   1870    216     43
  904   1870    216     34
  869   1870    216      8
  829   1870    216     85
  789   1872    216     95
  751   1867    216     46
  713   1872    216     17
  674   1868    216     10
  637   1869    216     88
  596   1871    216     27
  557   1872    216     47
 1642   1902    216     91
 1563   1899    216     99
 1456   1928    216     26
 1256   1899    216     24
 1234   1936    216     61
 1144   1909    216     36
 1102   1910    216     51
 1060   1909    216     43
  984   1898    216     49
  948   1909    216     25
  883   1927    216     21
  848   1907    216     74
  769   1906    216     49
  716   1899    216     35
  674   1908    216     71
  599   1908    216     67
 1475   1984    216     21
 1428   2007    216     97
 1429   2044    216     80
 1430   2082    216     98
 1430   2122    216     23
 1429   2160    216     77
 1429   2198    216     44
 1430   2238    216     50
 1429   2277    216     18
 1428   2314    216     30
 1432   2369    216     90
 1428   2391    216     32
 1429   2427    216     13
 1425   2493    216     67
 1380   2004    216     26
 1410   2102    216     95
 1380   2239    216     28
 1409   2370    216     45
 1352   2311    216     55
 1351   2340    216     41
 1351   2410    216     12
 1313   2156    216     30
 1270   2334    216     13
 1274   2490    216     89
 1379   2550    216     74
 1343   2547    216      1
 1362   2602    216     15
 1291   2527    216     24
 1265   2560    216     70
 1286   2635    216     66
 1363   2662    216     98
 1369   2701    216     54
 1394   2722    216     53
 1371   2740    216     26
 1370   2782    216     50
 1370   2817    216     82
 1369   2857    216     83
 1409   2886    216     91
 1369   2894    216     81
 1369   2935    216     46
 1273   2933    216     94
 1272   2893    216     56
 1273   2852    216     61
 1274   2814    216     91
 1275   2780    216     62
 1272   2737    216     99
 1271   2701    216     34
 1273   2664    216     67
 1234   2963    216     49
 1272   2961    216     76
 1390   2982    216     52
 1252   3025    216     24
 1343   3049    216     99
 1372   3087    216     89
 1372   3128    216     55
 1373   3166    216     13
 1371   3201    216     27
 1372   3240    216     24
 1369   3287    216     88
 1369   3317    216     88
 1374   3358    216     37
 1328   3417    216     91
 1294   3421    216     39
 1271   3357    216     93
 1276   3318    216     14
 1274   3278    216     53
 1233   3280    216     16
 1273   3239    216     52
 1275   3199    216     16
 1273   3164    216     33
 1276   3126    216     74
 1275   3085    216     20
 1224   3184    216     25
 1194   3144    216     38
 1320   3201    216     71
 1322   3260    216     76
 1392   3504    216     21
 1423   3532    216     87
 1399   3764    216     25
 1408   3862    216     67
 1439   3890    216     32
 1370   3528    216     76
 1370   3569    216     94
 1368   3612    216     67
 1369   3646    216      3
 1371   3683    216     37
 1370   3723    216      1
 1370   3765    216     39
 1367   3801    216     55
 1368   3840    216     10
 1367   3882    216     88
 1331   3871    216     48
 1332   3792    216     90
 1312   3586    216     66
 1274   3528    216     45
 1272   3567    216     68
 1272   3606    216    100
 1272   3648    216     97
 1273   3683    216     79
 1272   3722    216     93
 1273   3764    216     96
 1274   3808    216     68
 1274   3841    216     78
 1274   3879    216     92
 1234   2182    216     59
 1248   2241    216     71
 1226   2276    216     75
 1195   2006    216     10
 1198   2043    216     75
 1199   2079    216      8
 1197   2119    216     33
 1199   2162    216     60
 1196   2200    216     20
 1198   2238    216     66
 1195   2278    216     36
 1197   2317    216     45
 1198   2357    216     59
 1196   2392    216     13
 1197   2432    216     74
 1206   2489    216     83
 1157   2003    216     42
 1157   2042    216     40
 1158   2081    216     78
 1158   2118    216      1
 1159   2162    216     26
 1156   2200    216    100
 1156   2240    216     69
 1156   2278    216     56
 1159   2315    216     12
 1157   2351    216     10
 1160   2393    216     51
 1159   2431    216     65
 1155   2472    216     89
 1161   2509    216     15
 1119   2470    216     14
 1191   2576    216     74
 1119   2573    216     53
 1194   2740    216     92
 1155   2661    216     46
 1159   2700    216     24
 1159   2738    216     62
 1160   2776    216     68
 1161   2815    216     91
 1159   2854    216     32
 1157   2892    216      1
 1163   2929    216     65
 1108   2815    216     52
 1108   2912    216      1
 1082   2758    216     91
 1062   2657    216     77
 1063   2701    216     27
 1064   2739    216     53
 1062   2776    216     80
 1063   2816    216     98
 1061   2850    216     40
 1060   2894    216     51
 1059   2933    216     95
 1176   3028    216     52
 1158   3088    216     23
 1160   3126    216     23
 1155   3166    216     16
 1158   3201    216     81
 1159   3242    216     28
 1157   3282    216     36
 1158   3320    216     46
 1158   3356    216      7
 1109   3068    216     66
 1121   3105    216     70
 1097   3206    216     34
 1064   3088    216     96
 1062   3131    216     67
 1064   3162    216     28
 1062   3203    216     80
 1061   3241    216     15
 1059   3280    216     27
 1061   3320    216    100
 1062   3357    216    100
 1213   3625    216     94
 1224   3667    216     56
 1186   3743    216     29
 1204   3783    216     79
 1157   3530    216     74
 1158   3569    216     40
 1159   3611    216     81
 1160   3645    216     33
 1153   3686    216     99
 1158   3729    216     95
 1158   3765    216     46
 1156   3801    216      3
 1157   3843    216     67
 1157   3880    216     86
 1118   3501    216     66
 1118   3794    216     94
 1118   3870    216     98
 1059   3529    216     81
 1061   3568    216     18
 1063   3607    216      7
 1062   3647    216     95
 1061   3682    216     50
 1062   3730    216     44
 1059   3763    216     98
 1061   3801    216     56
 1059   3842    216     39
 1060   3880    216      8
  954   1976    216     76
  955   2023    216     84
 1083   2026    216    100
 1073   2061    216      4
 1012   2100    216     75
 1072   2198    216     44
  981   2279    216     12
 1050   2507    216     27
  964   2624    216     59
 1005   2681    216     96
  984   2719    216     60
 1031   3009    216     62
 1004   3059    216     34
  970   3018    216     31
 1003   3426    216     50
  968   3425    216      6
  928   2006    216     14
  928   2048    216      4
  928   2081    216     99
  927   2122    216     73
  927   2159    216     93
  928   2200    216     84
  925   2241    216     67
  927   2276    216     99
  926   2317    216     69
  928   2354    216     83
  926   2391    216     41
  929   2429    216     87
  926   2469    216     85
  924   2508    216     71
  886   2003    216     38
  889   2045    216     89
  888   2083    216     58
  888   2120    216     31
  889   2159    216     35
  887   2201    216     80
  886   2241    216     32
  890   2276    216     36
  886   2315    216     33
  888   2353    216      4
  888   2392    216     56
  886   2430    216     21
  887   2468    216     64
  889   2509    216     18
  910   2588    216     90
  947   2662    216     11
  869   2633    216     23
  947   2659    216     66
  946   2700    216      6
  946   2740    216     76
  946   2777    216     66
  947   2815    216     87
  945   2856    216     66
  947   2894    216     95
  944   2932    216     54
  847   2929    216     43
  848   2891    216     83
  850   2854    216     28
  847   2813    216     16
  848   2775    216     81
  847   2736    216     35
  849   2699    216     77
  849   2665    216     24
  863   2987    216     44
  867   3019    216     87
  944   3021    216     93
  941   3088    216     15
  944   3127    216     19
  945   3160    216     74
  945   3203    216     29
  943   3242    216     43
  945   3275    216     81
  946   3321    216     44
  945   3359    216     15
  849   3087    216     92
  849   3125    216     91
  850   3162    216     45
  848   3202    216     94
  850   3242    216     79
  850   3283    216    100
  853   3319    216     88
  938   3441    216     14
  910   3440    216     22
  943   3530    216     54
  947   3570    216      3
  943   3609    216     24
  946   3647    216     53
  947   3683    216     89
  947   3725    216     20
  947   3761    216     98
  946   3803    216     79
  946   3843    216    100
  946   3883    216     65
  904   3703    216     15
  928   3742    216     68
  904   3793    216     51
  895   3834    216     78
  897   3859    216     25
  867   3522    216     94
  848   3607    216     75
  848   3647    216     81
  849   3683    216     15
  848   3727    216     14
  852   3757    216     16
  850   3800    216     29
  849   3841    216     58
  850   3878    216     79
  826   3821    216     23
  811   3858    216     51
  694   1955    216     68
  824   1976    216     98
  804   2041    216     59
  793   2081    216     85
  762   2117    216     98
  803   2142    216     32
  750   2159    216     69
  773   2180    216      6
  861   2487    216     30
  831   2503    216     29
  842   2583    216     87
  759   2718    216     78
  791   2779    216     52
  780   2967    216     97
  829   3000    216     14
  808   3237    216     25
  819   3279    216     88
  760   3319    216     91
  780   3424    216     99
  808   3444    216     34
  785   3527    216    100
  780   3572    216     50
  748   3550    216     27
  750   3708    216      1
  655   1966    216     87
  656   2011    216     30
  655   2040    216     14
  656   2082    216     62
  658   2123    216     13
  656   2160    216     27
  656   2198    216      8
  658   2239    216     28
  657   2274    216     22
  657   2314    216     71
  657   2356    216      2
  657   2390    216     48
  654   2430    216     61
  655   2469    216     24
  656   2509    216     24
  599   2004    216     74
  597   2042    216      6
  598   2081    216     90
  596   2122    216     96
  598   2161    216     41
  599   2196    216     62
  600   2239    216     71
  597   2278    216     17
  597   2317    216     41
  598   2354    216     37
  597   2393    216     57
  598   2432    216     88
  597   2516    216     17
  598   2551    216     77
  734   2663    216     91
  735   2701    216     46
  735   2741    216     59
  735   2780    216     41
  735   2814    216     22
  734   2851    216     23
  732   2896    216     92
  734   2932    216     33
  704   2834    216     65
  680   2771    216     40
  689   2693    216     73
  697   2630    216     48
  657   2881    216     39
  639   2595    216      3
  636   2631    216     45
  639   2673    216     19
  637   2708    216     26
  635   2748    216     38
  635   2787    216     15
  635   2822    216     15
  636   2863    216     23
  636   2902    216     83
  636   2944    216     43
  598   2592    216     21
  600   2629    216     29
  596   2671    216     95
  598   2707    216     44
  596   2748    216      1
  596   2787    216     45
  597   2825    216     58
  598   2863    216     75
  595   2900    216     97
  595   2943    216     63
  733   3020    216     98
  628   2998    216     45
  547   3010    216     35
  734   3087    216      2
  733   3125    216     31
  736   3164    216     49
  732   3202    216     49
  732   3237    216     88
  733   3277    216     65
  734   3320    216     16
  703   3459    216     69
  692   3587    216     54
  733   3607    216     36
  731   3644    216      4
  733   3687    216     38
  734   3723    216     57
  732   3767    216     21
  732   3804    216     77
  734   3844    216     17
  733   3880    216     98
  674   3086    216     26
  676   3122    216     82
  674   3169    216     72
  674   3199    216     62
  672   3241    216     62
  675   3279    216     35
  677   3320    216     57
  676   3359    216     84
  675   3396    216     93
  674   3436    216     78
  666   3472    216     87
  676   3531    216     32
  675   3571    216     38
  672   3609    216     93
  674   3648    216     68
  675   3684    216     64
  675   3726    216     70
  674   3764    216     55
  674   3802    216     13
  674   3844    216     18
  676   3877    216     96
  578   3144    216     95
  620   3223    216     77
  640   3271    216     83
  607   3341    216     27
  636   3439    216     38
  597   3533    216     73
  609   3940    216     70
  438     49    216     43
  417    284    216     44
  457    122    216     45
  453    162    216     96
  454    202    216     11
  456    242    216     72
  457    282    216      7
  457    320    216     27
  456    361    216     55
  484    185    216     20
  524    122    216     48
  525    166    216     46
  526    204    216     53
  523    245    216     83
  524    283    216     23
  526    323    216     66
  524    361    216     81
  559    390    216     42
  390    410    216     37
  363     47    216     46
  339    124    216     48
  340    165    216     53
  340    204    216     30
  342    243    216     12
  341    282    216     34
  341    323    216     21
  342    359    216      1
  322     48    216     71
  302    127    216      6
  300    163    216     18
  302    203    216     57
  301    244    216     16
  302    285    216     34
  305    325    216     73
  304    362    216     63
  247    382    216     48
  223    282    216     67
  212    110    216     83
  233     50    216      7
  169     41    216     76
  186    128    216     42
  186    164    216     13
  186    203    216     51
  189    246    216     82
  186    285    216     42
  186    322    216      7
  188    361    216     34
  148    358    216     67
  147    322    216      4
  147    287    216     64
  150    244    216     40
  149    207    216      1
  149    166    216     17
  149    129    216     75
  111    168    216     51
   91     51    216     54
   54     48    216     73
   33    126    216     74
   33    167    216    100
   35    118    216     14
   35    248    216     79
   33    360    216     67
   31    364    216     80
   33    368    216     41
   34    372    216     48
   33    323    216     27
   34    362    216     34
   63    360    216     96
   90    324    216      3
  534    473    216     78
  529    610    216     32
  494    504    216     60
  467    475    216     11
  437    532    216     97
  454    603    216     77
  397    524    216     29
  415    479    216     36
  366    604    216     17
  322    524    216     67
  312    465    216     25
  272    522    216     44
  273    571    216     12
  262    436    216     45
  229    452    216     28
  224    484    216     68
  119    573    216      9
  117    526    216     49
   54    574    216     23
   52    493    216     34
   64    453    216     75
    4    554    216      3
  -47    512    216     83
    4    602    216     64
   34    632    216     67
   12    666    216     14
  550    691    216     87
  525    650    216     34
  525    689    216     70
  521    729    216     26
  523    766    216     29
  523    805    216     29
  521    841    216      2
  527    884    216     65
  455   1299    216     92
  427    884    216     15
  428    843    216     60
  429    804    216     38
  428    768    216     67
  427    728    216     90
  426    685    216      5
  430    648    216     87
  370    725    216     33
  387    781    216     27
  367    823    216     68
  311    883    216     83
  311    839    216     40
  313    801    216      7
  313    767    216     63
  309    724    216     79
  311    685    216    100
  316    649    216     29
  234    650    216     82
  234    685    216     41
  234    724    216     67
  212    745    216     86
  233    764    216     86
  233    802    216     46
  235    843    216     94
  236    885    216     33
  158    670    216     78
  117    646    216      8
  118    688    216     50
  119    728    216     38
  118    767    216     25
  120    805    216     34
  119    842    216     48
  120    882    216     27
  544   1038    216     66
  522    951    216     83
  477   1046    216     88
  475    979    216     70
  449   1050    216     84
  396    976    216     73
  299    941    216     46
  243    918    216      6
  262    991    216     26
  214    951    216     22
  205    987    216     65
  225   1026    216     45
  166    979    216      2
  127   1015    216     81
  106    972    216     61
   89   1017    216     34
   23    968    216     25
  -61    801    216     10
  -57     32    216     34
  523   1103    216     81
  524   1143    216     46
  523   1183    216     16
  522   1223    216     68
  523   1256    216     11
  523   1296    216     59
  523   1337    216     47
  523   1377    216     45
  526   1415    216     98
  523   1454    216     73
  476   1084    216     24
  476   1121    216     36
  475   1162    216     86
  475   1199    216     79
  477   1241    216     91
  474   1277    216     35
  475   1316    216     83
  478   1355    216     20
  478   1394    216     58
  475   1431    216     85
  475   1473    216     29
  878   1506    216     17
  474   1549    216     35
  475   1587    216     43
  475   1625    216      1
  478   1665    216     45
  475   1706    216     80
  475   1743    216     41
  476   1781    216     45
  476   1830    216     75
  476   1912    216     11
  436   1087    216     64
  439   1123    216     61
  438   1160    216     29
  434   1202    216     85
  436   1238    216     39
  435   1281    216     61
  436   1320    216     30
  435   1357    216     47
  436   1396    216      7
  436   1435    216     85
  438   1473    216     61
  435   1502    216     66
  435   1552    216     91
  434   1587    216     87
  436   1627    216     40
  438   1665    216     15
  437   1703    216     29
  437   1744    216      8
  438   1781    216     71
  438   1822    216     61
  437   1862    216     62
  434   1900    216    100
  391   1086    216     73
  377   1192    216     22
  385   1230    216     25
  367   1268    216     45
  378   1551    216     32
  358   1841    216     20
  346   1899    216     77
  317   1122    216     53
  322   1162    216      4
  322   1200    216     76
  319   1239    216     52
  321   1277    216     46
  319   1317    216     33
  321   1353    216     60
  321   1394    216      7
  320   1430    216      3
  320   1471    216     14
  320   1550    216     45
  321   1590    216     83
  318   1625    216     83
  319   1664    216     21
  320   1704    216     81
  321   1743    216     82
  319   1784    216     82
  321   1821    216     56
  321   1859    216      2
  319   1899    216     69
  279   1061    216     75
  283   1122    216     16
  281   1161    216     14
  281   1198    216     93
  280   1240    216     87
  282   1274    216     38
  281   1318    216     21
  281   1355    216     48
  281   1395    216     11
  281   1435    216     95
  283   1473    216     92
  281   1550    216     37
  281   1584    216     12
  282   1626    216     93
  281   1667    216      4
  281   1704    216     39
  281   1743    216     68
  284   1783    216     16
  283   1822    216     70
  282   1860    216     66
  282   1900    216     13
  216   1181    216      2
  246   1373    216     13
  241   1433    216     95
  230   1471    216     88
  260   1514    216     13
  236   1541    216     36
  235   1838    216     40
  205   1063    216     55
  167   1100    216     11
  170   1131    216     36
  166   1084    216     72
  165   1202    216     50
  167   1239    216     55
  187   1260    216     38
  168   1281    216     17
  167   1315    216     78
  165   1360    216     89
  168   1391    216     75
  167   1434    216     24
  170   1471    216     21
  167   1550    216     50
  166   1587    216     40
  165   1626    216     48
  167   1665    216     65
  167   1711    216     24
  169   1743    216     99
  167   1781    216     80
  167   1820    216     31
  168   1858    216     89
  167   1901    216     58
  131   1055    216      6
  129   1094    216     31
  128   1132    216     61
  125   1172    216     58
  128   1213    216     48
  126   1250    216     72
  128   1290    216     50
  123   1327    216     83
  127   1367    216     27
  128   1405    216      9
  129   1443    216     57
  127   1485    216      6
  128   1522    216     66
  131   1560    216     10
  129   1599    216     44
  130   1638    216     37
  130   1678    216     43
  127   1713    216     61
  128   1753    216     45
   91   1058    216     85
   89   1097    216     48
   87   1131    216     97
   87   1169    216     74
   86   1211    216     61
   86   1248    216     71
   90   1292    216     79
   87   1240    216     91
   90   1369    216     30
   86   1408    216     45
   88   1445    216     51
   90   1483    216     53
   91   1520    216     53
   88   1558    216     16
   94   1606    216     85
   91   1639    216     92
   88   1676    216     52
   89   1629    216     94
   89   1758    216     15
   53   1057    216     30
   49   1094    216     95
   49   1135    216     65
   51   1175    216     14
   51   1213    216     22
   49   1251    216     96
   50   1288    216     27
   50   1328    216     12
   51   1366    216     59
   49   1404    216     30
   51   1444    216     39
   50   1483    216     76
   51   1522    216     61
   50   1558    216     29
   53   1600    216     29
   50   1637    216     76
   50   1673    216     58
   47   1712    216     34
   50   1754    216     94
   49   1795    216     52
   11   1055    216     85
   16   1095    216     32
   12   1134    216     80
   13   1173    216     88
   15   1210    216     94
   12   1249    216      2
   11   1289    216     79
   14   1328    216     67
   13   1368    216     40
   14   1406    216      4
   16   1441    216     28
   13   1482    216     72
   14   1521    216     79
   10   1561    216     60
   12   1594    216     42
   10   1637    216     93
   15   1678    216      3
   15   1714    216     29
   11   1753    216     10
   11   1793    216     14
   21   1882    216      1
   88   1327    216     57
   88   1712    216     72
  503   2002    216     27
  512   2040    216    100
  542   2099    216     15
  521   2140    216     87
  534   2179    216     34
  484   2098    216     89
  434   2062    216     23
  414   2020    216     72
  394   2137    216     39
  426   2198    216     42
  463   2277    216     14
  484   2313    216     49
  415   2292    216     73
  435   2373    216     90
  436   2437    216     69
  463   2438    216     12
  494   2458    216     24
  484   2516    216     18
  484   2552    216     57
  483   2592    216     99
  483   2630    216     77
  484   2671    216      8
  483   2707    216     16
  484   2748    216     48
  482   2784    216     97
  482   2824    216      2
  484   2863    216     57
  485   2903    216     16
  483   2939    216     93
  521   2941    216     57
  520   2899    216     75
  523   2862    216     39
  521   2823    216     42
  521   2787    216     27
  524   2745    216     54
  520   2709    216     57
  521   2669    216     28
  522   2631    216      6
  520   2593    216     78
  473   3011    216     55
  337   1933    216     19
  359   1964    216     66
  368   2001    216     11
  368   2039    216     61
  367   2079    216     20
  367   2118    216     72
  368   2160    216      3
  367   2197    216     59
  367   2238    216     34
  368   2275    216     77
  368   2313    216     56
  370   2351    216     95
  369   2392    216     73
  365   2427    216     17
  322   2080    216     90
  319   2118    216     93
  318   2156    216     71
  319   2199    216     61
  318   2233    216     41
  319   2274    216     97
  319   2315    216     61
  318   2352    216      3
  319   2394    216     23
  318   2428    216    100
  290   1972    216     76
  281   1999    216     15
  282   2042    216     54
  280   2078    216     20
  278   2115    216     20
  280   2161    216      2
  280   2195    216     96
  279   2236    216     88
  281   2278    216     69
  280   2312    216     70
  281   2355    216     67
  280   2392    216     40
  277   2427    216     47
  348   2503    216     96
  385   2524    216     72
  387   2554    216     64
  365   2582    216     96
  376   2622    216     77
  394   2750    216     44
  395   2952    216     92
  308   2526    216     75
  279   2527    216     95
  280   2563    216     55
  321   2604    216     57
  283   2600    216     52
  316   2640    216     59
  282   2640    216     68
  321   2680    216     80
  280   2679    216     78
  320   2717    216     39
  282   2717    216     29
  320   2757    216     46
  279   2755    216     11
  318   2798    216     41
  283   2794    216     96
  319   2833    216      8
  281   2832    216     47
  318   2870    216     94
  282   2869    216     95
  321   2910    216     18
  280   2910    216     54
  320   2949    216      1
  281   2949    216     87
  557   3089    216     54
  559   3125    216     52
  556   3164    216     70
  558   3201    216     90
  558   3240    216     30
  559   3279    216     37
  558   3317    216     14
  559   3356    216     33
  561   3393    216     37
  560   3437    216     13
  490   3277    216     84
  463   3085    216      6
  462   3122    216     18
  464   3163    216     70
  463   3200    216     17
  461   3235    216     99
  464   3278    216     42
  462   3316    216     76
  464   3355    216     49
  463   3395    216      2
  464   3434    216     98
  558   3532    216     53
  559   3568    216     20
  559   3604    216     59
  562   3645    216     60
  558   3685    216     61
  561   3724    216     87
  558   3766    216     78
  559   3800    216     83
  560   3839    216     32
  561   3879    216     47
  520   3760    216     82
  509   3800    216     19
  511   3840    216     37
  509   3879    216     27
  460   3489    216     64
  443   3519    216     94
  452   3565    216     79
  464   3606    216     89
  463   3644    216      4
  461   3685    216     98
  462   3721    216     89
  463   3761    216     86
  462   3801    216     16
  462   3840    216     46
  462   3877    216     46
  444   3036    216     89
  357   3037    216     25
  394   3260    216      7
  397   3339    216     67
  396   3418    216     78
  384   3512    216      2
  388   3548    216     72
  374   3609    216     36
  403   3646    216     40
  424   3687    216     24
  406   3743    216     34
  405   3906    216     17
  442   3919    216      8
  344   3087    216     30
  349   3124    216     56
  346   3162    216     24
  347   3201    216    100
  348   3238    216     61
  347   3275    216     66
  346   3317    216     52
  349   3358    216     17
  347   3397    216     75
  349   3432    216     55
  349   3477    216     32
  347   3511    216      8
  348   3547    216     73
  346   3604    216     57
  346   3643    216     17
  347   3687    216     52
  348   3724    216     83
  346   3762    216     77
  348   3798    216     28
  344   3839    216     73
  347   3876    216     74
  324   3413    216     78
  307   3501    216     35
  296   3558    216     88
  327   3629    216      8
  296   3743    216     51
  270   3124    216     18
  272   3161    216     93
  269   3197    216      6
  272   3238    216     63
  270   3279    216     85
  271   3318    216      5
  273   3356    216     22
  250   3220    216      5
  231   3288    216     74
  221   3338    216     60
  242   3377    216      3
  263   3453    216     71
  252   3529    216     19
  212   3470    216     50
  211   3514    216     29
  272   3587    216     10
  270   3624    216     69
  268   3665    216     17
  270   3706    216     87
  270   3742    216     68
  270   3784    216     51
  270   3820    216     94
  270   3858    216     87
  271   3916    216     81
  213   3824    216     61
  194   3917    216    100
  223   2021    216     75
  222   2140    216      4
  234   2410    216     76
  231   2490    216     65
  202   2079    216     48
  203   2120    216     12
  202   2159    216     17
  203   2197    216     43
  201   2237    216     54
  204   2274    216     66
  204   2316    216      8
  202   2353    216     14
  200   2392    216     75
  204   2428    216     93
  203   2602    216     18
  204   2643    216     63
  205   2699    216     53
  205   2721    216     92
  204   2759    216      7
  204   2799    216     89
  204   2836    216     50
  203   2877    216     19
  204   2913    216     55
  204   2953    216     67
  164   2003    216     62
  165   2042    216     76
  165   2081    216     56
  164   2120    216      8
  164   2159    216     23
  165   2197    216     84
  164   2233    216      7
  164   2274    216     46
  166   2315    216     92
  165   2351    216     85
  164   2392    216     61
  164   2430    216     85
  165   2487    216     39
  164   2523    216     31
  166   2567    216     11
  165   2602    216     63
  166   2643    216     51
  163   2683    216     37
  165   2721    216     38
  165   2759    216     95
  164   2799    216     28
  163   2837    216     49
  166   2869    216     20
  166   2911    216     86
  164   2954    216     90
  128   2080    216     99
  127   2140    216     24
  127   2180    216     18
  125   2219    216     41
  125   2258    216     38
  127   2296    216     48
  125   2158    216     46
  128   2373    216     51
  127   2416    216     96
  126   2448    216     40
  128   2489    216     51
  127   2528    216     71
  127   2564    216     47
  126   2607    216     95
  127   2642    216     87
  126   2683    216     52
  126   2720    216     96
  128   2760    216     72
  127   2796    216     42
  124   2834    216     76
  127   2874    216     12
  129   2914    216      5
   78   1990    216     92
   88   2137    216     49
   90   2177    216     89
   87   2218    216     70
   87   2258    216     97
   90   2298    216      6
   91   2343    216     65
   90   2373    216      4
   92   2420    216     40
   89   2449    216     95
   87   2489    216     77
   86   2524    216     91
   90   2565    216     14
   88   2604    216     26
   89   2643    216     54
   87   2679    216     97
   89   2718    216     50
   89   2757    216     37
   90   2806    216     66
   88   2835    216     87
   87   2872    216     93
   88   2911    216     68
   50   2137    216     61
   50   2176    216      8
   51   2216    216     39
   49   2257    216     55
   50   2294    216     63
   49   2334    216     63
   49   2370    216     21
   48   2408    216     43
   50   2449    216     58
   50   2489    216     27
   50   2525    216     10
   49   2564    216     69
   50   2603    216     10
   50   2643    216     78
   49   2681    216     87
   50   2717    216     48
   50   2757    216     96
   51   2796    216     18
   49   2834    216     45
   49   2874    216     19
  -23   1994    216     89
   10   2137    216     66
   12   2178    216      3
   11   2217    216     82
   11   2256    216     52
   11   2292    216     46
   11   2333    216     76
   13   2378    216      8
   10   2411    216     96
    9   2448    216     57
   10   2484    216    100
    9   2524    216     93
   11   2563    216     79
   10   2601    216     96
   10   2640    216     59
   11   2682    216     33
    9   2718    216     87
   10   2754    216      4
   10   2801    216     31
   10   2834    216     74
   11   2872    216     66
  126   2334    216      1
  173   3143    216     69
  174   3184    216     62
  155   3123    216     71
  154   3162    216      8
  156   3203    216     57
  154   3241    216     46
  154   3278    216     95
  154   3314    216     70
  156   3355    216     25
  153   3397    216     42
  136   3468    216     80
  135   3510    216     22
  155   3551    216      3
  156   3591    216     32
  155   3627    216     44
  155   3665    216     63
  154   3707    216     31
  152   3744    216     85
  156   3791    216     14
  155   3822    216     18
  157   3861    216     59
  115   3547    216     83
  114   3585    216     53
  114   3600    216     94
  113   3610    216      6
  113   3624    216     20
  112   3663    216     91
  112   3699    216      1
  112   3739    216     31
  112   3779    216     54
  116   3819    216     67
  113   3858    216      7
  114   3898    216     61
  105   3102    216     85
  103   3159    216     89
  107   3256    216     18
  105   3295    216     87
  105   3375    216     45
   66   3215    216     78
   64   3374    216     28
   75   3462    216     76
   36   3460    216     49
   75   3546    216     42
   37   3547    216     39
   76   3624    216     89
   35   3622    216     89
   77   3702    216     42
   37   3701    216     44
   77   3778    216     91
   37   3780    216     24
   78   3858    216     62
   36   3856    216     82
   -4   3873    216     43
   17   2052    216     21
   16   2962    216     63
  -66   3134    216     34
  -68   3905    216     44
   38   3941    216     17
