6 5 50 16 18
0 116 113 48 73 46 82 71 96 58 70 102 57 57 61 45 94 22 19 84 68 13 9 20 70 116 87 99 64 86 1 98 55 30 82 94 94 106 81 100 112 107 99 59 92 39 93 57 100 98 
116 0 12 80 84 82 38 47 57 61 58 60 82 60 64 83 41 97 102 59 50 103 107 96 66 37 36 17 52 69 115 22 61 86 48 34 29 14 35 23 24 19 31 56 23 82 38 86 33 28 
113 12 0 73 74 75 41 42 65 56 50 48 74 56 57 76 49 95 97 66 51 101 104 92 56 24 27 16 50 58 112 15 58 83 54 42 36 7 33 13 12 29 20 54 23 82 28 77 41 18 
48 80 73 0 28 2 58 34 85 21 24 54 11 24 16 2 75 42 29 75 46 41 42 31 22 70 46 64 36 38 47 59 28 23 66 72 69 68 49 60 69 79 56 34 59 44 48 14 77 56 
73 84 74 28 0 30 74 46 105 40 29 36 17 45 29 30 92 70 54 97 66 69 70 59 20 61 48 70 55 18 72 62 50 51 86 87 82 70 61 61 65 88 54 55 68 72 46 16 92 56 
46 82 75 2 30 0 58 35 86 22 26 56 13 25 18 1 76 40 26 75 47 39 40 29 24 72 47 65 36 40 45 61 28 21 67 72 70 69 50 61 71 80 58 34 60 43 50 15 78 58 
82 38 41 58 74 58 0 27 32 37 44 68 64 33 45 59 18 61 71 27 13 68 72 63 54 59 33 24 22 67 81 31 31 55 14 14 12 34 14 35 48 25 41 25 18 45 42 68 20 37 
71 47 42 34 46 35 27 0 59 14 17 46 38 14 19 36 45 54 55 52 22 59 62 50 26 47 17 30 13 40 70 27 17 41 40 40 36 35 15 29 41 45 29 16 25 44 24 42 45 27 
96 57 65 85 105 86 32 59 0 66 76 100 94 61 76 86 16 74 91 12 39 83 87 81 85 87 65 51 50 99 96 60 57 76 19 24 30 60 47 64 75 38 72 51 47 57 74 98 24 68 
58 61 56 21 40 22 37 14 66 0 16 51 28 5 10 23 55 43 41 57 26 46 50 37 22 58 29 44 15 40 57 41 10 27 47 51 48 49 28 42 54 58 41 14 39 37 35 32 56 40 
70 58 50 24 29 26 44 17 76 16 0 35 24 20 8 27 62 58 51 68 38 60 63 50 9 46 22 43 27 25 69 36 25 40 57 57 53 44 31 36 45 60 32 28 39 53 24 28 62 32 
102 60 48 54 36 56 68 46 100 51 35 0 47 55 42 57 84 93 83 95 68 94 96 84 32 28 34 53 59 18 102 43 60 75 83 77 71 47 54 39 37 72 30 61 54 88 26 48 80 34 
57 82 74 11 17 13 64 38 94 28 24 47 0 32 19 13 83 53 38 84 55 52 53 42 17 67 46 67 43 29 56 60 37 34 75 78 75 69 53 60 68 83 55 42 63 55 47 4 84 56 
57 60 56 24 45 25 33 14 61 5 20 55 32 0 15 26 50 41 42 52 22 45 48 36 27 60 30 43 11 45 56 41 5 27 42 47 45 49 25 43 55 55 43 10 37 33 37 36 53 41 
61 64 57 16 29 18 45 19 76 10 8 42 19 15 0 19 63 50 43 67 37 52 54 42 12 55 29 48 25 30 60 43 21 32 56 59 55 51 34 43 53 64 40 25 44 46 32 23 64 39 
45 83 76 2 30 1 59 36 86 23 27 57 13 26 19 0 77 40 26 76 48 39 40 29 25 73 48 66 37 40 44 62 29 21 68 73 71 70 51 62 72 81 59 35 61 43 51 15 79 59 
94 41 49 75 92 76 18 45 16 55 62 84 83 50 63 77 0 72 86 18 29 80 84 76 72 71 49 34 39 84 94 43 47 70 12 7 13 43 31 47 58 22 55 41 30 55 58 87 8 51 
22 97 95 42 70 40 61 54 74 43 58 93 53 41 50 40 72 0 23 62 47 9 13 13 61 102 71 80 45 79 22 80 38 19 60 73 73 88 62 83 96 86 84 41 73 17 78 55 78 82 
19 102 97 29 54 26 71 55 91 41 51 83 38 42 43 26 86 23 0 79 57 17 16 11 51 98 71 85 50 67 18 82 41 16 75 85 84 91 67 84 95 96 82 47 79 36 75 38 91 81 
84 59 66 75 97 75 27 52 12 57 68 95 84 52 67 76 18 62 79 0 30 71 75 69 77 86 60 50 41 92 84 57 47 64 12 24 30 60 41 61 74 41 69 42 44 45 70 88 27 65 
68 50 51 46 66 47 13 22 39 26 38 68 55 22 37 48 29 47 57 30 0 55 59 49 47 64 35 34 11 62 68 37 18 41 20 27 26 43 17 41 55 39 46 12 27 32 44 59 33 42 
13 103 101 41 69 39 68 59 83 46 60 94 52 45 52 39 80 9 17 71 55 0 4 10 62 105 76 86 51 79 13 86 43 19 68 80 81 94 68 88 100 94 88 47 80 26 82 53 86 86 
9 107 104 42 70 40 72 62 87 50 63 96 53 48 54 40 84 13 16 75 59 4 0 12 64 108 79 90 55 81 9 89 46 22 73 85 85 97 72 91 104 98 91 50 83 30 85 54 91 90 
20 96 92 31 59 29 63 50 81 37 50 84 42 36 42 29 76 13 11 69 49 10 12 0 52 96 67 79 43 69 19 77 35 10 65 76 75 86 61 79 92 88 79 39 72 25 73 43 82 77 
70 66 56 22 20 24 54 26 85 22 9 32 17 27 12 25 72 61 51 77 47 62 64 52 0 49 30 51 36 18 69 44 33 42 66 67 62 52 41 43 50 69 37 36 48 58 29 21 72 38 
116 37 24 70 61 72 59 47 87 58 46 28 67 60 55 73 71 102 98 86 64 105 108 96 49 0 30 36 59 43 115 28 64 86 73 63 57 27 47 24 13 53 18 63 41 92 23 69 65 22 
87 36 27 46 48 47 33 17 65 29 22 34 46 30 29 48 49 71 71 60 35 76 79 67 30 30 0 21 28 36 87 14 34 57 48 43 37 22 19 13 24 40 12 32 20 61 9 50 46 10 
99 17 16 64 70 65 24 30 51 44 43 53 67 43 48 66 34 80 85 50 34 86 90 79 51 36 21 0 35 58 99 9 44 69 38 27 20 10 18 13 24 19 22 39 7 66 27 71 28 18 
64 52 50 36 55 36 22 13 50 15 27 59 43 11 25 37 39 45 50 41 11 51 55 43 36 59 28 35 0 52 63 35 9 34 31 36 34 43 17 38 51 45 41 4 28 33 37 47 42 38 
86 69 58 38 18 40 67 40 99 40 25 18 29 45 30 40 84 79 67 92 62 79 81 69 18 43 36 58 52 0 85 49 50 60 80 78 73 55 53 46 49 77 38 53 57 76 31 30 83 41 
1 115 112 47 72 45 81 70 96 57 69 102 56 56 60 44 94 22 18 84 68 13 9 19 69 115 87 99 63 85 0 97 55 29 82 94 94 105 80 99 111 107 99 59 92 39 92 56 100 97 
98 22 15 59 62 61 31 27 60 41 36 43 60 41 43 62 43 80 82 57 37 86 89 77 44 28 14 9 35 49 97 0 43 68 45 36 29 8 20 4 17 29 12 40 13 68 17 64 38 8 
55 61 58 28 50 28 31 17 57 10 25 60 37 5 21 29 47 38 41 47 18 43 46 35 33 64 34 44 9 50 55 43 0 25 38 45 43 50 25 45 58 54 46 6 37 28 41 41 51 44 
30 86 83 23 51 21 55 41 76 27 40 75 34 27 32 21 70 19 16 64 41 19 22 10 42 86 57 69 34 60 29 68 25 0 59 68 67 76 51 70 82 80 69 31 63 24 63 36 74 67 
82 48 54 66 86 67 14 40 19 47 57 83 75 42 56 68 12 60 75 12 20 68 73 65 66 73 48 38 31 80 82 45 38 59 0 15 19 48 29 49 62 31 56 32 32 43 57 79 19 52 
94 34 42 72 87 72 14 40 24 51 57 77 78 47 59 73 7 73 85 24 27 80 85 76 67 63 43 27 36 78 94 36 45 68 15 0 6 36 26 40 51 17 48 39 23 56 51 82 6 44 
94 29 36 69 82 70 12 36 30 48 53 71 75 45 55 71 13 73 84 30 26 81 85 75 62 57 37 20 34 73 94 29 43 67 19 6 0 30 21 34 45 13 42 37 17 57 45 79 9 38 
106 14 7 68 70 69 34 35 60 49 44 47 69 49 51 70 43 88 91 60 43 94 97 86 52 27 22 10 43 55 105 8 50 76 48 36 30 0 26 9 14 25 17 47 16 75 24 72 37 14 
81 35 33 49 61 50 14 15 47 28 31 54 53 25 34 51 31 62 67 41 17 68 72 61 41 47 19 18 17 53 80 20 25 51 29 26 21 26 0 23 37 30 29 21 11 48 28 58 30 25 
100 23 13 60 61 61 35 29 64 42 36 39 60 43 43 62 47 83 84 61 41 88 91 79 43 24 13 13 38 46 99 4 45 70 49 40 34 9 23 0 13 32 9 42 17 71 15 64 42 5 
112 24 12 69 65 71 48 41 75 54 45 37 68 55 53 72 58 96 95 74 55 100 104 92 50 13 24 24 51 49 111 17 58 82 62 51 45 14 37 13 0 40 13 55 30 84 21 71 52 14 
107 19 29 79 88 80 25 45 38 58 60 72 83 55 64 81 22 86 96 41 39 94 98 88 69 53 40 19 45 77 107 29 54 80 31 17 13 25 30 32 40 0 41 49 20 71 46 87 14 37 
99 31 20 56 54 58 41 29 72 41 32 30 55 43 40 59 55 84 82 69 46 88 91 79 37 18 12 22 41 38 99 12 46 69 56 48 42 17 29 9 13 41 0 44 25 74 8 58 51 4 
59 56 54 34 55 34 25 16 51 14 28 61 42 10 25 35 41 41 47 42 12 47 50 39 36 63 32 39 4 53 59 40 6 31 32 39 37 47 21 42 55 49 44 0 33 29 40 46 45 42 
92 23 23 59 68 60 18 25 47 39 39 54 63 37 44 61 30 73 79 44 27 80 83 72 48 41 20 7 28 57 92 13 37 63 32 23 17 16 11 17 30 20 25 33 0 59 28 67 26 21 
39 82 82 44 72 43 45 44 57 37 53 88 55 33 46 43 55 17 36 45 32 26 30 25 58 92 61 66 33 76 39 68 28 24 43 56 57 75 48 71 84 71 74 29 59 0 69 58 62 71 
93 38 28 48 46 50 42 24 74 35 24 26 47 37 32 51 58 78 75 70 44 82 85 73 29 23 9 27 37 31 92 17 41 63 57 51 45 24 28 15 21 46 8 40 28 69 0 50 54 10 
57 86 77 14 16 15 68 42 98 32 28 48 4 36 23 15 87 55 38 88 59 53 54 43 21 69 50 71 47 30 56 64 41 36 79 82 79 72 58 64 71 87 58 46 67 58 50 0 88 59 
100 33 41 77 92 78 20 45 24 56 62 80 84 53 64 79 8 78 91 27 33 86 91 82 72 65 46 28 42 83 100 38 51 74 19 6 9 37 30 42 52 14 51 45 26 62 54 88 0 46 
98 28 18 56 56 58 37 27 68 40 32 34 56 41 39 59 51 82 81 65 42 86 90 77 38 22 10 18 38 41 97 8 44 67 52 44 38 14 25 5 14 37 4 42 21 71 10 59 46 0 
14 5 13 15 16 1 20 18 6 19 16 3 3 9 6 9 18 19 11 10 18 10 12 5 8 6 4 13 2 4 11 6 5 4 7 14 19 9 19 16 3 15 2 17 9 20 17 7 14 14 
38 38 38 38 38 38 38 38 38 38 38 38 38 38 38 38 38 38 38 38 38 38 38 38 38 38 38 38 38 38 38 38 38 38 38 38 38 38 38 38 38 38 38 38 38 38 38 38 38 38 