6 14 100 33 12
0 116 113 48 73 46 82 71 96 58 70 102 57 57 61 45 94 22 19 84 68 13 9 20 70 116 87 99 64 86 1 98 55 30 82 94 94 106 81 100 112 107 99 59 92 39 93 57 100 98 67 92 75 126 92 74 40 46 124 68 96 58 43 61 16 56 27 70 100 116 68 77 101 86 89 77 104 26 27 70 97 110 76 68 91 82 31 63 91 4 41 67 108 67 59 22 41 90 31 86 
116 0 12 80 84 82 38 47 57 61 58 60 82 60 64 83 41 97 102 59 50 103 107 96 66 37 36 17 52 69 115 22 61 86 48 34 29 14 35 23 24 19 31 56 23 82 38 86 33 28 57 33 72 17 75 60 87 75 24 49 25 60 73 82 102 60 89 67 26 7 84 90 59 39 32 54 35 90 89 73 18 20 76 96 33 40 88 95 96 112 77 86 32 49 57 95 75 26 85 43 
113 12 0 73 74 75 41 42 65 56 50 48 74 56 57 76 49 95 97 66 51 101 104 92 56 24 27 16 50 58 112 15 58 83 54 42 36 7 33 13 12 29 20 54 23 82 28 77 41 18 59 23 77 13 63 65 81 69 15 45 32 61 70 73 98 60 86 57 34 6 74 80 46 44 24 59 23 88 85 63 18 7 66 86 40 44 83 85 84 109 76 76 19 49 54 92 72 27 82 49 
48 80 73 0 28 2 58 34 85 21 24 54 11 24 16 2 75 42 29 75 46 41 42 31 22 70 46 64 36 38 47 59 28 23 66 72 69 68 49 60 69 79 56 34 59 44 48 14 77 56 54 50 74 86 44 66 8 10 81 33 69 44 29 15 32 38 30 21 74 78 22 34 53 64 49 65 59 34 27 22 62 68 29 29 67 60 18 24 48 45 37 23 64 42 31 27 27 59 29 68 
73 84 74 28 0 30 74 46 105 40 29 36 17 45 29 30 92 70 54 97 66 69 70 59 20 61 48 70 55 18 72 62 50 51 86 87 82 70 61 61 65 88 54 55 68 72 46 16 92 56 76 51 98 84 20 88 35 36 76 48 81 67 55 13 59 61 59 19 86 80 6 7 36 81 52 86 52 63 55 12 70 67 8 13 82 77 46 14 20 71 64 6 58 61 52 55 54 69 57 85 
46 82 75 2 30 0 58 35 86 22 26 56 13 25 18 1 76 40 26 75 47 39 40 29 24 72 47 65 36 40 45 61 28 21 67 72 70 69 50 61 71 80 58 34 60 43 50 15 78 58 54 52 74 88 46 65 6 9 83 34 70 43 28 17 30 38 28 24 75 80 24 35 55 65 51 65 61 32 25 24 64 70 31 30 68 61 16 25 50 43 36 25 66 43 32 25 26 60 27 68 
82 38 41 58 74 58 0 27 32 37 44 68 64 33 45 59 18 61 71 27 13 68 72 63 54 59 33 24 22 67 81 31 31 55 14 14 12 34 14 35 48 25 41 25 18 45 42 68 20 37 18 36 37 53 75 24 62 49 56 26 14 23 39 66 69 25 55 54 18 41 71 81 66 7 31 19 49 55 56 61 22 43 68 82 10 4 58 79 91 77 41 72 50 16 27 64 42 14 51 12 
71 47 42 34 46 35 27 0 59 14 17 46 38 14 19 36 45 54 55 52 22 59 62 50 26 47 17 30 13 40 70 27 17 41 40 40 36 35 15 29 41 45 29 16 25 44 24 42 45 27 33 21 56 55 48 44 40 27 53 4 35 28 30 39 56 24 44 27 41 46 43 53 43 34 18 41 35 47 43 34 28 38 40 55 36 31 41 52 64 67 37 45 38 17 14 49 31 25 41 39 
96 57 65 85 105 86 32 59 0 66 76 100 94 61 76 86 16 74 91 12 39 83 87 81 85 87 65 51 50 99 96 60 57 76 19 24 30 60 47 64 75 38 72 51 47 57 74 98 24 68 32 67 24 74 107 22 87 76 80 57 34 42 60 96 88 47 73 86 31 63 102 112 98 25 62 20 79 72 75 93 49 70 100 112 27 28 81 109 123 92 57 103 79 44 54 83 63 43 70 20 
58 61 56 21 40 22 37 14 66 0 16 51 28 5 10 23 55 43 41 57 26 46 50 37 22 58 29 44 15 40 57 41 10 27 47 51 48 49 28 42 54 58 41 14 39 37 35 32 56 40 36 34 58 69 48 48 26 13 66 12 48 27 20 30 42 21 32 23 53 60 36 47 49 43 32 46 46 35 30 28 43 52 36 46 46 40 27 42 60 53 29 37 50 22 12 36 20 38 29 47 
70 58 50 24 29 26 44 17 76 16 0 35 24 20 8 27 62 58 51 68 38 60 63 50 9 46 22 43 27 25 69 36 25 40 57 57 53 44 31 36 45 60 32 28 39 53 24 28 62 32 49 26 72 62 33 60 32 23 57 19 51 41 36 24 54 36 46 10 57 55 27 36 33 51 26 58 34 50 44 17 42 44 23 39 53 48 38 37 47 66 45 29 39 33 26 48 36 40 43 56 
102 60 48 54 36 56 68 46 100 51 35 0 47 55 42 57 84 93 83 95 68 94 96 84 32 28 34 53 59 18 102 43 60 75 83 77 71 47 54 39 37 72 30 61 54 88 26 48 80 34 79 33 102 55 18 89 63 57 45 49 68 74 71 44 86 69 81 32 73 54 40 39 2 74 38 86 25 84 78 33 53 40 29 49 73 72 71 51 39 99 80 41 28 63 59 81 71 57 78 80 
57 82 74 11 17 13 64 38 94 28 24 47 0 32 19 13 83 53 38 84 55 52 53 42 17 67 46 67 43 29 56 60 37 34 75 78 75 69 53 60 68 83 55 42 63 55 47 4 84 56 63 50 84 86 34 75 18 20 80 38 74 53 40 4 42 48 41 17 79 79 11 22 46 71 50 74 56 46 38 14 66 68 18 18 74 68 29 14 36 54 48 11 61 50 39 38 38 63 40 75 
57 60 56 24 45 25 33 14 61 5 20 55 32 0 15 26 50 41 42 52 22 45 48 36 27 60 30 43 11 45 56 41 5 27 42 47 45 49 25 43 55 55 43 10 37 33 37 36 53 41 31 35 53 69 53 43 29 16 67 10 45 22 16 35 42 16 30 28 50 59 41 52 53 40 32 41 48 33 29 33 41 53 41 51 43 36 27 47 65 53 25 42 52 18 7 35 17 36 27 43 
61 64 57 16 29 18 45 19 76 10 8 42 19 15 0 19 63 50 43 67 37 52 54 42 12 55 29 48 25 30 60 43 21 32 56 59 55 51 34 43 53 64 40 25 44 46 32 23 64 39 46 34 69 70 38 58 24 14 65 19 54 38 29 20 45 32 38 12 60 62 25 36 41 52 32 56 43 41 36 18 47 52 25 36 55 49 29 33 49 57 38 27 48 32 22 39 29 44 35 56 
45 83 76 2 30 1 59 36 86 23 27 57 13 26 19 0 77 40 26 76 48 39 40 29 25 73 48 66 37 40 44 62 29 21 68 73 71 70 51 62 72 81 59 35 61 43 51 15 79 59 55 53 74 89 46 66 5 10 84 35 71 44 29 17 30 39 28 24 76 81 24 35 55 66 52 66 61 32 25 25 65 71 31 29 69 62 16 25 49 42 37 24 67 44 32 25 26 61 27 69 
94 41 49 75 92 76 18 45 16 55 62 84 83 50 63 77 0 72 86 18 29 80 84 76 72 71 49 34 39 84 94 43 47 70 12 7 13 43 31 47 58 22 55 41 30 55 58 87 8 51 26 51 32 58 92 22 79 66 64 44 17 36 54 84 83 40 68 73 15 47 89 99 82 11 46 18 63 68 70 79 32 53 86 100 10 14 74 97 110 89 53 91 62 32 44 78 57 26 65 8 
22 97 95 42 70 40 61 54 74 43 58 93 53 41 50 40 72 0 23 62 47 9 13 13 61 102 71 80 45 79 22 80 38 19 60 73 73 88 62 83 96 86 84 41 73 17 78 55 78 82 45 76 53 108 86 52 36 36 107 51 75 37 25 57 17 36 12 61 79 98 64 75 91 64 73 55 89 8 15 64 78 93 71 68 70 61 24 63 90 18 20 65 93 47 41 17 23 71 14 64 
19 102 97 29 54 26 71 55 91 41 51 83 38 42 43 26 86 23 0 79 57 17 16 11 51 98 71 85 50 67 18 82 41 16 75 85 84 91 67 84 95 96 82 47 79 36 75 38 91 81 60 75 73 111 72 69 20 29 107 52 85 50 32 41 5 46 18 51 89 101 48 58 82 76 73 71 86 20 16 51 83 94 57 49 81 72 14 44 72 17 34 48 91 55 45 8 29 77 21 78 
84 59 66 75 97 75 27 52 12 57 68 95 84 52 67 76 18 62 79 0 30 71 75 69 77 86 60 50 41 92 84 57 47 64 12 24 30 60 41 61 74 41 69 42 44 45 70 88 27 65 21 63 14 75 100 10 77 65 81 49 34 31 49 87 76 37 61 78 32 64 93 104 93 22 58 10 76 60 63 84 48 69 91 103 26 23 69 99 115 80 45 94 77 35 45 71 52 40 58 17 
68 50 51 46 66 47 13 22 39 26 38 68 55 22 37 48 29 47 57 30 0 55 59 49 47 64 35 34 11 62 68 37 18 41 20 27 26 43 17 41 55 39 46 12 27 32 44 59 33 42 11 39 34 63 71 22 49 37 65 19 28 10 25 57 56 11 41 48 31 52 62 73 65 19 34 19 53 42 42 54 32 50 61 73 23 15 45 69 85 63 27 64 55 5 15 50 28 24 37 21 
13 103 101 41 69 39 68 59 83 46 60 94 52 45 52 39 80 9 17 71 55 0 4 10 62 105 76 86 51 79 13 86 43 19 68 80 81 94 68 88 100 94 88 47 80 26 82 53 86 86 53 81 62 114 85 61 34 37 112 55 83 45 30 56 11 43 14 62 86 104 63 73 92 72 77 63 93 13 16 63 84 98 70 65 78 69 23 60 87 9 27 63 97 54 46 14 28 77 18 73 
9 107 104 42 70 40 72 62 87 50 63 96 53 48 54 40 84 13 16 75 59 4 0 12 64 108 79 90 55 81 9 89 46 22 73 85 85 97 72 91 104 98 91 50 83 30 85 54 91 90 57 84 66 118 87 65 35 39 116 59 87 49 34 57 11 47 18 64 90 107 64 74 95 76 81 68 96 17 19 65 88 101 71 65 82 73 25 60 88 5 31 64 100 58 50 15 32 81 22 77 
20 96 92 31 59 29 63 50 81 37 50 84 42 36 42 29 76 13 11 69 49 10 12 0 52 96 67 79 43 69 19 77 35 10 65 76 75 86 61 79 92 88 79 39 72 25 73 43 82 77 50 72 62 106 75 59 24 27 103 47 77 40 23 46 7 37 8 51 81 96 53 63 82 67 69 61 83 9 7 53 77 89 60 56 72 64 13 50 77 16 24 53 88 47 39 4 21 70 11 68 
70 66 56 22 20 24 54 26 85 22 9 32 17 27 12 25 72 61 51 77 47 62 64 52 0 49 30 51 36 18 69 44 33 42 66 67 62 52 41 43 50 69 37 36 48 58 29 21 72 38 57 33 80 68 25 69 31 25 62 28 61 49 41 16 54 44 49 1 66 62 18 27 30 61 34 67 38 53 46 7 50 50 14 30 62 58 39 29 38 67 50 20 43 42 34 49 41 49 47 65 
116 37 24 70 61 72 59 47 87 58 46 28 67 60 55 73 71 102 98 86 64 105 108 96 49 0 30 36 59 43 115 28 64 86 73 63 57 27 47 24 13 53 18 63 41 92 23 69 65 22 75 25 96 27 46 83 79 69 17 51 53 73 77 65 100 70 91 50 57 30 63 65 27 63 30 78 12 94 89 53 38 18 53 74 60 63 84 75 67 112 84 65 9 61 62 94 78 45 87 69 
87 36 27 46 48 47 33 17 65 29 22 34 46 30 29 48 49 71 71 60 35 76 79 67 30 30 0 21 28 36 87 14 34 57 48 43 37 22 19 13 24 40 12 32 20 61 9 50 46 10 46 5 68 40 43 55 53 42 36 21 34 43 47 46 72 40 61 31 40 32 48 55 32 39 4 51 18 64 60 37 21 23 41 60 39 38 56 59 63 83 54 50 21 31 31 65 48 23 58 45 
99 17 16 64 70 65 24 30 51 44 43 53 67 43 48 66 34 80 85 50 34 86 90 79 51 36 21 0 35 58 99 9 44 69 38 27 20 10 18 13 24 19 22 39 7 66 27 71 28 18 43 20 61 29 64 48 70 58 31 32 17 45 56 67 85 44 72 52 21 17 69 77 50 28 17 43 29 73 72 58 2 19 63 81 24 28 71 80 84 95 60 71 28 33 40 78 58 10 68 33 
64 52 50 36 55 36 22 13 50 15 27 59 43 11 25 37 39 45 50 41 11 51 55 43 36 59 28 35 0 52 63 35 9 34 31 36 34 43 17 38 51 45 41 4 28 33 37 47 42 38 21 33 44 63 60 33 40 27 62 9 34 15 20 45 50 11 36 36 39 53 51 62 56 28 29 31 47 38 36 43 33 48 50 61 32 24 37 58 74 59 26 53 50 6 5 43 23 26 33 31 
86 69 58 38 18 40 67 40 99 40 25 18 29 45 30 40 84 79 67 92 62 79 81 69 18 43 36 58 52 0 85 49 50 60 80 78 73 55 53 46 49 77 38 53 57 76 31 30 83 41 73 37 97 68 8 85 46 43 59 43 71 66 59 26 70 61 67 18 76 64 21 22 18 74 40 82 36 71 64 15 58 51 11 31 74 71 56 33 26 83 68 23 41 57 51 65 59 59 65 79 
1 115 112 47 72 45 81 70 96 57 69 102 56 56 60 44 94 22 18 84 68 13 9 19 69 115 87 99 63 85 0 97 55 29 82 94 94 105 80 99 111 107 99 59 92 39 92 56 100 97 67 91 75 126 91 74 39 46 123 67 96 58 43 60 15 56 26 69 99 116 67 76 100 86 89 77 103 26 27 69 97 109 75 67 91 82 31 62 90 4 41 66 107 67 58 21 40 90 30 86 
98 22 15 59 62 61 31 27 60 41 36 43 60 41 43 62 43 80 82 57 37 86 89 77 44 28 14 9 35 49 97 0 43 68 45 36 29 8 20 4 17 29 12 40 13 68 17 64 38 8 47 11 68 28 55 55 66 54 27 30 26 47 55 60 83 46 71 45 30 19 62 69 41 35 10 50 19 73 70 51 10 13 54 74 32 35 68 73 75 94 61 64 19 35 39 77 58 17 67 41 
55 61 58 28 50 28 31 17 57 10 25 60 37 5 21 29 47 38 41 47 18 43 46 35 33 64 34 44 9 50 55 43 0 25 38 45 43 50 25 45 58 54 46 6 37 28 41 41 51 44 26 38 48 71 58 38 31 18 69 13 43 17 13 39 41 11 28 33 48 61 45 57 58 37 35 37 52 30 28 39 42 55 46 55 41 33 27 51 70 51 20 47 55 15 4 34 14 35 24 40 
30 86 83 23 51 21 55 41 76 27 40 75 34 27 32 21 70 19 16 64 41 19 22 10 42 86 57 69 34 60 29 68 25 0 59 68 67 76 51 70 82 80 69 31 63 24 63 36 74 67 44 62 59 96 67 54 17 17 94 37 68 34 16 38 15 30 7 42 73 86 45 57 73 60 59 55 73 11 4 45 68 79 52 50 65 56 6 45 71 26 19 46 78 39 29 8 13 61 7 62 
82 48 54 66 86 67 14 40 19 47 57 83 75 42 56 68 12 60 75 12 20 68 73 65 66 73 48 38 31 80 82 45 38 59 0 15 19 48 29 49 62 31 56 32 32 43 57 79 19 52 15 50 23 65 88 11 69 57 69 38 23 25 43 77 72 29 57 67 23 53 82 93 80 10 45 6 64 56 59 73 36 57 80 93 14 10 63 89 104 78 41 84 64 24 35 67 46 28 54 5 
94 34 42 72 87 72 14 40 24 51 57 77 78 47 59 73 7 73 85 24 27 80 85 76 67 63 43 27 36 78 94 36 45 68 15 0 6 36 26 40 51 17 48 39 23 56 51 82 6 44 27 44 37 51 86 26 76 63 57 40 10 35 52 80 82 38 68 68 8 40 84 94 75 8 39 21 55 68 69 74 25 46 80 96 4 12 72 93 104 90 53 86 55 30 41 77 55 20 64 9 
94 29 36 69 82 70 12 36 30 48 53 71 75 45 55 71 13 73 84 30 26 81 85 75 62 57 37 20 34 73 94 29 43 67 19 6 0 30 21 34 45 13 42 37 17 57 45 79 9 38 29 38 42 45 81 30 74 61 51 36 4 36 52 76 82 38 68 63 5 34 80 89 69 10 33 25 49 68 68 70 19 39 76 92 4 12 70 89 99 90 53 82 49 28 39 76 55 14 64 13 
106 14 7 68 70 69 34 35 60 49 44 47 69 49 51 70 43 88 91 60 43 94 97 86 52 27 22 10 43 55 105 8 50 76 48 36 30 0 26 9 14 25 17 47 16 75 24 72 37 14 52 19 71 20 61 58 75 63 21 38 26 54 63 68 91 53 79 53 29 10 70 76 45 38 18 53 22 81 78 59 12 9 62 82 34 38 76 81 82 102 69 72 20 41 47 85 65 20 75 43 
81 35 33 49 61 50 14 15 47 28 31 54 53 25 34 51 31 62 67 41 17 68 72 61 41 47 19 18 17 53 80 20 25 51 29 26 21 26 0 23 37 30 29 21 11 48 28 58 30 25 28 22 49 47 60 36 54 41 47 16 20 27 37 54 67 26 53 42 25 36 58 68 51 21 17 32 36 55 53 48 16 33 54 70 21 18 53 68 78 76 42 60 38 15 21 60 40 10 50 26 
100 23 13 60 61 61 35 29 64 42 36 39 60 43 43 62 47 83 84 61 41 88 91 79 43 24 13 13 38 46 99 4 45 70 49 40 34 9 23 0 13 32 9 42 17 71 15 64 42 5 51 10 72 26 52 59 67 55 24 32 30 51 58 59 85 49 73 44 34 19 61 67 37 39 10 54 15 75 72 50 14 10 53 73 37 39 70 72 73 96 64 63 15 38 42 78 60 21 70 45 
112 24 12 69 65 71 48 41 75 54 45 37 68 55 53 72 58 96 95 74 55 100 104 92 50 13 24 24 51 49 111 17 58 82 62 51 45 14 37 13 0 40 13 55 30 84 21 71 52 14 65 19 85 19 53 72 77 66 12 45 41 64 71 66 96 62 86 51 44 18 66 71 35 52 23 67 13 88 85 56 26 5 57 78 48 52 81 78 74 108 77 68 8 52 55 90 73 34 82 57 
107 19 29 79 88 80 25 45 38 58 60 72 83 55 64 81 22 86 96 41 39 94 98 88 69 53 40 19 45 77 107 29 54 80 31 17 13 25 30 32 40 0 41 49 20 71 46 87 14 37 43 39 54 36 84 43 84 71 43 46 11 49 64 84 94 50 80 70 8 25 87 95 70 23 36 38 48 81 81 76 19 34 81 99 17 26 82 97 103 103 66 89 46 40 50 88 67 20 77 26 
99 31 20 56 54 58 41 29 72 41 32 30 55 43 40 59 55 84 82 69 46 88 91 79 37 18 12 22 41 38 99 12 46 69 56 48 42 17 29 9 13 41 0 44 25 74 8 58 51 4 57 7 78 31 44 65 64 53 25 33 39 55 59 54 84 52 73 38 43 26 54 60 28 47 12 60 7 76 72 43 23 13 46 66 45 46 68 66 65 95 66 56 9 42 43 77 61 29 70 52 
59 56 54 34 55 34 25 16 51 14 28 61 42 10 25 35 41 41 47 42 12 47 50 39 36 63 32 39 4 53 59 40 6 31 32 39 37 47 21 42 55 49 44 0 33 29 40 46 45 42 21 37 43 67 61 33 37 24 67 12 38 13 16 45 46 8 32 37 42 57 50 62 59 31 33 31 50 34 32 43 37 52 50 61 35 27 33 57 74 55 21 52 54 9 2 39 18 30 28 33 
92 23 23 59 68 60 18 25 47 39 39 54 63 37 44 61 30 73 79 44 27 80 83 72 48 41 20 7 28 57 92 13 37 63 32 23 17 16 11 17 30 20 25 33 0 59 28 67 26 21 36 21 55 36 64 42 65 52 38 26 14 38 49 63 78 37 65 49 19 25 66 75 52 22 17 37 32 67 65 56 5 25 61 78 19 22 65 76 83 88 53 68 32 26 33 72 51 4 61 27 
39 82 82 44 72 43 45 44 57 37 53 88 55 33 46 43 55 17 36 45 32 26 30 25 58 92 61 66 33 76 39 68 28 24 43 56 57 75 48 71 84 71 74 29 59 0 69 58 62 71 28 66 37 95 84 35 41 35 95 40 60 21 17 59 32 22 18 58 62 84 66 78 86 48 62 38 80 15 21 63 64 81 70 73 53 44 30 68 92 35 8 67 83 33 30 28 17 56 17 47 
93 38 28 48 46 50 42 24 74 35 24 26 47 37 32 51 58 78 75 70 44 82 85 73 29 23 9 27 37 31 92 17 41 63 57 51 45 24 28 15 21 46 8 40 28 69 0 50 54 10 55 7 77 39 37 65 57 46 33 28 42 52 54 45 77 48 67 30 47 34 46 52 24 48 11 60 10 70 66 35 27 21 38 58 47 47 61 57 57 89 61 48 15 40 39 71 55 31 64 54 
57 86 77 14 16 15 68 42 98 32 28 48 4 36 23 15 87 55 38 88 59 53 54 43 21 69 50 71 47 30 56 64 41 36 79 82 79 72 58 64 71 87 58 46 67 58 50 0 88 59 67 54 88 89 34 79 19 24 83 42 78 57 43 5 43 52 43 20 83 83 10 20 48 75 54 78 59 48 40 16 70 71 19 14 78 72 30 10 34 55 51 10 64 54 43 39 41 67 43 79 
100 33 41 77 92 78 20 45 24 56 62 80 84 53 64 79 8 78 91 27 33 86 91 82 72 65 46 28 42 83 100 38 51 74 19 6 9 37 30 42 52 14 51 45 26 62 54 88 0 46 33 47 41 50 90 31 82 69 56 45 12 41 58 85 89 44 74 72 7 39 89 99 78 14 43 26 57 74 75 79 27 46 85 101 10 18 78 98 108 96 59 91 57 36 47 83 61 23 70 14 
98 28 18 56 56 58 37 27 68 40 32 34 56 41 39 59 51 82 81 65 42 86 90 77 38 22 10 18 38 41 97 8 44 67 52 44 38 14 25 5 14 37 4 42 21 71 10 59 46 0 53 5 74 30 47 61 64 52 26 31 34 51 57 55 82 49 71 39 39 24 56 62 32 43 8 56 11 74 70 45 19 12 48 68 40 41 67 67 68 94 63 58 13 39 41 76 58 24 68 48 
67 57 59 54 76 54 18 33 32 36 49 79 63 31 46 55 26 45 60 21 11 53 57 50 57 75 46 43 21 73 67 47 26 44 15 27 29 52 28 51 65 43 57 21 36 28 55 67 33 53 0 50 23 72 81 12 55 44 74 30 32 10 28 66 57 15 42 58 34 60 72 83 77 20 45 11 64 41 44 64 40 60 71 82 25 16 48 78 95 63 26 73 66 16 24 52 31 32 39 19 
92 33 23 50 51 52 36 21 67 34 26 33 50 35 34 53 51 76 75 63 39 81 84 72 33 25 5 20 33 37 91 11 38 62 50 44 38 19 22 10 19 39 7 37 21 66 7 54 47 5 50 0 72 36 44 59 58 47 31 25 35 47 51 49 77 44 66 34 40 29 51 57 31 42 5 54 14 69 65 40 20 18 43 63 40 40 61 62 64 88 59 53 17 35 36 70 53 24 63 47 
75 72 77 74 98 74 37 56 24 58 72 102 84 53 69 74 32 53 73 14 34 62 66 62 80 96 68 61 44 97 75 68 48 59 23 37 42 71 49 72 85 54 78 43 55 37 77 88 41 74 23 72 0 88 105 13 74 64 92 53 46 31 46 87 69 36 55 81 46 76 94 105 100 33 66 18 85 52 57 87 59 80 94 103 38 33 65 99 118 71 39 95 87 39 46 65 48 51 52 29 
126 17 13 86 84 88 53 55 74 69 62 55 86 69 70 89 58 108 111 75 63 114 118 106 68 27 40 29 63 68 126 28 71 96 65 51 45 20 47 26 19 36 31 67 36 95 39 89 50 30 72 36 88 0 72 76 94 82 10 58 41 74 84 85 111 73 99 69 43 11 85 90 53 55 37 70 32 101 99 74 31 18 76 97 50 56 96 97 93 122 89 87 27 62 67 105 86 39 96 59 
92 75 63 44 20 46 75 48 107 48 33 18 34 53 38 46 92 86 72 100 71 85 87 75 25 46 43 64 60 8 91 55 58 67 88 86 81 61 60 52 53 84 44 61 64 84 37 34 90 47 81 44 105 72 0 93 52 50 63 51 78 74 67 30 76 69 74 25 83 70 25 21 19 82 47 90 40 78 71 22 65 56 15 31 82 79 62 34 21 89 76 26 45 66 59 71 66 67 72 87 
74 60 65 66 88 65 24 44 22 48 60 89 75 43 58 66 22 52 69 10 22 61 65 59 69 83 55 48 33 85 74 55 38 54 11 26 30 58 36 59 72 43 65 33 42 35 65 79 31 61 12 59 13 76 93 0 67 56 80 41 34 21 39 78 66 27 51 70 34 64 84 95 87 21 53 5 72 50 53 76 46 67 83 94 26 20 59 90 107 70 35 85 74 27 36 61 42 38 48 17 
40 87 81 8 35 6 62 40 87 26 32 63 18 29 24 5 79 36 20 77 49 34 35 24 31 79 53 70 40 46 39 66 31 17 69 76 74 75 54 67 77 84 64 37 65 41 57 19 82 64 55 58 74 94 52 67 0 13 89 38 74 45 28 22 24 40 25 30 79 86 29 39 61 68 56 67 67 29 21 30 69 76 36 32 72 64 11 27 53 37 35 29 72 46 35 20 25 64 24 71 
46 75 69 10 36 9 49 27 76 13 23 57 20 16 14 10 66 36 29 65 37 37 39 27 25 69 42 58 27 43 46 54 18 17 57 63 61 63 41 55 66 71 53 24 52 35 46 24 69 52 44 47 64 82 50 56 13 0 78 25 61 34 19 24 30 28 24 25 66 73 31 42 55 55 44 55 57 28 21 28 56 65 35 38 59 51 15 34 56 43 28 32 62 33 22 24 17 51 22 58 
124 24 15 81 76 83 56 53 80 66 57 45 80 67 65 84 64 107 107 81 65 112 116 103 62 17 36 31 62 59 123 27 69 94 69 57 51 21 47 24 12 43 25 67 38 95 33 83 56 26 74 31 92 10 63 80 89 78 0 56 47 75 82 78 108 73 97 63 49 17 78 81 44 59 34 74 24 100 96 67 33 14 68 89 55 59 93 89 84 120 89 80 18 62 66 102 84 42 94 64 
68 49 45 33 48 34 26 4 57 12 19 49 38 10 19 35 44 51 52 49 19 55 59 47 28 51 21 32 9 43 67 30 13 37 38 40 36 38 16 32 45 46 33 12 26 40 28 42 45 31 30 25 53 58 51 41 38 25 56 0 36 24 26 39 53 20 41 29 41 49 44 55 47 33 22 39 39 43 40 35 31 42 42 55 35 30 38 53 66 63 33 46 42 14 10 46 27 26 37 37 
96 25 32 69 81 70 14 35 34 48 51 68 74 45 54 71 17 75 85 34 28 83 87 77 61 53 34 17 34 71 96 26 43 68 23 10 4 26 20 30 41 11 39 38 14 60 42 78 12 34 32 35 46 41 78 34 74 61 47 36 0 38 53 75 83 39 69 62 5 30 79 88 66 13 31 29 46 70 70 68 15 35 74 90 8 15 71 88 97 92 55 80 45 29 39 77 56 11 65 17 
58 60 61 44 67 43 23 28 42 27 41 74 53 22 38 44 36 37 50 31 10 45 49 40 49 73 43 45 15 66 58 47 17 34 25 35 36 54 27 51 64 49 55 13 38 21 52 57 41 51 10 47 31 74 74 21 45 34 75 24 38 0 18 56 47 5 32 50 41 63 62 74 72 27 42 21 61 32 34 56 43 60 63 72 32 23 38 68 87 54 17 64 64 12 15 42 21 34 29 28 
43 73 70 29 55 28 39 30 60 20 36 71 40 16 29 29 54 25 32 49 25 30 34 23 41 77 47 56 20 59 43 55 13 16 43 52 52 63 37 58 71 64 59 16 49 17 54 43 58 57 28 51 46 84 67 39 28 19 82 26 53 18 0 43 30 14 16 41 57 73 50 62 69 44 48 39 64 17 16 46 54 68 53 58 49 40 20 53 76 39 9 51 68 24 16 24 3 47 12 46 
61 82 73 15 13 17 66 39 96 30 24 44 4 35 20 17 84 57 41 87 57 56 57 46 16 65 46 67 45 26 60 60 39 38 77 80 76 68 54 59 66 84 54 45 63 59 45 5 85 55 66 49 87 85 30 78 22 24 78 39 75 56 43 0 46 50 45 15 80 78 7 18 43 73 50 76 54 50 42 11 66 67 15 16 75 69 33 13 32 58 52 8 60 52 42 42 42 64 44 77 
16 102 98 32 59 30 69 56 88 42 54 86 42 42 45 30 83 17 5 76 56 11 11 7 54 100 72 85 50 70 15 83 41 15 72 82 82 91 67 85 96 94 84 46 78 32 77 43 89 82 57 77 69 111 76 66 24 30 108 53 83 47 30 46 0 44 15 54 87 102 53 63 85 74 74 68 88 16 13 55 83 94 61 54 79 70 15 49 77 12 31 53 92 54 45 6 27 76 18 75 
56 60 60 38 61 38 25 24 47 21 36 69 48 16 32 39 40 36 46 37 11 43 47 37 44 70 40 44 11 61 56 46 11 30 29 38 38 53 26 49 62 50 52 8 37 22 48 52 44 49 15 44 36 73 69 27 40 28 73 20 39 5 14 50 44 0 29 44 43 62 57 68 67 30 40 26 58 30 30 50 42 59 57 66 35 26 34 62 81 52 16 58 61 11 10 38 17 34 26 32 
27 89 86 30 59 28 55 44 73 32 46 81 41 30 38 28 68 12 18 61 41 14 18 8 49 91 61 72 36 67 26 71 28 7 57 68 68 79 53 73 86 80 73 32 65 18 67 43 74 71 42 66 55 99 74 51 25 24 97 41 69 32 16 45 15 29 0 49 73 89 53 64 79 59 63 53 78 4 3 52 70 83 59 57 64 56 13 52 78 23 16 53 82 40 32 10 13 63 3 60 
70 67 57 21 19 24 54 27 86 23 10 32 17 28 12 24 73 61 51 78 48 62 64 51 1 50 31 52 36 18 69 45 33 42 67 68 63 53 42 44 51 70 38 37 49 58 30 20 72 39 58 34 81 69 25 70 30 25 63 29 62 50 41 15 54 44 49 0 67 63 17 26 31 62 35 67 39 53 46 6 51 51 13 29 63 58 38 28 37 66 50 19 44 43 34 48 41 50 47 66 
100 26 34 74 86 75 18 41 31 53 57 73 79 50 60 76 15 79 89 32 31 86 90 81 66 57 40 21 39 76 99 30 48 73 23 8 5 29 25 34 44 8 43 42 19 62 47 83 7 39 34 40 46 43 83 34 79 66 49 41 5 41 57 80 87 43 73 67 0 32 84 93 71 14 36 29 50 73 74 74 20 39 79 96 9 18 76 93 102 95 59 86 49 33 44 82 60 17 69 17 
116 7 6 78 80 80 41 46 63 60 55 54 79 59 62 81 47 98 101 64 52 104 107 96 62 30 32 17 53 64 116 19 61 86 53 40 34 10 36 19 18 25 26 57 25 84 34 83 39 24 60 29 76 11 70 64 86 73 17 49 30 63 73 78 102 62 89 63 32 0 80 86 52 43 29 59 29 91 89 69 20 13 72 92 38 44 87 91 91 112 78 82 25 51 57 95 75 28 85 47 
68 84 74 22 6 24 71 43 102 36 27 40 11 41 25 24 89 64 48 93 62 63 64 53 18 63 48 69 51 21 67 62 45 45 82 84 80 70 58 61 66 87 54 50 66 66 46 10 89 56 72 51 94 85 25 84 29 31 78 44 79 62 50 7 53 57 53 17 84 80 0 11 39 78 52 82 54 57 49 11 68 67 10 12 80 74 40 11 25 65 59 2 59 58 48 49 49 67 51 82 
77 90 80 34 7 35 81 53 112 47 36 39 22 52 36 35 99 75 58 104 73 73 74 63 27 65 55 77 62 22 76 69 57 57 93 94 89 76 68 67 71 95 60 62 75 78 52 20 99 62 83 57 105 90 21 95 39 42 81 55 88 74 62 18 63 68 64 26 93 86 11 0 39 88 59 93 58 68 60 19 76 73 14 10 89 85 51 14 14 75 71 10 63 68 59 59 60 76 63 92 
101 59 46 53 36 55 66 43 98 49 33 2 46 53 41 55 82 91 82 93 65 92 95 82 30 27 32 50 56 18 100 41 58 73 80 75 69 45 51 37 35 70 28 59 52 86 24 48 78 32 77 31 100 53 19 87 61 55 44 47 66 72 69 43 85 67 79 31 71 52 39 39 0 72 35 83 23 83 77 32 51 39 29 49 71 70 70 51 40 98 78 41 27 61 57 79 69 55 76 78 
86 39 44 64 81 65 7 34 25 43 51 74 71 40 52 66 11 64 76 22 19 72 76 67 61 63 39 28 28 74 86 35 37 60 10 8 10 38 21 39 52 23 47 31 22 48 48 75 14 43 20 42 33 55 82 21 68 55 59 33 13 27 44 73 74 30 59 62 14 43 78 88 72 0 37 15 54 60 61 68 26 47 75 89 5 4 64 86 99 81 44 80 55 22 33 69 47 18 56 5 
89 32 24 49 52 51 31 18 62 32 26 38 50 32 32 52 46 73 73 58 34 77 81 69 34 30 4 17 29 40 89 10 35 59 45 39 33 18 17 10 23 36 12 33 17 62 11 54 43 8 45 5 66 37 47 53 56 44 34 22 31 42 48 50 74 40 63 35 36 29 52 59 35 37 0 49 19 65 62 41 17 20 45 64 35 35 59 63 67 85 55 54 21 30 32 68 50 19 59 42 
77 54 59 65 86 65 19 41 20 46 58 86 74 41 56 66 18 55 71 10 19 63 68 61 67 78 51 43 31 82 77 50 37 55 6 21 25 53 32 54 67 38 60 31 37 38 60 78 26 56 11 54 18 70 90 5 67 55 74 39 29 21 39 76 68 26 53 67 29 59 82 93 83 15 49 0 68 52 55 74 41 62 81 92 21 15 60 89 105 73 37 84 69 24 34 63 42 33 50 12 
104 35 23 59 52 61 49 35 79 46 34 25 56 48 43 61 63 89 86 76 53 93 96 83 38 12 18 29 47 36 103 19 52 73 64 55 49 22 36 15 13 48 7 50 32 80 10 59 57 11 64 14 85 32 40 72 67 57 24 39 46 61 64 54 88 58 78 39 50 29 54 58 23 54 19 68 0 81 77 43 30 15 44 65 52 53 72 65 61 100 72 56 5 49 49 81 66 36 75 60 
26 90 88 34 63 32 55 47 72 35 50 84 46 33 41 32 68 8 20 60 42 13 17 9 53 94 64 73 38 71 26 73 30 11 56 68 68 81 55 75 88 81 76 34 67 15 70 48 74 74 41 69 52 101 78 50 29 28 100 43 70 32 17 50 16 30 4 53 73 91 57 68 83 60 65 52 81 0 7 56 71 85 63 61 65 56 17 56 82 21 15 57 85 41 33 13 15 64 6 60 
27 89 85 27 55 25 56 43 75 30 44 78 38 29 36 25 70 15 16 63 42 16 19 7 46 89 60 72 36 64 27 70 28 4 59 69 68 78 53 72 85 81 72 32 65 21 66 40 75 70 44 65 57 99 71 53 21 21 96 40 70 34 16 42 13 30 3 46 74 89 49 60 77 61 62 55 77 7 0 49 70 82 56 54 65 57 9 49 75 23 18 50 81 40 31 8 13 63 5 62 
70 73 63 22 12 24 61 34 93 28 17 33 14 33 18 25 79 64 51 84 54 63 65 53 7 53 37 58 43 15 69 51 39 45 73 74 70 59 48 50 56 76 43 43 56 63 35 16 79 45 64 40 87 74 22 76 30 28 67 35 68 56 46 11 55 50 52 6 74 69 11 19 32 68 41 74 43 56 49 0 58 56 7 23 70 65 40 22 31 67 55 13 49 49 40 50 45 57 50 73 
97 18 18 62 70 64 22 28 49 43 42 53 66 41 47 65 32 78 83 48 32 84 88 77 50 38 21 2 33 58 97 10 42 68 36 25 19 12 16 14 26 19 23 37 5 64 27 70 27 19 40 20 59 31 65 46 69 56 33 31 15 43 54 66 83 42 70 51 20 20 68 76 51 26 17 41 30 71 70 58 0 21 62 80 22 26 69 79 84 93 58 70 30 31 38 77 56 8 66 31 
110 20 7 68 67 70 43 38 70 52 44 40 68 53 52 71 53 93 94 69 50 98 101 89 50 18 23 19 48 51 109 13 55 79 57 46 39 9 33 10 5 34 13 52 25 81 21 71 46 12 60 18 80 18 56 67 76 65 14 42 35 60 68 67 94 59 83 51 39 13 67 73 39 47 20 62 15 85 82 56 21 0 59 79 43 47 79 79 77 106 74 69 12 48 52 88 70 29 80 52 
76 76 66 29 8 31 68 40 100 36 23 29 18 41 25 31 86 71 57 91 61 70 71 60 14 53 41 63 50 11 75 54 46 52 80 80 76 62 54 53 57 81 46 50 61 70 38 19 85 48 71 43 94 76 15 83 36 35 68 42 74 63 53 15 61 57 59 13 79 72 10 14 29 75 45 81 44 63 56 7 62 59 0 20 76 72 47 21 24 73 62 12 50 56 48 56 52 62 57 79 
68 96 86 29 13 30 82 55 112 46 39 49 18 51 36 29 100 68 49 103 73 65 65 56 30 74 60 81 61 31 67 74 55 50 93 96 92 82 70 73 78 99 66 61 78 73 58 14 101 68 82 63 103 97 31 94 32 38 89 55 90 72 58 16 54 66 57 29 96 92 12 10 49 89 64 92 65 61 54 23 80 79 20 0 91 85 44 5 23 66 66 10 70 68 58 51 56 79 57 93 
91 33 40 67 82 68 10 36 27 46 53 73 74 43 55 69 10 70 81 26 23 78 82 72 62 60 39 24 32 74 91 32 41 65 14 4 4 34 21 37 48 17 45 35 19 53 47 78 10 40 25 40 38 50 82 26 72 59 55 35 8 32 49 75 79 35 64 63 9 38 80 89 71 5 35 21 52 65 65 70 22 43 76 91 0 8 68 88 99 87 50 81 52 26 37 73 52 16 61 9 
82 40 44 60 77 61 4 31 28 40 48 72 68 36 49 62 14 61 72 23 15 69 73 64 58 63 38 28 24 71 82 35 33 56 10 12 12 38 18 39 52 26 46 27 22 44 47 72 18 41 16 40 33 56 79 20 64 51 59 30 15 23 40 69 70 26 56 58 18 44 74 85 70 4 35 15 53 56 57 65 26 47 72 85 8 0 60 82 95 78 41 76 54 18 29 65 43 18 52 7 
31 88 83 18 46 16 58 41 81 27 38 71 29 27 29 16 74 24 14 69 45 23 25 13 39 84 56 71 37 56 31 68 27 6 63 72 70 76 53 70 81 82 68 33 65 30 61 30 78 67 48 61 65 96 62 59 11 15 93 38 71 38 20 33 15 34 13 38 76 87 40 51 70 64 59 60 72 17 9 40 69 79 47 44 68 60 0 39 65 28 25 40 77 42 32 9 17 63 13 66 
63 95 85 24 14 25 79 52 109 42 37 51 14 47 33 25 97 63 44 99 69 60 60 50 29 75 59 80 58 33 62 73 51 45 89 93 89 81 68 72 78 97 66 57 76 68 57 10 98 67 78 62 99 97 34 90 27 34 89 53 88 68 53 13 49 62 52 28 93 91 11 14 51 86 63 89 65 56 49 22 79 79 21 5 88 82 39 0 28 61 62 9 71 65 54 46 51 77 52 90 
91 96 84 48 20 50 91 64 123 60 47 39 36 65 49 49 110 90 72 115 85 87 88 77 38 67 63 84 74 26 90 75 70 71 104 104 99 82 78 73 74 103 65 74 83 92 57 34 108 68 95 64 118 93 21 107 53 56 84 66 97 87 76 32 77 81 78 37 102 91 25 14 40 99 67 105 61 82 75 31 84 77 24 23 99 95 65 28 0 89 85 25 66 80 71 73 74 85 77 103 
4 112 109 45 71 43 77 67 92 53 66 99 54 53 57 42 89 18 17 80 63 9 5 16 67 112 83 95 59 83 4 94 51 26 78 90 90 102 76 96 108 103 95 55 88 35 89 55 96 94 63 88 71 122 89 70 37 43 120 63 92 54 39 58 12 52 23 66 95 112 65 75 98 81 85 73 100 21 23 67 93 106 73 66 87 78 28 61 89 0 37 65 104 63 55 18 36 86 26 82 
41 77 76 37 64 36 41 37 57 29 45 80 48 25 38 37 53 20 34 45 27 27 31 24 50 84 54 60 26 68 41 61 20 19 41 53 53 69 42 64 77 66 66 21 53 8 61 51 59 63 26 59 39 89 76 35 35 28 89 33 55 17 9 52 31 16 16 50 59 78 59 71 78 44 55 37 72 15 18 55 58 74 62 66 50 41 25 62 85 37 0 60 76 27 22 26 10 50 13 45 
67 86 76 23 6 25 72 45 103 37 29 41 11 42 27 24 91 65 48 94 64 63 64 53 20 65 50 71 53 23 66 64 47 46 84 86 82 72 60 63 68 89 56 52 68 67 48 10 91 58 73 53 95 87 26 85 29 32 80 46 80 64 51 8 53 58 53 19 86 82 2 10 41 80 54 84 56 57 50 13 70 69 12 10 81 76 40 9 25 65 60 0 61 59 49 49 50 69 52 84 
108 32 19 64 58 66 50 38 79 50 39 28 61 52 48 67 62 93 91 77 55 97 100 88 43 9 21 28 50 41 107 19 55 78 64 55 49 20 38 15 8 46 9 54 32 83 15 64 57 13 66 17 87 27 45 74 72 62 18 42 45 64 68 60 92 61 82 44 49 25 59 63 27 55 21 69 5 85 81 49 30 12 50 70 52 54 77 71 66 104 76 61 0 51 53 86 70 36 79 60 
67 49 49 42 61 43 16 17 44 22 33 63 50 18 32 44 32 47 55 35 5 54 58 47 42 61 31 33 6 57 67 35 15 39 24 30 28 41 15 38 52 40 42 9 26 33 40 54 36 39 16 35 39 62 66 27 46 33 62 14 29 12 24 52 54 11 40 43 33 51 58 68 61 22 30 24 49 41 40 49 31 48 56 68 26 18 42 65 80 63 27 59 51 0 11 48 26 23 36 25 
59 57 54 31 52 32 27 14 54 12 26 59 39 7 22 32 44 41 45 45 15 46 50 39 34 62 31 40 5 51 58 39 4 29 35 41 39 47 21 42 55 50 43 2 33 30 39 43 47 41 24 36 46 67 59 36 35 22 66 10 39 15 16 42 45 10 32 34 44 57 48 59 57 33 32 34 49 33 31 40 38 52 48 58 37 29 32 54 71 55 22 49 53 11 0 38 18 31 28 36 
22 95 92 27 55 25 64 49 83 36 48 81 38 35 39 25 78 17 8 71 50 14 15 4 49 94 65 78 43 65 21 77 34 8 67 77 76 85 60 78 90 88 77 39 72 28 71 39 83 76 52 70 65 105 71 61 20 24 102 46 77 42 24 42 6 38 10 48 82 95 49 59 79 69 68 63 81 13 8 50 77 88 56 51 73 65 9 46 73 18 26 49 86 48 38 0 21 70 13 70 
41 75 72 27 54 26 42 31 63 20 36 71 38 17 29 26 57 23 29 52 28 28 32 21 41 78 48 58 23 59 40 58 14 13 46 55 55 65 40 60 73 67 61 18 51 17 55 41 61 58 31 53 48 86 66 42 25 17 84 27 56 21 3 42 27 17 13 41 60 75 49 60 69 47 50 42 66 15 13 45 56 70 52 56 52 43 17 51 74 36 10 50 70 26 18 21 0 49 10 49 
90 26 27 59 69 60 14 25 43 38 40 57 63 36 44 61 26 71 77 40 24 77 81 70 49 45 23 10 26 59 90 17 35 61 28 20 14 20 10 21 34 20 29 30 4 56 31 67 23 24 32 24 51 39 67 38 64 51 42 26 11 34 47 64 76 34 63 50 17 28 67 76 55 18 19 33 36 64 63 57 8 29 62 79 16 18 63 77 85 86 50 69 36 23 31 70 49 0 59 23 
31 85 82 29 57 27 51 41 70 29 43 78 40 27 35 27 65 14 21 58 37 18 22 11 47 87 58 68 33 65 30 67 24 7 54 64 64 75 50 70 82 77 70 28 61 17 64 43 70 68 39 63 52 96 72 48 24 22 94 37 65 29 12 44 18 26 3 47 69 85 51 63 76 56 59 50 75 6 5 50 66 80 57 57 61 52 13 52 77 26 13 52 79 36 28 13 10 59 0 57 
86 43 49 68 85 68 12 39 20 47 56 80 75 43 56 69 8 64 78 17 21 73 77 68 65 69 45 33 31 79 86 41 40 62 5 9 13 43 26 45 57 26 52 33 27 47 54 79 14 48 19 47 29 59 87 17 71 58 64 37 17 28 46 77 75 32 60 66 17 47 82 92 78 5 42 12 60 60 62 73 31 52 79 93 9 7 66 90 103 82 45 84 60 25 36 70 49 23 57 0 
17 18 5 6 17 6 7 2 12 15 11 13 13 6 7 5 10 20 9 4 3 14 2 1 6 14 18 17 4 7 16 17 17 8 15 2 20 8 4 19 20 9 1 8 17 7 3 19 3 1 5 15 12 20 13 12 9 5 14 9 15 12 16 16 16 12 6 16 3 6 2 12 11 3 10 17 13 7 3 20 14 5 3 14 18 11 17 13 19 3 19 5 16 2 12 11 6 13 14 8 
37 37 37 37 37 37 37 37 37 37 37 37 37 37 37 37 37 37 37 37 37 37 37 37 37 37 37 37 37 37 37 37 37 37 37 37 37 37 37 37 37 37 37 37 37 37 37 37 37 37 37 37 37 37 37 37 37 37 37 37 37 37 37 37 37 37 37 37 37 37 37 37 37 37 37 37 37 37 37 37 37 37 37 37 37 37 37 37 37 37 37 37 37 37 37 37 37 37 37 37 