6 12 100 33 12
0 71 49 48 51 77 83 40 51 46 13 55 9 78 34 42 43 82 55 93 25 57 62 91 78 36 68 84 62 94 42 87 2 68 1 14 103 54 61 93 63 81 55 56 37 72 80 25 34 33 9 81 77 85 85 53 100 82 61 75 73 40 58 82 42 91 45 82 18 48 90 78 26 41 50 61 71 59 73 44 28 26 85 68 52 50 103 68 54 29 52 53 26 39 90 53 34 115 88 76 
71 0 45 80 30 20 16 31 75 52 61 24 62 82 38 31 58 23 30 69 49 35 19 37 32 49 97 81 20 50 62 40 73 67 70 57 49 18 48 61 58 98 18 81 35 3 38 64 62 68 80 20 93 13 40 18 44 15 9 82 5 81 41 11 59 58 28 43 53 27 52 29 71 33 28 19 14 25 38 36 65 68 32 92 26 66 58 10 25 50 21 28 64 46 59 28 81 65 43 15 
49 45 0 35 15 62 61 26 30 8 48 20 44 42 37 23 14 67 54 45 26 12 51 45 71 12 52 44 51 46 18 39 51 27 48 39 56 39 12 43 18 54 28 36 36 43 33 28 21 27 58 42 49 53 38 32 54 60 39 40 50 39 9 55 16 41 40 33 33 20 41 69 34 40 46 50 54 20 25 12 27 31 40 48 47 21 54 49 48 50 27 16 27 10 40 16 40 67 40 58 
48 80 35 0 49 95 96 55 7 27 55 55 50 34 60 53 22 100 82 60 42 47 82 78 103 32 21 42 83 74 18 70 50 31 47 49 87 71 39 64 32 33 62 8 61 79 64 25 19 17 53 77 29 89 68 65 86 95 73 30 85 9 43 90 20 63 68 63 44 53 66 101 22 66 75 81 88 56 57 44 22 23 74 20 75 16 80 83 77 67 60 51 24 34 62 51 15 93 70 92 
51 30 15 49 0 47 46 16 44 22 46 6 44 55 28 13 27 52 41 52 26 10 36 39 56 20 67 56 37 44 31 36 53 40 50 38 52 25 22 48 31 69 13 51 27 29 30 36 33 39 60 31 64 40 35 18 49 45 24 55 35 51 14 40 29 45 28 32 33 7 42 54 43 30 34 36 39 8 24 7 37 40 33 63 33 36 53 34 34 43 13 2 36 17 44 2 52 65 38 43 
77 20 62 95 47 0 11 41 91 69 65 42 68 102 43 42 74 5 23 89 58 54 15 56 12 63 114 101 15 70 77 60 78 87 76 63 67 24 68 82 77 116 34 98 40 23 59 76 76 81 85 39 111 26 60 30 62 12 22 101 14 95 60 19 75 79 32 63 61 42 72 9 83 36 27 16 7 44 59 51 78 80 51 110 25 83 77 12 23 50 35 46 76 61 79 46 93 83 63 5 
83 16 61 96 46 11 0 45 91 69 72 41 74 99 49 45 74 11 33 83 63 52 22 47 22 65 114 97 23 61 78 52 84 84 82 69 57 29 65 75 75 114 34 98 46 18 52 79 78 84 92 31 109 16 53 32 52 1 23 99 11 97 57 9 76 72 38 56 67 43 65 19 86 42 35 23 13 41 53 52 81 83 43 109 32 83 68 15 31 58 36 45 79 62 72 45 96 73 55 8 
40 31 26 55 16 41 45 0 51 31 32 17 32 68 12 3 34 46 28 68 18 26 27 53 48 22 74 70 28 60 37 51 42 54 39 26 66 17 37 64 44 79 14 58 11 31 45 34 35 40 50 40 74 44 50 13 62 44 22 67 34 53 30 42 35 61 13 48 22 9 58 46 41 14 20 26 34 21 40 14 36 38 46 71 21 44 69 30 22 26 11 16 34 21 61 16 52 80 53 39 
51 75 30 7 44 91 91 51 0 22 57 50 51 28 58 49 17 96 79 52 40 41 78 71 99 29 23 36 79 66 14 63 53 24 50 49 79 67 32 56 25 31 57 7 59 73 57 26 18 18 56 71 26 83 61 61 78 90 69 25 80 16 36 85 16 56 65 55 44 49 59 97 25 64 72 78 83 50 50 39 23 25 67 20 72 9 72 79 74 66 56 46 25 30 54 46 21 86 62 87 
46 52 8 27 22 69 69 31 22 0 46 28 42 38 40 28 6 74 59 47 26 20 57 53 77 11 45 42 57 52 10 46 48 25 44 38 63 45 16 47 17 48 35 29 40 51 39 22 14 20 54 50 43 61 44 39 61 67 46 36 57 31 16 62 8 46 44 39 32 27 46 75 27 44 51 56 61 28 32 17 21 25 48 41 52 14 60 56 53 51 34 24 21 10 44 24 32 73 46 65 
13 61 48 55 46 65 72 32 57 46 0 49 5 83 23 34 46 70 43 93 21 54 50 85 66 36 77 88 50 91 46 82 13 71 12 8 98 44 60 91 64 88 47 63 26 63 76 30 39 39 20 73 83 75 81 44 94 71 52 80 62 49 55 72 45 89 33 78 14 41 87 66 34 29 38 49 59 53 69 40 33 32 79 76 40 55 99 57 42 16 43 47 31 37 88 47 44 111 84 64 
55 24 20 55 6 42 41 17 50 28 49 0 48 60 29 15 33 46 38 53 30 12 32 36 52 26 73 60 33 42 37 33 57 45 54 42 48 22 26 48 35 74 8 57 27 23 28 42 39 45 65 25 69 34 32 14 45 39 19 59 29 57 18 34 35 45 27 31 37 7 41 49 49 29 32 32 34 4 23 13 43 46 29 68 31 42 51 29 31 44 10 4 42 23 45 4 58 62 35 38 
9 62 44 50 44 68 74 32 51 42 5 48 0 78 25 34 41 73 46 89 18 52 53 84 70 32 71 83 53 88 41 80 10 66 8 5 96 45 57 88 60 82 47 57 28 63 74 25 34 33 17 73 78 76 79 44 93 73 53 75 64 43 53 73 40 86 36 76 11 40 84 69 28 32 41 52 62 52 67 38 28 27 77 70 43 50 97 59 45 21 43 46 26 34 85 46 38 109 82 67 
78 82 42 34 55 102 99 68 28 38 83 60 78 0 78 65 37 106 96 32 63 47 92 64 112 49 29 8 93 54 37 56 80 15 77 75 68 81 34 40 24 18 68 26 78 80 51 53 44 45 85 71 15 87 54 73 69 97 79 4 88 44 42 90 38 41 82 48 69 62 46 109 53 82 89 91 94 58 47 54 50 52 63 23 89 28 58 89 89 89 68 56 52 48 39 56 50 70 54 97 
34 38 37 60 28 43 49 12 58 40 23 29 25 78 0 15 42 48 23 80 18 38 28 65 46 29 81 81 28 72 44 63 35 64 33 20 78 20 49 76 55 88 25 65 3 39 58 36 40 43 42 51 83 52 62 21 74 48 28 76 39 56 42 48 42 74 11 61 18 22 70 45 42 7 16 27 37 34 52 26 39 40 58 78 18 52 81 34 20 14 22 29 37 29 73 29 54 92 65 42 
42 31 23 53 13 42 45 3 49 28 34 15 34 65 15 0 32 47 31 65 18 23 29 50 50 20 72 68 30 57 35 48 43 51 40 28 63 18 34 61 42 77 13 56 14 31 42 33 34 39 51 39 72 43 47 13 60 44 22 64 34 52 27 42 33 58 16 45 23 7 55 48 40 17 23 28 35 19 37 11 35 37 44 69 23 42 66 31 24 29 10 13 33 19 58 13 51 77 50 40 
43 58 14 22 27 74 74 34 17 6 46 33 41 37 42 32 0 79 63 50 26 26 61 58 82 12 40 42 62 57 4 52 45 25 42 38 69 50 21 51 19 45 40 24 43 57 45 18 9 15 51 56 40 67 50 43 67 73 51 34 63 25 22 68 2 50 48 45 32 31 51 80 22 47 55 60 66 34 37 22 17 20 53 36 55 10 64 61 57 52 39 29 18 13 48 29 27 78 52 70 
82 23 67 100 52 5 11 46 96 74 70 46 73 106 48 47 79 0 27 92 64 58 20 57 11 68 119 105 20 72 82 62 83 91 81 68 68 29 72 84 82 121 38 103 45 26 61 81 81 86 90 41 116 27 63 35 63 12 27 106 18 100 64 20 80 81 37 66 66 47 75 8 88 41 32 21 12 48 62 56 83 85 53 115 30 88 79 17 28 54 39 50 81 66 82 50 99 84 65 8 
55 30 54 82 41 23 33 28 79 59 43 38 46 96 23 31 63 27 0 91 41 50 11 66 23 50 103 98 10 77 65 67 56 81 54 42 78 17 63 86 72 108 30 87 21 33 64 59 63 67 63 49 103 42 67 24 74 33 23 95 27 80 55 36 63 83 14 68 42 34 78 23 66 16 7 10 20 42 61 42 62 63 60 100 7 73 86 21 7 27 28 40 60 49 83 40 77 94 70 24 
93 69 45 60 52 89 83 68 52 47 93 53 89 32 80 65 50 92 91 0 71 42 84 39 101 57 61 25 85 26 52 31 95 28 92 85 39 74 32 9 30 50 61 54 79 66 30 69 60 64 101 52 47 68 30 67 41 81 70 35 74 68 38 73 52 12 80 26 78 59 19 98 72 82 85 83 82 49 31 54 67 70 40 55 84 46 26 78 84 94 63 52 68 55 10 52 73 38 29 84 
25 49 26 42 26 58 63 18 40 26 21 30 18 63 18 18 26 64 41 71 0 33 44 66 63 15 63 68 44 70 27 62 27 51 23 13 78 34 39 70 43 71 31 47 20 49 55 18 22 25 34 56 66 61 60 31 75 62 40 61 52 38 34 60 25 68 27 57 7 23 66 62 24 25 34 43 51 34 49 19 20 21 60 60 35 36 79 48 37 26 28 28 18 16 67 28 35 91 63 56 
57 35 12 47 10 54 52 26 41 20 54 12 52 47 38 23 26 58 50 42 33 0 45 34 64 22 62 47 46 36 30 29 60 32 56 46 46 34 13 38 23 62 21 47 37 33 22 39 33 39 67 30 57 42 27 26 43 50 32 47 41 51 5 44 28 35 38 24 40 17 33 62 45 40 43 44 46 10 15 13 39 42 28 57 43 32 45 41 43 52 22 10 39 19 35 10 52 58 30 50 
62 19 51 82 36 15 22 27 78 57 50 32 53 92 28 29 61 20 11 84 44 45 0 55 20 50 102 93 1 68 64 58 63 77 61 48 68 11 58 77 67 105 23 85 25 22 55 61 63 68 70 39 100 31 58 18 63 22 14 91 16 81 50 25 62 74 17 59 46 30 69 18 68 21 12 1 9 35 53 39 63 65 50 98 10 71 76 10 8 35 23 35 62 48 74 35 79 84 61 14 
91 37 45 78 39 56 47 53 71 53 85 36 84 64 65 50 58 57 66 39 66 34 55 0 68 57 88 60 56 14 62 8 93 52 89 78 13 50 39 30 47 82 39 76 62 34 14 73 67 73 100 17 78 31 10 45 9 46 42 66 42 83 36 37 61 27 59 16 73 43 20 65 79 63 62 56 51 31 21 46 73 77 6 82 60 62 21 47 59 79 43 38 73 54 29 38 86 28 10 51 
78 32 71 103 56 12 22 48 99 77 66 52 70 112 46 50 82 11 23 101 63 64 20 68 0 70 122 112 20 82 85 72 79 97 78 65 79 31 78 93 87 125 43 106 44 35 70 81 83 88 86 51 121 38 72 38 74 23 32 111 26 101 70 31 83 90 36 75 65 50 84 3 88 39 29 21 18 54 70 60 84 85 63 118 28 92 89 23 26 50 43 55 82 69 91 55 99 95 75 17 
36 49 12 32 20 63 65 22 29 11 36 26 32 49 29 20 12 68 50 57 15 22 50 57 70 0 52 53 50 58 14 51 38 36 35 27 68 39 25 56 28 58 31 36 30 48 45 16 13 19 45 50 53 60 50 33 66 63 41 46 53 32 21 60 12 54 36 46 21 21 53 69 23 35 43 49 55 28 37 13 17 20 51 49 43 22 67 51 45 40 28 22 16 3 53 22 32 80 52 60 
68 97 52 21 67 114 114 74 23 45 77 73 71 29 81 72 40 119 103 61 63 62 102 88 122 52 0 37 102 81 37 80 70 36 68 70 95 90 51 67 41 16 80 16 82 96 74 46 40 38 72 91 15 105 78 84 95 112 92 25 102 28 57 107 39 68 88 72 66 72 73 120 43 87 95 101 106 72 68 62 43 44 85 6 96 31 85 102 97 88 79 69 46 53 66 69 34 98 79 110 
84 81 44 42 56 101 97 70 36 42 88 60 83 8 81 68 42 105 98 25 68 47 93 60 112 53 37 0 93 49 42 51 87 17 83 80 63 82 34 33 25 25 69 34 81 79 48 59 50 52 91 68 22 84 50 74 64 96 79 12 87 52 42 89 43 34 84 44 74 63 41 109 60 85 90 92 94 57 44 56 56 59 59 31 90 33 51 89 91 93 69 57 58 52 32 57 57 63 49 97 
62 20 51 83 37 15 23 28 79 57 50 33 53 93 28 30 62 20 10 85 44 46 1 56 20 50 102 93 0 69 65 59 63 78 61 48 69 12 59 78 68 106 24 86 25 23 56 62 63 68 70 40 101 32 59 19 64 22 15 92 17 81 51 26 63 75 17 60 46 31 70 18 69 21 12 1 10 36 54 40 64 66 51 99 10 72 77 10 8 35 24 36 62 49 75 36 80 85 62 14 
94 50 46 74 44 70 61 60 66 52 91 42 88 54 72 57 57 72 77 26 70 36 68 14 82 58 81 49 69 0 60 10 96 45 93 83 14 61 36 16 41 72 49 70 70 47 14 74 66 72 103 30 69 45 10 54 15 60 54 57 55 80 36 52 59 14 68 12 77 50 8 79 79 72 72 68 64 38 21 50 73 77 18 75 71 58 8 60 70 87 51 43 73 55 16 43 84 21 7 64 
42 62 18 18 31 77 78 37 14 10 46 37 41 37 44 35 4 82 65 52 27 30 64 62 85 14 37 42 65 60 0 55 44 26 41 38 72 53 24 54 22 43 44 21 45 61 49 17 7 12 49 60 39 71 54 47 71 77 55 34 66 21 26 72 2 53 50 48 32 35 54 83 19 50 58 64 69 38 41 25 14 18 57 34 58 9 68 65 60 53 42 33 16 16 51 33 23 81 56 74 
87 40 39 70 36 60 52 51 63 46 82 33 80 56 63 48 52 62 67 31 62 29 58 8 72 51 80 51 59 10 55 0 89 44 85 75 17 50 31 23 39 74 39 68 61 37 6 68 61 67 96 21 70 37 2 44 15 51 44 58 45 76 30 43 54 20 59 8 69 41 13 69 73 62 62 58 54 29 14 42 67 71 8 74 61 54 18 50 60 77 42 35 67 48 21 35 79 29 3 55 
2 73 51 50 53 78 84 42 53 48 13 57 10 80 35 43 45 83 56 95 27 60 63 93 79 38 70 87 63 96 44 89 0 71 3 15 105 56 63 95 65 83 57 58 38 74 82 27 37 35 7 82 79 86 87 55 102 84 63 77 74 41 60 83 44 93 46 84 20 50 92 79 28 42 51 62 72 61 75 46 30 28 87 70 53 53 105 69 55 30 53 55 28 41 92 55 36 118 90 77 
68 67 27 31 40 87 84 54 24 25 71 45 66 15 64 51 25 91 81 28 51 32 77 52 97 36 36 17 78 45 26 44 71 0 67 63 59 66 19 33 9 30 53 26 64 65 39 43 34 37 76 57 26 72 42 58 59 82 64 15 73 40 27 76 26 33 67 36 57 47 37 94 45 68 74 76 79 43 33 39 41 44 50 30 74 18 50 74 75 76 53 41 42 35 31 41 45 63 43 82 
1 70 48 47 50 76 82 39 50 44 12 54 8 77 33 40 42 81 54 92 23 56 61 89 78 35 68 83 61 93 41 85 3 67 0 13 102 53 60 91 61 80 54 55 36 71 79 24 33 32 10 79 76 83 84 52 99 81 60 74 72 39 56 81 40 89 44 80 17 47 88 77 25 40 49 60 70 58 72 43 27 25 83 67 51 49 101 67 53 29 50 51 25 37 88 51 34 114 86 75 
14 57 39 49 38 63 69 26 49 38 8 42 5 75 20 28 38 68 42 85 13 46 48 78 65 27 70 80 48 83 38 75 15 63 13 0 91 40 52 83 56 80 41 55 23 58 68 23 31 32 23 67 76 70 73 39 87 68 47 72 59 43 47 67 37 81 31 70 6 35 79 65 28 27 36 47 57 46 62 32 26 26 72 69 38 47 92 54 40 19 38 40 24 29 80 40 39 104 76 62 
103 49 56 87 52 67 57 66 79 63 98 48 96 68 78 63 69 68 78 39 78 46 68 13 79 68 95 63 69 14 72 17 105 59 102 91 0 63 48 30 54 87 53 83 75 46 23 85 78 84 112 29 83 41 18 58 5 56 55 71 53 93 47 48 71 28 72 24 85 56 22 76 90 76 74 68 62 44 31 58 84 88 19 89 73 71 14 59 72 92 56 50 84 65 30 50 96 16 16 62 
54 18 39 71 25 24 29 17 67 45 44 22 45 81 20 18 50 29 17 74 34 34 11 50 31 39 90 82 12 61 53 50 56 66 53 40 63 0 47 69 56 94 13 74 17 19 47 51 52 57 63 34 89 31 50 7 58 28 8 80 18 70 39 27 51 66 10 51 38 19 61 30 58 15 11 10 17 25 44 28 53 55 44 87 10 60 69 14 10 32 12 24 51 37 66 24 69 78 53 22 
61 48 12 39 22 68 65 37 32 16 60 26 57 34 49 34 21 72 63 32 39 13 58 39 78 25 51 34 59 36 24 31 63 19 60 52 48 47 0 31 10 49 34 37 48 46 25 38 30 36 70 40 44 54 29 40 47 63 45 33 54 44 8 57 23 29 50 24 46 29 30 75 43 51 56 58 60 24 18 23 37 41 35 45 56 23 43 55 57 62 35 23 38 22 28 23 47 57 31 63 
93 61 43 64 48 82 75 64 56 47 91 48 88 40 76 61 51 84 86 9 70 38 77 30 93 56 67 33 78 16 54 23 95 33 91 83 30 69 31 0 32 58 56 59 75 58 23 70 61 66 101 43 55 60 21 62 32 73 63 43 67 72 35 65 53 3 75 18 77 54 10 91 74 77 80 77 75 44 25 51 68 72 31 61 79 49 18 71 79 90 58 47 69 54 3 47 76 30 20 77 
63 58 18 32 31 77 75 44 25 17 64 35 60 24 55 42 19 82 72 30 43 23 67 47 87 28 41 25 68 41 22 39 65 9 61 56 54 56 10 32 0 39 44 29 55 56 33 38 29 33 71 49 34 64 37 49 54 73 55 24 64 39 17 67 21 31 58 31 49 38 34 85 41 59 65 67 70 33 26 30 36 40 43 36 64 17 47 65 65 68 44 32 37 27 30 32 43 61 38 73 
81 98 54 33 69 116 114 79 31 48 88 74 82 18 88 77 45 121 108 50 71 62 105 82 125 58 16 25 106 72 43 74 83 30 80 80 87 94 49 58 39 0 82 25 88 96 69 57 49 48 86 88 5 103 72 87 88 113 94 16 103 42 56 106 45 59 93 66 75 75 64 123 55 93 100 104 108 73 64 66 54 55 80 13 101 35 76 103 102 97 82 70 56 58 57 70 48 88 72 112 
55 18 28 62 13 34 34 14 57 35 47 8 47 68 25 13 40 38 30 61 31 21 23 39 43 31 80 69 24 49 44 39 57 53 54 41 53 13 34 56 44 82 0 64 22 18 34 46 44 50 64 26 77 30 38 6 48 32 11 68 22 63 26 29 42 53 19 38 37 9 48 41 53 23 24 23 26 12 31 18 47 50 33 76 23 49 57 21 23 39 3 12 46 28 53 12 62 67 41 30 
56 81 36 8 51 98 98 58 7 29 63 57 57 26 65 56 24 103 87 54 47 47 85 76 106 36 16 34 86 70 21 68 58 26 55 55 83 74 37 59 29 25 64 0 66 80 62 32 25 23 61 76 21 90 66 68 83 97 76 22 86 18 42 91 23 59 72 60 51 56 62 104 30 71 79 85 90 57 55 46 29 30 72 13 79 15 75 85 81 73 63 53 31 37 57 53 24 89 67 94 
37 35 36 61 27 40 46 11 59 40 26 27 28 78 3 14 43 45 21 79 20 37 25 62 44 30 82 81 25 70 45 61 38 64 36 23 75 17 48 75 55 88 22 66 0 36 56 38 41 45 45 48 83 49 60 18 71 45 25 76 36 58 41 45 43 72 8 59 21 20 68 43 44 5 14 24 34 32 50 25 40 42 56 79 15 53 79 31 17 16 19 27 38 29 72 27 56 90 63 39 
72 3 43 79 29 23 18 31 73 51 63 23 63 80 39 31 57 26 33 66 49 33 22 34 35 48 96 79 23 47 61 37 74 65 71 58 46 19 46 58 56 96 18 80 36 0 35 64 62 67 81 17 91 12 37 18 41 17 11 80 8 80 39 11 58 55 30 40 54 27 49 32 71 35 30 22 17 23 35 35 65 68 29 91 28 65 55 13 27 52 21 27 64 45 56 27 80 62 40 18 
80 38 33 64 30 59 52 45 57 39 76 28 74 51 58 42 45 61 64 30 55 22 55 14 70 45 74 48 56 14 49 6 82 39 79 68 23 47 25 23 33 69 34 62 56 35 0 61 54 60 89 21 65 37 5 40 21 51 41 53 44 70 23 43 47 19 54 4 63 35 14 68 67 57 58 55 52 23 7 36 60 64 11 69 57 48 23 48 57 72 37 29 60 42 20 29 72 35 7 54 
25 64 28 25 36 76 79 34 26 22 30 42 25 53 36 33 18 81 59 69 18 39 61 73 81 16 46 59 62 74 17 68 27 43 24 23 85 51 38 70 38 57 46 32 38 64 61 0 9 8 32 67 52 76 66 46 82 78 55 50 67 20 37 75 17 68 45 61 19 37 68 80 7 43 52 60 68 44 53 29 3 4 68 45 53 25 82 65 55 41 43 38 1 19 67 38 17 95 68 73 
34 62 21 19 33 76 78 35 18 14 39 39 34 44 40 34 9 81 63 60 22 33 63 67 83 13 40 50 63 66 7 61 37 34 33 31 78 52 30 61 29 49 44 25 41 62 54 9 0 6 42 63 44 73 59 46 76 77 55 41 67 18 31 73 7 60 48 54 26 35 60 82 12 46 55 62 69 41 47 26 7 10 62 38 56 16 74 65 57 48 42 35 8 16 58 35 19 87 61 73 
33 68 27 17 39 81 84 40 18 20 39 45 33 45 43 39 15 86 67 64 25 39 68 73 88 19 38 52 68 72 12 67 35 37 32 32 84 57 36 66 33 48 50 23 45 67 60 8 6 0 39 69 44 79 65 51 82 82 60 42 72 13 37 79 13 65 52 60 27 41 66 86 8 50 59 67 74 47 52 32 5 7 68 37 60 18 80 70 62 50 47 41 7 22 63 41 13 93 67 79 
9 80 58 53 60 85 92 50 56 54 20 65 17 85 42 51 51 90 63 101 34 67 70 100 86 45 72 91 70 103 49 96 7 76 10 23 112 63 70 101 71 86 64 61 45 81 89 32 42 39 0 90 82 94 94 62 109 91 70 81 82 44 67 91 49 100 53 91 27 57 99 86 31 49 58 69 79 69 82 54 35 32 94 73 60 57 112 77 62 36 61 62 33 48 98 62 38 125 97 84 
81 20 42 77 31 39 31 40 71 50 73 25 73 71 51 39 56 41 49 52 56 30 39 17 51 50 91 68 40 30 60 21 82 57 79 67 29 34 40 43 49 88 26 76 48 17 21 67 63 69 90 0 84 16 21 30 24 30 26 72 25 81 34 21 58 40 44 25 62 32 34 48 74 48 46 39 34 22 24 38 67 71 12 86 44 61 38 30 43 65 29 29 67 47 41 29 82 45 24 34 
77 93 49 29 64 111 109 74 26 43 83 69 78 15 83 72 40 116 103 47 66 57 100 78 121 53 15 22 101 69 39 70 79 26 76 76 83 89 44 55 34 5 77 21 83 91 65 52 44 44 82 84 0 99 68 82 84 108 89 12 98 38 52 102 40 56 88 62 70 70 61 118 51 88 95 100 103 68 60 61 49 51 76 10 96 30 73 99 97 92 77 65 51 53 54 65 44 85 68 107 
85 13 53 89 40 26 16 44 83 61 75 34 76 87 52 43 67 27 42 68 61 42 31 31 38 60 105 84 32 45 71 37 86 72 83 70 41 31 54 60 64 103 30 90 49 12 37 76 73 79 94 16 99 0 38 31 36 15 23 87 15 91 47 7 69 56 42 42 67 39 50 35 83 47 41 32 23 32 40 47 77 80 28 100 39 74 52 21 38 64 33 38 76 57 57 38 92 57 40 21 
85 40 38 68 35 60 53 50 61 44 81 32 79 54 62 47 50 63 67 30 60 27 58 10 72 50 78 50 59 10 54 2 87 42 84 73 18 50 29 21 37 72 38 66 60 37 5 66 59 65 94 21 68 38 0 44 17 52 44 56 46 74 28 43 52 18 58 6 67 40 12 69 72 61 62 58 54 28 12 41 65 69 10 72 60 52 19 50 60 76 41 33 65 47 20 33 77 30 3 55 
53 18 32 65 18 30 32 13 61 39 44 14 44 73 21 13 43 35 24 67 31 26 18 45 38 33 84 74 19 54 47 44 55 58 52 39 58 7 40 62 49 87 6 68 18 18 40 46 46 51 62 30 82 31 44 0 53 31 9 73 21 65 32 29 44 59 14 44 35 12 54 36 53 18 18 18 22 18 37 21 48 50 38 80 17 53 63 18 17 34 5 17 47 30 59 17 64 73 47 27 
100 44 54 86 49 62 52 62 78 61 94 45 93 69 74 60 67 63 74 41 75 43 63 9 74 66 95 64 64 15 71 15 102 59 99 87 5 58 47 32 54 88 48 83 71 41 21 82 76 82 109 24 84 36 17 53 0 51 50 72 48 91 45 43 69 29 68 23 82 53 23 71 88 71 70 63 57 41 29 55 82 85 15 89 68 70 18 54 67 88 52 47 82 63 31 47 94 21 16 57 
82 15 60 95 45 12 1 44 90 67 71 39 73 97 48 44 73 12 33 81 62 50 22 46 23 63 112 96 22 60 77 51 84 82 81 68 56 28 63 73 73 113 32 97 45 17 51 78 77 82 91 30 108 15 52 31 51 0 22 97 10 96 56 8 74 70 37 55 66 42 64 20 85 42 34 23 12 40 52 51 79 82 42 108 32 81 67 14 30 57 35 43 78 61 71 43 95 72 54 8 
61 9 39 73 24 22 23 22 69 46 52 19 53 79 28 22 51 27 23 70 40 32 14 42 32 41 92 79 15 54 55 44 63 64 60 47 55 8 45 63 55 94 11 76 25 11 41 55 55 60 70 26 89 23 44 9 50 22 0 79 12 74 37 20 53 60 19 45 44 20 55 30 62 23 19 14 14 21 39 29 57 60 36 87 17 61 62 10 17 40 13 23 56 39 60 23 73 71 47 18 
75 82 40 30 55 101 99 67 25 36 80 59 75 4 76 64 34 106 95 35 61 47 91 66 111 46 25 12 92 57 34 58 77 15 74 72 71 80 33 43 24 16 68 22 76 80 53 50 41 42 81 72 12 87 56 73 72 97 79 0 88 40 41 91 35 44 80 50 66 61 49 109 50 81 87 91 94 57 48 52 47 49 64 19 87 25 61 89 88 87 68 56 49 46 42 56 46 73 56 97 
73 5 50 85 35 14 11 34 80 57 62 29 64 88 39 34 63 18 27 74 52 41 16 42 26 53 102 87 17 55 66 45 74 73 72 59 53 18 54 67 64 103 22 86 36 8 44 67 67 72 82 25 98 15 46 21 48 10 12 88 0 85 46 9 64 64 29 48 56 31 57 23 74 33 27 17 9 30 44 40 69 72 37 98 25 71 63 6 23 50 24 33 68 50 64 33 85 69 48 9 
40 81 39 9 51 95 97 53 16 31 49 57 43 44 56 52 25 100 80 68 38 51 81 83 101 32 28 52 81 80 21 76 41 40 39 43 93 70 44 72 39 42 63 18 58 80 70 20 18 13 44 81 38 91 74 65 91 96 74 40 85 0 47 92 23 71 65 69 39 54 73 100 15 63 72 80 87 59 62 45 17 17 78 29 73 22 87 83 75 62 61 53 19 34 69 53 6 101 76 92 
58 41 9 43 14 60 57 30 36 16 55 18 53 42 42 27 22 64 55 38 34 5 50 36 70 21 57 42 51 36 26 30 60 27 56 47 47 39 8 35 17 56 26 42 41 39 23 37 31 37 67 34 52 47 28 32 45 56 37 41 46 47 0 50 24 33 42 24 41 21 32 67 43 44 48 50 52 16 16 16 37 40 31 52 48 27 45 47 49 55 27 15 37 19 32 15 49 58 31 55 
82 11 55 90 40 19 9 42 85 62 72 34 73 90 48 42 68 20 36 73 60 44 25 37 31 60 107 89 26 52 72 43 83 76 81 67 48 27 57 65 67 106 29 91 45 11 43 75 73 79 91 21 102 7 43 29 43 8 20 91 9 92 50 0 70 62 38 47 64 38 55 28 82 42 36 26 16 34 44 47 76 79 34 102 34 76 59 15 32 59 32 38 75 57 63 38 92 64 46 14 
42 59 16 20 29 75 76 35 16 8 45 35 40 38 42 33 2 80 63 52 25 28 62 61 83 12 39 43 63 59 2 54 44 26 40 37 71 51 23 53 21 45 42 23 43 58 47 17 7 13 49 58 40 69 52 44 69 74 53 35 64 23 24 70 0 52 48 47 31 33 53 81 20 48 55 61 67 36 40 23 15 18 56 36 56 10 67 63 57 52 40 31 16 14 50 31 25 80 54 72 
91 58 41 63 45 79 72 61 56 46 89 45 86 41 74 58 50 81 83 12 68 35 74 27 90 54 68 34 75 14 53 20 93 33 89 81 28 66 29 3 31 59 53 59 72 55 19 68 60 65 100 40 56 56 18 59 29 70 60 44 64 71 33 62 52 0 72 15 75 51 7 87 72 74 77 74 72 41 22 49 67 70 28 62 76 48 17 67 76 88 55 44 67 52 2 44 75 30 17 74 
45 28 40 68 28 32 38 13 65 44 33 27 36 82 11 16 48 37 14 80 27 38 17 59 36 36 88 84 17 68 50 59 46 67 44 31 72 10 50 75 58 93 19 72 8 30 54 45 48 52 53 44 88 42 58 14 68 37 19 80 29 65 42 38 48 72 0 58 29 21 68 35 52 4 7 16 26 31 50 28 48 49 53 85 8 58 77 23 9 21 17 28 46 35 72 28 63 87 61 31 
82 43 33 63 32 63 56 48 55 39 78 31 76 48 61 45 45 66 68 26 57 24 59 16 75 46 72 44 60 12 48 8 84 36 80 70 24 51 24 18 31 66 38 60 59 40 4 61 54 60 91 25 62 42 6 44 23 55 45 50 48 69 24 47 47 15 58 0 64 38 10 72 67 60 62 59 57 26 8 38 61 64 15 66 61 47 21 52 61 75 40 31 61 43 16 31 72 33 7 58 
18 53 33 44 33 61 67 22 44 32 14 37 11 69 18 23 32 66 42 78 7 40 46 73 65 21 66 74 46 77 32 69 20 57 17 6 85 38 46 77 49 75 37 51 21 54 63 19 26 27 27 62 70 67 67 35 82 66 44 66 56 39 41 64 31 75 29 64 0 30 73 64 24 26 35 45 55 41 56 26 22 22 66 64 37 41 86 52 39 22 33 34 20 23 74 34 36 98 70 60 
48 27 20 53 7 42 43 9 49 27 41 7 40 62 22 7 31 47 34 59 23 17 30 43 50 21 72 63 31 50 35 41 50 47 47 35 56 19 29 54 38 75 9 56 20 27 35 37 35 41 57 32 70 39 40 12 53 42 20 61 31 54 21 38 33 51 21 38 30 0 48 48 44 23 27 29 34 12 30 9 38 41 37 68 26 41 59 30 27 36 7 7 37 19 51 7 53 70 43 38 
90 52 41 66 42 72 65 58 59 46 87 41 84 46 70 55 51 75 78 19 66 33 69 20 84 53 73 41 70 8 54 13 92 37 88 79 22 61 30 10 34 64 48 62 68 49 14 68 60 66 99 34 61 50 12 54 23 64 55 49 57 73 32 55 53 7 68 10 73 48 0 81 73 70 72 69 66 36 18 47 67 71 21 67 71 51 13 61 71 85 50 41 68 51 8 41 77 27 10 67 
78 29 69 101 54 9 19 46 97 75 66 49 69 109 45 48 80 8 23 98 62 62 18 65 3 69 120 109 18 79 83 69 79 94 77 65 76 30 75 91 85 123 41 104 43 32 68 80 82 86 86 48 118 35 69 36 71 20 30 109 23 100 67 28 81 87 35 72 64 48 81 0 87 38 28 19 15 51 67 58 82 84 60 116 27 90 86 20 25 50 41 53 80 67 88 53 98 92 72 14 
26 71 34 22 43 83 86 41 25 27 34 49 28 53 42 40 22 88 66 72 24 45 68 79 88 23 43 60 69 79 19 73 28 45 25 28 90 58 43 74 41 55 53 30 44 71 67 7 12 8 31 74 51 83 72 53 88 85 62 50 74 15 43 82 20 72 52 67 24 44 73 87 0 49 59 67 75 51 59 36 6 3 74 42 60 26 87 72 62 46 50 45 7 26 71 45 11 100 74 80 
41 33 40 66 30 36 42 14 64 44 29 29 32 82 7 17 47 41 16 82 25 40 21 63 39 35 87 85 21 72 50 62 42 68 40 27 76 15 51 77 59 93 23 71 5 35 57 43 46 50 49 48 88 47 61 18 71 42 23 81 33 63 44 42 48 74 4 60 26 23 70 38 49 0 9 20 30 33 52 28 45 47 56 84 11 57 80 28 13 17 20 30 43 34 74 30 61 91 64 35 
50 28 46 75 34 27 35 20 72 51 38 32 41 89 16 23 55 32 7 85 34 43 12 62 29 43 95 90 12 72 58 62 51 74 49 36 74 11 56 80 65 100 24 79 14 30 58 52 55 59 58 46 95 41 62 18 70 34 19 87 27 72 48 36 55 77 7 62 35 27 72 28 59 9 0 11 22 36 55 34 54 56 55 92 2 65 81 21 4 23 22 33 53 42 77 33 70 90 65 26 
61 19 50 81 36 16 23 26 78 56 49 32 52 91 27 28 60 21 10 83 43 44 1 56 21 49 101 92 1 68 64 58 62 76 60 47 68 10 58 77 67 104 23 85 24 22 55 60 62 67 69 39 100 32 58 18 63 23 14 91 17 80 50 26 61 74 16 59 45 29 69 19 67 20 11 0 10 35 52 38 63 65 50 97 9 70 76 10 7 34 23 34 61 47 74 34 78 84 61 15 
71 14 54 88 39 7 13 34 83 61 59 34 62 94 37 35 66 12 20 82 51 46 9 51 18 55 106 94 10 64 69 54 72 79 70 57 62 17 60 75 70 108 26 90 34 17 52 68 69 74 79 34 103 23 54 22 57 12 14 94 9 87 52 16 67 72 26 57 55 34 66 15 75 30 22 10 0 36 52 44 70 73 46 102 19 75 72 5 18 45 27 38 69 53 73 38 86 78 57 5 
59 25 20 56 8 44 41 21 50 28 53 4 52 58 34 19 34 48 42 49 34 10 35 31 54 28 72 57 36 38 38 29 61 43 58 46 44 25 24 44 33 73 12 57 32 23 23 44 41 47 69 22 68 32 28 18 41 40 21 57 30 59 16 34 36 41 31 26 41 12 36 51 51 33 36 35 36 0 19 15 45 48 25 68 35 42 47 31 35 48 14 6 44 25 41 6 60 58 31 39 
73 38 25 57 24 59 53 40 50 32 69 23 67 47 52 37 37 62 61 31 49 15 53 21 70 37 68 44 54 21 41 14 75 33 72 62 31 44 18 25 26 64 31 55 50 35 7 53 47 52 82 24 60 40 12 37 29 52 39 48 44 62 16 44 40 22 50 8 56 30 18 67 59 52 55 52 52 19 0 29 53 56 17 62 54 41 30 47 54 67 33 23 53 34 22 23 65 42 15 54 
44 36 12 44 7 51 52 14 39 17 40 13 38 54 26 11 22 56 42 54 19 13 39 46 60 13 62 56 40 50 25 42 46 39 43 32 58 28 23 51 30 66 18 46 25 35 36 29 26 32 54 38 61 47 41 21 55 51 29 52 40 45 16 47 23 49 28 38 26 9 47 58 36 28 34 38 44 15 29 0 30 33 40 58 34 31 59 39 36 39 16 9 29 10 48 9 45 71 43 48 
28 65 27 22 37 78 81 36 23 21 33 43 28 50 39 35 17 83 62 67 20 39 63 73 84 17 43 56 64 73 14 67 30 41 27 26 84 53 37 68 36 54 47 29 40 65 60 3 7 5 35 67 49 77 65 48 82 79 57 47 69 17 37 76 15 67 48 61 22 38 67 82 6 45 54 63 70 45 53 30 0 3 68 42 56 22 81 66 57 44 44 39 2 20 65 39 15 94 68 75 
26 68 31 23 40 80 83 38 25 25 32 46 27 52 40 37 20 85 63 70 21 42 65 77 85 20 44 59 66 77 18 71 28 44 25 26 88 55 41 72 40 55 50 30 42 68 64 4 10 7 32 71 51 80 69 50 85 82 60 49 72 17 40 79 18 70 49 64 22 41 71 84 3 47 56 65 73 48 56 33 3 0 71 43 57 25 85 69 59 45 47 42 4 23 69 42 13 98 71 77 
85 32 40 74 33 51 43 46 67 48 79 29 77 63 58 44 53 53 60 40 60 28 50 6 63 51 85 59 51 18 57 8 87 50 83 72 19 44 35 31 43 80 33 72 56 29 11 68 62 68 94 12 76 28 10 38 15 42 36 64 37 78 31 34 56 28 53 15 66 37 21 60 74 56 55 50 46 25 17 40 68 71 0 79 54 58 26 42 53 72 36 32 67 48 30 32 81 34 12 46 
68 92 48 20 63 110 109 71 20 41 76 68 70 23 78 69 36 115 100 55 60 57 98 82 118 49 6 31 99 75 34 74 70 30 67 69 89 87 45 61 36 13 76 13 79 91 69 45 38 37 73 86 10 100 72 80 89 108 87 19 98 29 52 102 36 62 85 66 64 68 67 116 42 84 92 97 102 68 62 58 42 43 79 0 92 26 79 97 94 86 75 64 44 50 60 64 35 92 73 106 
52 26 47 75 33 25 32 21 72 52 40 31 43 89 18 23 55 30 7 84 35 43 10 60 28 43 96 90 10 71 58 61 53 74 51 38 73 10 56 79 64 101 23 79 15 28 57 53 56 60 60 44 96 39 60 17 68 32 17 87 25 73 48 34 56 76 8 61 37 26 71 27 60 11 2 9 19 35 54 34 56 57 54 92 0 66 79 18 2 25 21 33 54 42 76 33 71 88 63 24 
50 66 21 16 36 83 83 44 9 14 55 42 50 28 52 42 10 88 73 46 36 32 71 62 92 22 31 33 72 58 9 54 53 18 49 47 71 60 23 49 17 35 49 15 53 65 48 25 16 18 57 61 30 74 52 53 70 81 61 25 71 22 27 76 10 48 58 47 41 41 51 90 26 57 65 70 75 42 41 31 22 25 58 26 66 0 64 71 67 62 48 38 24 23 47 38 27 78 54 79 
103 58 54 80 53 77 68 69 72 60 99 51 97 58 81 66 64 79 86 26 79 45 76 21 89 67 85 51 77 8 68 18 105 50 101 92 14 69 43 18 47 76 57 75 79 55 23 82 74 80 112 38 73 52 19 63 18 67 62 61 63 87 45 59 67 17 77 21 86 59 13 86 87 80 81 76 72 47 30 59 81 85 26 79 79 64 0 68 79 96 60 52 81 64 19 52 91 13 16 72 
68 10 49 83 34 12 15 30 79 56 57 29 59 89 34 31 61 17 21 78 48 41 10 47 23 51 102 89 10 60 65 50 69 74 67 54 59 14 55 71 65 103 21 85 31 13 48 65 65 70 77 30 99 21 50 18 54 14 10 89 6 83 47 15 63 67 23 52 52 30 61 20 72 28 21 10 5 31 47 39 66 69 42 97 18 71 68 0 17 44 22 33 65 49 68 33 82 75 53 8 
54 25 48 77 34 23 31 22 74 53 42 31 45 89 20 24 57 28 7 84 37 43 8 59 26 45 97 91 8 70 60 60 55 75 53 40 72 10 57 79 65 102 23 81 17 27 57 55 57 62 62 43 97 38 60 17 67 30 17 88 23 75 49 32 57 76 9 61 39 27 71 25 62 13 4 7 18 35 54 36 57 59 53 94 2 67 79 17 0 27 21 33 55 43 76 33 73 88 63 22 
29 50 50 67 43 50 58 26 66 51 16 44 21 89 14 29 52 54 27 94 26 52 35 79 50 40 88 93 35 87 53 77 30 76 29 19 92 32 62 90 68 97 39 73 16 52 72 41 48 50 36 65 92 64 76 34 88 57 40 87 50 62 55 59 52 88 21 75 22 36 85 50 46 17 23 34 45 48 67 39 44 45 72 86 25 62 96 44 27 0 36 43 42 41 87 43 58 107 80 50 
52 21 27 60 13 35 36 11 56 34 43 10 43 68 22 10 39 39 28 63 28 22 23 43 43 28 79 69 24 51 42 42 53 53 50 38 56 12 35 58 44 82 3 63 19 21 37 43 42 47 61 29 77 33 41 5 52 35 13 68 24 61 27 32 40 55 17 40 33 7 50 41 50 20 22 23 27 14 33 16 44 47 36 75 21 48 60 22 21 36 0 12 43 26 55 12 60 71 44 31 
53 28 16 51 2 46 45 16 46 24 47 4 46 56 29 13 29 50 40 52 28 10 35 38 55 22 69 57 36 43 33 35 55 41 51 40 50 24 23 47 32 70 12 53 27 27 29 38 35 41 62 29 65 38 33 17 47 43 23 56 33 53 15 38 31 44 28 31 34 7 41 53 45 30 33 34 38 6 23 9 39 42 32 64 33 38 52 33 33 43 12 0 38 19 44 0 54 64 36 42 
26 64 27 24 36 76 79 34 25 21 31 42 26 52 37 33 18 81 60 68 18 39 62 73 82 16 46 58 62 73 16 67 28 42 25 24 84 51 38 69 37 56 46 31 38 64 60 1 8 7 33 67 51 76 65 47 82 78 56 49 68 19 37 75 16 67 46 61 20 37 68 80 7 43 53 61 69 44 53 29 2 4 67 44 54 24 81 65 55 42 43 38 0 19 66 38 17 95 68 74 
39 46 10 34 17 61 62 21 30 10 37 23 34 48 29 19 13 66 49 55 16 19 48 54 69 3 53 52 49 55 16 48 41 35 37 29 65 37 22 54 27 58 28 37 29 45 42 19 16 22 48 47 53 57 47 30 63 61 39 46 50 34 19 57 14 52 35 43 23 19 51 67 26 34 42 47 53 25 34 10 20 23 48 50 42 23 64 49 43 41 26 19 19 0 51 19 35 77 49 58 
90 59 40 62 44 79 72 61 54 44 88 45 85 39 73 58 48 82 83 10 67 35 74 29 91 53 66 32 75 16 51 21 92 31 88 80 30 66 28 3 30 57 53 57 72 56 20 67 58 63 98 41 54 57 20 59 31 71 60 42 64 69 32 63 50 2 72 16 74 51 8 88 71 74 77 74 73 41 22 48 65 69 30 60 76 47 19 68 76 87 55 44 66 51 0 44 74 32 18 74 
53 28 16 51 2 46 45 16 46 24 47 4 46 56 29 13 29 50 40 52 28 10 35 38 55 22 69 57 36 43 33 35 55 41 51 40 50 24 23 47 32 70 12 53 27 27 29 38 35 41 62 29 65 38 33 17 47 43 23 56 33 53 15 38 31 44 28 31 34 7 41 53 45 30 33 34 38 6 23 9 39 42 32 64 33 38 52 33 33 43 12 0 38 19 44 0 54 64 36 42 
34 81 40 15 52 93 96 52 21 32 44 58 38 50 54 51 27 99 77 73 35 52 79 86 99 32 34 57 80 84 23 79 36 45 34 39 96 69 47 76 43 48 62 24 56 80 72 17 19 13 38 82 44 92 77 64 94 95 73 46 85 6 49 92 25 75 63 72 36 53 77 98 11 61 70 78 86 60 65 45 15 13 81 35 71 27 91 82 73 58 60 54 17 35 74 54 0 104 79 91 
115 65 67 93 65 83 73 80 86 73 111 62 109 70 92 77 78 84 94 38 91 58 84 28 95 80 98 63 85 21 81 29 118 63 114 104 16 78 57 30 61 88 67 89 90 62 35 95 87 93 125 45 85 57 30 73 21 72 71 73 69 101 58 64 80 30 87 33 98 70 27 92 100 91 90 84 78 58 42 71 94 98 34 92 88 78 13 75 88 107 71 64 95 77 32 64 104 0 27 78 
88 43 40 70 38 63 55 53 62 46 84 35 82 54 65 50 52 65 70 29 63 30 61 10 75 52 79 49 62 7 56 3 90 43 86 76 16 53 31 20 38 72 41 67 63 40 7 68 61 67 97 24 68 40 3 47 16 54 47 56 48 76 31 46 54 17 61 7 70 43 10 72 74 64 65 61 57 31 15 43 68 71 12 73 63 54 16 53 63 80 44 36 68 49 18 36 79 27 0 58 
76 15 58 92 43 5 8 39 87 65 64 38 67 97 42 40 70 8 24 84 56 50 14 51 17 60 110 97 14 64 74 55 77 82 75 62 62 22 63 77 73 112 30 94 39 18 54 73 73 79 84 34 107 21 55 27 57 8 18 97 9 92 55 14 72 74 31 58 60 38 67 14 80 35 26 15 5 39 54 48 75 77 46 106 24 79 72 8 22 50 31 42 74 58 74 42 91 78 58 0 
1 15 7 15 2 8 1 16 11 14 4 20 20 9 8 2 6 3 13 17 8 13 6 20 2 6 10 4 9 15 3 12 16 17 12 5 15 4 10 9 15 20 10 11 15 18 11 17 4 7 3 1 2 18 19 10 14 14 3 4 11 17 5 3 2 2 8 1 13 15 8 18 11 6 1 20 1 4 8 12 11 14 9 13 13 19 3 6 9 15 9 16 19 4 15 7 16 14 15 20 
37 37 37 37 37 37 37 37 37 37 37 37 37 37 37 37 37 37 37 37 37 37 37 37 37 37 37 37 37 37 37 37 37 37 37 37 37 37 37 37 37 37 37 37 37 37 37 37 37 37 37 37 37 37 37 37 37 37 37 37 37 37 37 37 37 37 37 37 37 37 37 37 37 37 37 37 37 37 37 37 37 37 37 37 37 37 37 37 37 37 37 37 37 37 37 37 37 37 37 37 