6 21 150 50 11
0 26 42 51 56 36 27 30 17 39 79 41 55 65 84 36 78 80 80 45 68 16 56 31 26 72 54 53 23 49 29 6 34 60 7 16 80 72 67 43 56 27 76 9 14 21 68 62 76 30 31 38 14 8 66 11 13 34 9 38 13 32 82 41 21 47 35 36 23 73 77 32 50 83 91 28 77 66 50 28 8 85 61 54 59 22 21 34 67 72 52 77 19 26 63 70 47 34 77 57 34 54 15 59 72 63 68 63 48 53 27 50 95 23 40 81 61 34 48 73 40 71 79 79 20 23 16 33 75 35 77 27 33 29 39 32 66 36 37 36 85 47 70 61 43 39 39 5 67 68 
26 0 63 32 55 40 8 5 44 14 87 15 79 69 96 15 86 81 62 71 54 23 46 47 39 57 77 75 14 34 46 20 37 72 34 17 93 86 59 70 64 34 58 34 27 31 66 52 89 37 56 64 39 29 55 26 21 21 29 29 14 11 62 64 29 64 58 12 20 87 82 17 65 95 97 13 77 85 27 30 18 87 41 47 84 47 5 12 71 68 46 61 41 5 47 54 73 35 89 35 61 58 41 62 67 79 49 86 34 40 10 76 102 49 35 86 79 48 38 59 33 66 86 84 35 49 27 58 66 60 65 14 56 56 49 22 60 26 11 23 92 73 75 80 19 45 53 21 72 46 
42 63 0 72 48 35 67 64 36 71 48 75 20 46 48 76 49 63 92 33 75 40 61 17 25 79 18 12 51 65 17 47 37 29 38 46 44 33 64 27 33 33 89 34 55 32 56 64 39 32 19 24 30 48 70 37 42 76 48 80 54 62 96 6 62 11 7 75 65 34 52 57 15 47 63 69 60 23 77 70 45 63 79 56 30 24 60 74 45 64 53 86 48 60 75 82 31 40 41 78 29 38 36 44 65 23 84 25 62 64 57 33 65 36 82 57 19 19 57 79 51 64 51 54 28 25 57 19 72 17 80 53 10 33 24 74 61 53 71 78 55 24 47 18 73 32 18 44 44 87 
51 32 72 0 41 38 39 27 68 20 76 23 92 56 89 41 75 62 30 92 25 38 23 55 48 26 90 83 28 9 55 47 35 69 59 36 87 85 36 89 58 39 26 57 58 42 47 28 85 40 74 83 61 57 27 44 40 50 58 58 44 21 30 76 61 68 71 35 52 86 69 19 68 89 82 44 59 90 10 62 43 70 9 27 100 67 36 37 59 46 28 29 70 27 16 22 93 32 84 5 82 49 66 50 45 80 17 98 12 15 25 97 88 74 65 71 84 53 20 29 22 44 74 70 47 70 58 76 40 77 35 24 70 79 50 53 39 19 24 52 80 90 63 86 16 42 56 47 61 16 
56 55 48 41 0 20 63 53 66 54 35 58 68 15 49 70 33 25 48 78 30 41 19 35 34 34 66 55 42 32 38 56 21 31 60 44 47 46 16 73 19 29 45 56 70 35 11 18 45 27 60 68 57 65 24 45 44 76 66 84 59 47 53 54 75 39 51 65 71 47 28 38 37 49 42 68 21 57 50 80 51 31 43 14 79 57 57 67 18 17 12 40 74 50 34 38 78 22 44 45 71 10 65 9 17 45 44 71 29 26 46 81 48 70 89 31 51 31 21 33 23 16 33 29 38 60 71 61 23 61 32 41 52 71 24 77 13 30 56 79 39 72 21 54 52 19 30 53 20 50 
36 40 35 38 20 0 47 38 46 43 46 47 56 30 56 55 45 44 57 61 40 21 26 19 14 44 54 46 26 30 20 37 3 32 40 26 53 48 32 57 24 9 53 36 50 15 31 30 50 7 42 51 37 45 36 25 25 60 46 67 40 34 61 40 56 30 36 51 53 49 42 26 30 55 57 51 40 52 45 62 32 49 44 21 65 38 40 52 31 37 19 51 54 35 39 46 61 6 49 43 53 18 45 23 37 43 49 61 27 28 31 64 62 50 71 46 46 16 21 45 15 36 46 44 18 41 51 44 41 44 46 26 36 52 12 60 31 20 44 63 51 56 35 47 43 5 18 34 32 52 
27 8 67 39 63 47 0 12 44 19 94 18 82 77 103 9 93 89 69 72 62 28 54 53 45 64 81 79 21 42 51 21 44 79 34 22 99 93 67 71 71 41 65 36 24 37 74 60 96 43 58 65 41 27 62 30 25 13 28 21 14 18 68 68 24 69 62 9 13 94 89 25 71 102 104 5 85 90 32 23 22 95 48 55 86 49 7 7 79 76 54 68 39 13 54 61 74 42 96 42 62 65 42 70 75 85 56 90 42 48 18 78 109 49 27 94 85 54 46 67 41 74 93 92 40 51 24 60 74 62 73 22 60 56 56 14 68 34 15 15 99 75 82 85 24 52 59 24 80 52 
30 5 64 27 53 38 12 0 47 9 85 12 81 67 95 17 84 77 57 74 50 24 42 48 40 52 79 76 13 29 47 24 35 71 37 18 91 86 55 72 63 33 53 38 32 32 63 48 88 36 58 67 42 33 50 27 22 25 34 33 19 6 57 65 34 64 59 13 25 87 80 14 65 94 94 17 74 86 22 35 21 84 36 43 86 50 9 14 69 64 42 56 46 4 42 49 76 33 88 30 64 56 45 59 63 79 44 88 29 36 7 80 100 53 39 83 80 48 34 54 29 62 84 82 36 52 32 61 62 62 60 12 58 59 49 26 57 22 7 27 90 75 73 81 14 43 52 25 70 41 
17 44 36 68 66 46 44 47 0 57 80 59 42 71 83 52 81 88 96 28 82 30 69 33 32 86 42 45 40 65 30 23 45 61 10 32 79 69 78 28 60 37 92 11 24 31 77 74 75 39 18 23 9 17 80 24 28 48 17 50 29 50 98 33 29 44 28 53 36 70 81 49 48 82 95 43 84 58 68 37 26 90 77 66 44 12 39 51 72 83 64 92 12 44 78 86 30 45 76 74 18 60 2 66 83 59 85 50 63 68 44 33 97 5 49 86 55 37 62 87 54 82 82 83 28 10 25 20 86 22 91 44 25 12 43 45 77 51 55 50 87 33 75 54 61 47 41 22 71 85 
39 14 71 20 54 43 19 9 57 0 88 4 89 68 99 20 86 77 50 84 45 32 40 55 47 47 88 83 20 26 54 33 40 76 47 26 96 91 54 82 66 40 46 47 41 39 63 46 93 42 68 76 52 43 47 36 31 30 44 38 29 9 49 73 43 71 68 14 33 92 81 16 72 98 96 24 74 93 13 42 31 85 29 42 96 59 19 17 71 63 42 49 56 13 36 42 85 37 92 23 74 59 55 61 62 85 37 96 27 33 14 89 102 63 45 85 87 55 33 49 30 61 86 83 43 61 42 70 59 71 56 18 66 69 54 33 55 24 4 32 92 85 75 88 5 48 59 35 72 33 
79 87 48 76 35 46 94 85 80 88 0 92 62 20 14 102 2 25 80 81 63 67 54 48 52 66 60 48 72 67 51 81 49 19 79 72 15 22 46 75 22 53 78 74 93 58 32 52 16 50 67 72 72 87 57 68 70 106 88 113 86 80 85 54 100 38 55 98 99 22 9 72 33 15 15 98 25 41 86 106 77 19 78 49 73 69 87 99 17 38 48 72 92 81 69 72 79 52 14 81 77 29 80 26 40 29 79 60 65 61 77 81 17 83 117 12 37 44 56 64 57 40 4 10 58 71 95 67 49 66 60 72 58 81 39 106 42 63 89 109 6 71 14 40 87 42 39 77 15 85 
41 15 75 23 58 47 18 12 59 4 92 0 92 73 103 18 91 82 52 86 48 35 44 59 51 50 91 87 24 30 58 35 44 80 49 30 100 95 58 85 71 44 48 50 42 43 67 50 97 46 70 79 55 44 50 39 34 28 45 36 30 13 51 77 42 75 71 12 32 96 86 20 76 103 100 23 78 97 15 41 34 90 31 46 99 62 20 15 76 67 47 52 57 15 39 45 88 41 97 25 76 63 57 66 66 89 39 100 31 37 18 92 106 65 43 89 91 59 38 52 35 65 91 88 47 64 42 73 63 74 59 22 70 71 58 31 60 28 4 30 97 88 79 92 7 52 63 37 77 35 
55 79 20 92 68 56 82 81 42 89 62 92 0 64 57 91 63 80 113 23 96 57 82 37 44 100 2 14 69 85 36 61 58 44 49 62 53 42 84 18 52 52 109 46 65 51 76 84 49 52 24 20 41 58 91 53 58 89 58 91 68 80 117 16 71 29 21 90 77 42 67 75 32 55 77 83 78 24 96 79 60 79 99 77 11 33 75 89 63 83 74 106 54 77 96 102 20 60 51 98 26 58 44 63 84 33 105 8 82 84 75 20 77 39 92 72 25 39 77 100 71 84 65 69 46 32 67 22 92 20 100 72 22 34 45 86 81 72 88 91 68 12 64 22 92 53 38 58 61 107 
65 69 46 56 15 30 77 67 71 68 20 73 64 0 34 84 18 17 61 78 43 51 34 38 40 47 62 50 55 47 41 66 32 21 68 56 32 34 27 73 12 38 59 63 80 44 13 32 31 35 62 69 62 74 37 54 55 89 75 97 70 61 66 52 86 35 51 80 83 35 13 53 32 34 27 81 14 48 66 92 62 19 58 29 75 61 70 81 3 21 27 53 81 63 49 52 77 34 30 61 73 11 71 7 23 36 59 65 44 41 59 80 33 74 101 16 43 34 36 45 38 22 18 15 45 64 81 63 32 62 42 54 53 75 27 89 23 44 71 92 23 70 6 46 67 26 31 63 5 65 
84 96 48 89 49 56 103 95 83 99 14 103 57 34 0 111 17 39 94 79 77 75 68 53 59 81 55 44 82 80 55 88 59 24 84 80 4 15 60 73 32 62 93 79 99 66 46 66 8 59 68 71 76 92 71 75 78 115 93 121 93 91 100 53 106 39 56 108 106 15 24 82 35 2 23 106 40 34 98 113 84 32 92 63 68 71 95 108 31 53 61 86 96 91 83 86 76 62 7 94 77 40 84 40 55 25 93 54 77 75 87 77 20 84 124 26 32 50 69 79 69 54 18 24 64 73 101 67 64 66 75 82 59 82 47 114 56 75 100 117 16 67 28 35 98 51 45 84 29 99 
36 15 76 41 70 55 9 17 52 20 102 18 91 84 111 0 101 95 70 80 65 37 59 62 54 67 90 88 29 46 60 30 52 87 43 31 108 101 73 80 79 49 66 45 30 46 80 65 104 52 67 74 50 35 67 39 34 10 35 18 23 23 69 77 29 78 71 6 18 102 97 31 80 110 112 8 92 99 33 25 31 102 49 60 95 58 16 3 86 82 60 70 46 20 57 63 82 50 104 43 70 73 50 77 81 94 57 99 46 52 24 86 117 57 25 101 94 63 52 70 47 80 101 99 49 59 30 69 79 71 76 29 69 64 64 13 74 40 16 12 107 84 90 94 25 60 68 33 87 53 
78 86 49 75 33 45 93 84 81 86 2 91 63 18 17 101 0 23 77 82 61 66 52 47 52 64 61 49 71 65 51 80 48 20 79 71 17 24 44 76 21 53 76 74 93 58 30 50 18 50 67 73 72 86 55 68 70 105 87 112 85 79 83 55 99 38 56 97 98 24 7 70 34 17 14 97 23 42 84 106 76 17 76 47 74 69 86 97 15 36 46 69 92 80 67 70 80 51 16 79 78 27 80 25 38 30 77 62 63 60 76 82 17 83 116 10 39 44 55 62 55 37 2 7 57 72 94 68 47 67 58 71 58 82 39 105 40 62 88 108 6 72 12 42 85 41 39 77 13 83 
80 81 63 62 25 44 89 77 88 77 25 82 80 17 39 95 23 0 58 95 42 66 38 55 56 45 78 66 67 53 58 81 46 36 83 69 40 46 26 90 29 53 57 79 94 59 14 34 41 50 79 86 79 89 37 69 69 102 90 109 84 72 64 69 100 52 68 90 96 46 15 63 48 40 22 93 3 62 72 106 76 9 61 35 92 78 82 92 17 16 35 50 97 75 50 51 94 47 39 65 90 27 87 21 18 50 59 80 51 46 71 96 29 91 114 13 58 51 44 43 48 18 21 15 61 81 96 80 27 79 38 66 70 92 44 102 23 55 80 104 24 87 16 61 75 41 48 78 18 66 
80 62 92 30 48 57 69 57 96 50 80 52 113 61 94 70 77 58 0 117 17 66 31 76 70 13 111 102 57 30 77 76 55 79 87 64 93 94 33 113 68 62 4 85 88 66 47 29 92 62 99 108 88 87 23 72 68 80 88 88 74 51 6 97 91 86 93 64 82 95 70 48 84 95 80 74 56 105 37 92 72 67 21 36 123 92 66 67 64 42 39 8 99 57 18 10 118 53 91 27 108 59 94 56 40 93 13 117 33 29 55 121 87 102 95 71 99 73 36 15 43 40 76 71 71 95 89 101 31 101 20 53 93 106 68 83 38 45 54 82 81 113 66 101 45 60 74 75 66 18 
45 71 33 92 78 61 72 74 28 84 81 86 23 78 79 80 82 95 117 0 102 53 87 43 47 106 24 34 65 87 41 51 62 62 37 58 74 63 94 6 66 55 114 36 51 51 88 92 70 55 18 9 31 45 98 48 53 76 45 77 57 76 120 27 56 44 27 81 64 63 85 73 48 77 96 71 93 46 94 64 52 96 101 83 18 25 67 79 78 95 81 112 37 71 99 107 3 64 72 98 10 70 30 76 96 53 107 31 85 88 70 6 97 23 76 90 46 47 81 106 74 95 84 87 46 22 52 17 102 17 108 69 26 16 54 72 91 73 82 77 87 11 80 44 87 60 48 49 77 108 
68 54 75 25 30 40 62 50 82 45 63 48 96 43 77 65 61 42 17 102 0 52 14 59 54 4 94 84 46 20 61 65 39 61 74 52 76 77 17 97 50 47 15 71 78 51 31 12 75 46 83 92 74 75 6 58 55 74 76 82 65 43 23 80 82 68 76 59 74 78 54 38 66 77 64 67 40 87 35 84 60 51 19 19 106 77 58 62 46 26 21 10 87 49 9 9 102 38 73 25 93 41 81 38 24 76 16 100 21 15 46 105 71 88 89 55 81 56 20 5 28 24 60 55 56 80 79 85 17 85 10 43 77 91 50 76 21 32 49 77 65 97 49 84 41 43 57 63 48 23 
16 23 40 38 41 21 28 24 30 32 67 35 57 51 75 37 66 66 66 53 52 0 40 24 16 56 55 52 12 35 23 15 19 50 21 6 71 64 51 51 44 13 62 19 28 8 52 46 67 16 36 45 22 24 50 5 3 39 25 46 19 23 68 41 34 41 35 35 31 65 64 19 43 74 78 31 62 62 40 40 10 71 47 38 63 28 21 34 53 57 36 62 35 20 48 55 55 18 67 44 43 40 28 45 56 56 54 64 33 37 17 58 83 35 50 68 56 25 32 57 24 55 67 66 12 31 30 38 59 39 61 15 34 40 28 39 50 21 31 42 72 53 57 57 34 25 30 12 54 55 
56 46 61 23 19 26 54 42 69 40 54 44 82 34 68 59 52 38 31 87 14 40 0 45 40 18 79 70 35 15 47 54 25 49 61 41 66 65 13 83 38 33 28 58 67 38 24 6 64 32 69 78 61 64 10 45 43 67 65 75 54 36 35 66 71 54 62 54 65 66 46 28 53 68 58 59 35 74 34 75 49 46 24 5 91 63 49 56 37 23 8 24 75 40 15 21 87 24 63 27 79 28 68 28 21 63 25 86 13 8 37 91 65 74 81 48 68 42 8 18 16 21 51 47 42 67 68 71 19 71 21 32 62 78 36 69 15 21 43 70 57 83 40 70 37 29 43 52 39 31 
31 47 17 55 35 19 53 48 33 55 48 59 37 38 53 62 47 55 76 43 59 24 45 0 8 63 35 28 35 48 3 35 20 29 31 30 48 40 50 38 27 15 72 26 46 16 45 49 44 14 25 33 25 39 55 23 27 63 40 68 41 46 80 21 53 16 17 59 53 41 47 39 18 51 61 55 52 38 60 60 32 57 62 40 46 23 45 59 38 52 38 70 44 44 58 65 42 23 45 61 35 28 33 34 52 32 67 42 45 47 41 46 65 36 71 52 32 4 40 64 33 51 49 49 12 26 48 26 58 26 65 37 17 37 11 62 48 35 55 66 54 37 41 33 56 17 8 31 38 70 
26 39 25 48 34 14 45 40 32 47 52 51 44 40 59 54 52 56 70 47 54 16 40 8 0 59 42 36 27 42 7 29 15 34 27 22 55 47 47 42 30 8 67 23 41 8 45 45 51 8 28 37 23 34 51 16 19 56 35 62 34 38 74 28 47 24 23 51 47 48 51 32 26 58 65 48 52 46 52 54 25 59 55 36 52 23 37 51 41 51 34 65 41 36 53 60 47 17 51 54 38 28 31 34 51 39 61 50 39 41 33 50 69 36 65 55 40 8 34 59 27 50 53 53 5 26 42 30 56 30 61 29 22 38 13 55 45 28 47 59 58 43 44 41 48 15 13 25 41 63 
72 57 79 26 34 44 64 52 86 47 66 50 100 47 81 67 64 45 13 106 4 56 18 63 59 0 98 88 49 23 65 68 43 65 78 56 79 80 20 101 54 51 12 75 81 55 34 16 78 50 87 96 78 79 9 62 58 76 80 85 68 46 19 84 85 72 80 61 77 81 57 41 71 81 67 69 43 91 36 87 64 54 20 23 110 81 61 64 50 29 26 6 91 52 10 6 106 42 77 26 97 45 85 42 27 80 15 104 24 18 49 109 74 91 91 58 85 60 24 2 32 27 63 58 60 85 82 89 18 89 9 46 81 95 55 79 24 35 50 79 68 101 52 88 42 47 61 67 52 22 
54 77 18 90 66 54 81 79 42 88 60 91 2 62 55 90 61 78 111 24 94 55 79 35 42 98 0 12 67 84 34 60 56 42 48 61 51 40 82 19 50 51 107 45 65 49 73 82 47 50 23 20 40 57 89 51 57 88 58 91 67 79 115 14 71 26 19 89 76 40 65 74 29 53 75 82 76 22 95 79 59 76 97 74 13 32 74 88 61 81 72 104 54 75 94 100 21 58 49 96 27 56 43 61 82 31 103 9 80 82 73 22 75 39 91 70 23 37 75 98 69 81 63 67 44 31 66 21 90 19 98 70 21 34 43 85 79 71 87 90 66 13 61 20 90 50 36 57 59 106 
53 75 12 83 55 46 79 76 45 83 48 87 14 50 44 88 49 66 102 34 84 52 70 28 36 88 12 0 63 76 29 59 48 30 49 58 40 28 72 28 38 44 99 45 66 44 62 73 35 43 27 28 41 59 79 49 54 88 59 92 66 74 106 12 73 16 18 87 76 29 53 68 18 42 63 81 64 13 89 81 57 64 90 65 25 34 72 86 49 70 62 95 58 72 85 91 32 51 37 89 34 45 46 50 71 19 95 15 73 74 69 33 63 44 93 58 11 30 67 88 61 70 51 55 40 34 68 26 79 24 88 65 20 40 34 85 68 64 83 90 54 23 49 9 85 42 27 55 47 98 
23 14 51 28 42 26 21 13 40 20 72 24 69 55 82 29 71 67 57 65 46 12 35 35 27 49 67 63 0 26 34 19 23 58 31 7 78 73 48 62 50 20 53 29 32 19 53 41 75 23 48 57 33 30 45 17 12 34 31 42 19 11 58 53 36 51 47 26 30 74 68 8 52 81 82 26 63 73 28 39 15 73 37 34 76 40 15 26 57 55 33 54 42 9 40 47 66 20 75 33 55 44 38 48 55 66 45 76 25 31 6 70 88 46 47 72 67 35 27 51 20 54 72 70 23 42 33 50 55 51 56 3 46 51 35 35 48 14 20 37 77 65 60 68 22 30 39 18 58 44 
49 34 65 9 32 30 42 29 65 26 67 30 85 47 80 46 65 53 30 87 20 35 15 48 42 23 84 76 26 0 49 46 28 60 56 33 78 76 28 84 49 33 26 54 58 36 38 20 76 33 69 78 57 56 21 41 37 54 57 62 45 23 33 69 62 61 65 40 54 77 60 18 60 80 73 47 50 82 19 64 41 61 13 18 94 62 38 42 50 38 19 27 69 29 13 20 88 25 75 14 78 40 63 40 36 72 19 91 3 7 26 91 79 71 69 62 76 46 11 25 14 36 65 61 41 65 59 71 33 72 30 23 64 75 42 56 30 14 29 57 71 85 53 78 22 34 48 45 52 21 
29 46 17 55 38 20 51 47 30 54 51 58 36 41 55 60 51 58 77 41 61 23 47 3 7 65 34 29 34 49 0 33 21 32 28 29 51 43 52 36 30 16 74 23 43 15 48 51 47 15 22 31 21 36 57 21 25 61 37 66 39 45 81 20 50 18 15 58 51 44 50 39 21 54 64 53 55 39 60 57 30 60 63 42 45 20 43 57 41 55 39 71 41 43 60 67 40 24 48 61 33 31 30 37 55 34 68 42 46 48 40 44 68 33 69 55 33 7 41 66 34 54 52 53 11 23 45 24 61 24 67 36 15 34 14 59 50 36 54 64 57 36 44 34 56 19 11 29 41 71 
6 20 47 47 56 37 21 24 23 33 81 35 61 66 88 30 80 81 76 51 65 15 54 35 29 68 60 59 19 46 33 0 34 63 13 13 84 76 65 50 58 28 72 15 13 22 68 60 80 31 37 44 20 10 64 12 11 28 11 33 7 27 78 47 19 51 41 30 18 77 78 28 54 87 93 22 77 71 45 25 5 86 56 52 65 28 15 28 68 72 50 73 23 21 59 67 53 33 80 52 41 55 21 60 71 67 64 69 44 50 21 57 97 29 36 83 66 37 46 70 38 70 81 81 23 29 14 39 73 41 75 23 39 35 41 26 65 33 31 31 87 54 71 66 38 40 42 3 68 63 
34 37 37 35 21 3 44 35 45 40 49 44 58 32 59 52 48 46 55 62 39 19 25 20 15 43 56 48 23 28 21 34 0 36 39 23 56 51 33 58 27 8 52 35 48 14 33 30 53 6 43 52 36 43 35 23 23 57 44 64 38 31 59 42 54 33 37 48 50 52 45 23 33 58 60 48 42 55 42 59 29 51 42 21 67 38 37 49 34 38 18 50 53 32 38 45 62 3 52 41 53 21 44 25 38 46 47 63 25 26 28 65 65 50 69 49 48 18 19 44 13 37 49 47 17 41 49 45 41 45 46 23 37 52 15 57 32 17 41 60 54 58 38 50 40 8 20 31 35 50 
60 72 29 69 31 32 79 71 61 76 19 80 44 21 24 87 20 36 79 62 61 50 49 29 34 65 42 30 58 60 32 63 36 0 60 56 20 16 46 56 11 38 77 55 75 41 34 49 17 35 47 53 53 68 55 51 54 90 69 96 69 67 84 35 82 18 35 84 82 17 23 59 14 23 34 82 34 27 77 89 60 34 72 44 56 49 71 84 19 42 41 72 73 67 65 70 60 39 17 74 58 20 61 23 43 14 75 44 57 55 63 62 36 63 100 28 22 26 49 64 47 43 22 25 40 52 77 48 52 46 62 59 38 61 22 89 42 52 77 93 26 52 19 25 76 27 21 60 17 80 
7 34 38 59 60 40 34 37 10 47 79 49 49 68 84 43 79 83 87 37 74 21 61 31 27 78 48 49 31 56 28 13 39 60 0 23 79 70 72 36 58 31 83 5 17 25 71 67 75 33 25 31 8 9 72 16 19 40 9 42 20 40 89 37 23 45 31 44 28 71 78 39 48 82 93 34 80 62 58 31 16 87 68 59 52 16 29 42 69 77 57 83 14 34 70 77 39 39 76 64 27 56 7 62 77 61 76 57 54 59 34 43 96 15 43 83 58 34 54 79 46 76 80 80 22 17 18 27 80 29 83 34 29 21 40 37 71 42 45 42 85 41 72 57 51 42 39 12 68 75 
16 17 46 36 44 26 22 18 32 26 72 30 62 56 80 31 71 69 64 58 52 6 41 30 22 56 61 58 7 33 29 13 23 56 23 0 77 70 52 55 49 18 60 21 26 14 55 47 73 21 41 49 26 23 51 9 4 34 24 41 14 18 66 47 31 47 41 29 27 71 68 16 49 79 83 26 66 68 36 36 8 75 45 39 69 32 15 28 58 59 37 61 35 14 47 54 59 21 73 41 47 44 30 49 59 62 52 70 32 37 12 62 88 38 45 73 62 31 33 57 25 58 72 70 18 35 27 43 60 44 62 11 40 43 33 33 52 20 25 37 77 58 61 63 30 30 36 11 58 52 
80 93 44 87 47 53 99 91 79 96 15 100 53 32 4 108 17 40 93 74 76 71 66 48 55 79 51 40 78 78 51 84 56 20 79 77 0 11 59 68 29 58 91 74 95 62 45 64 4 55 63 67 72 88 70 71 74 111 89 117 89 87 99 49 101 35 51 104 102 11 24 79 31 2 26 103 40 30 96 109 80 33 90 61 64 67 92 105 29 52 59 85 91 88 81 85 72 59 3 92 73 38 79 38 54 21 91 50 75 73 84 73 24 80 120 26 28 46 67 78 66 54 19 25 60 69 97 63 63 61 74 79 54 77 43 110 55 72 97 114 18 63 27 31 95 48 41 80 27 97 
72 86 33 85 46 48 93 86 69 91 22 95 42 34 15 101 24 46 94 63 77 64 65 40 47 80 40 28 73 76 43 76 51 16 70 70 11 0 61 57 27 52 92 65 87 55 48 65 7 50 53 56 62 79 71 64 67 104 80 109 82 82 100 38 93 25 41 98 94 1 30 75 22 13 36 96 45 19 93 101 72 41 88 60 53 57 85 99 31 55 57 87 82 82 81 85 60 54 9 90 62 36 70 38 57 10 91 39 73 71 78 62 35 70 112 34 17 38 65 79 63 56 26 31 53 59 88 52 66 51 77 74 44 67 37 102 57 68 92 106 27 52 30 20 91 43 34 72 29 96 
67 59 64 36 16 32 67 55 78 54 46 58 84 27 60 73 44 26 33 94 17 51 13 50 47 20 82 72 48 28 52 65 33 46 72 52 59 61 0 89 35 41 32 68 79 47 14 7 58 39 75 84 69 75 11 56 54 80 76 89 66 49 39 70 83 55 67 67 78 62 37 42 53 61 48 72 23 73 47 87 60 35 34 13 95 71 62 69 30 10 15 25 86 54 24 26 93 33 57 38 86 26 77 23 8 61 33 87 27 21 50 96 54 83 94 38 67 46 21 18 27 8 43 38 50 74 80 77 8 76 16 45 67 85 40 82 4 34 57 83 48 87 32 70 50 33 46 63 32 40 
43 70 27 89 73 57 71 72 28 82 75 85 18 73 73 80 76 90 113 6 97 51 83 38 42 101 19 28 62 84 36 50 58 56 36 55 68 57 89 0 60 51 109 35 52 47 82 87 64 51 14 5 30 45 93 45 51 76 45 78 57 73 116 21 57 38 22 80 64 57 79 70 42 71 90 71 87 41 91 65 51 90 97 79 16 22 65 78 72 90 76 108 38 69 95 103 4 59 65 95 10 64 30 70 90 47 103 26 81 84 68 7 91 24 77 84 40 42 77 102 70 89 78 81 42 20 53 12 97 12 103 66 21 17 48 73 86 70 80 78 81 6 74 38 85 55 43 48 71 105 
56 64 33 58 19 24 71 63 60 66 22 71 52 12 32 79 21 29 68 66 50 44 38 27 30 54 50 38 50 49 30 58 27 11 58 49 29 27 35 60 0 31 65 53 71 36 24 38 27 28 50 57 52 65 44 46 48 84 66 90 63 58 73 40 77 23 39 76 76 28 20 50 20 32 34 75 26 38 66 84 54 30 61 32 63 50 64 76 12 32 30 60 71 59 53 58 65 29 26 63 61 9 60 12 33 26 63 53 46 44 55 67 39 63 94 25 32 23 38 53 36 32 22 22 36 52 73 51 41 50 51 50 41 63 17 83 31 42 68 86 28 57 14 35 66 19 19 55 11 68 
27 34 33 39 29 9 41 33 37 40 53 44 52 38 62 49 53 53 62 55 47 13 33 15 8 51 51 44 20 33 16 28 8 38 31 18 58 52 41 51 31 0 58 27 41 6 40 37 55 2 36 45 28 36 43 16 17 53 37 59 32 31 65 36 47 31 31 46 45 53 50 24 32 61 65 44 49 53 44 53 23 58 47 29 61 30 33 46 40 46 26 57 45 30 44 52 55 8 55 45 46 26 36 32 46 45 53 58 30 33 26 58 70 41 63 55 47 15 26 51 19 45 53 52 9 34 42 38 49 38 54 22 31 44 15 52 40 20 40 55 59 51 43 48 41 12 19 25 40 55 
76 58 89 26 45 53 65 53 92 46 78 48 109 59 93 66 76 57 4 114 15 62 28 72 67 12 107 99 53 26 74 72 52 77 83 60 91 92 32 109 65 58 0 81 84 63 46 27 90 58 95 104 84 83 21 68 63 76 84 84 70 47 7 94 87 82 89 60 78 93 69 44 81 93 79 70 55 102 33 88 68 66 17 33 119 89 62 63 62 41 36 7 95 53 14 7 114 50 89 23 104 56 90 54 39 91 9 114 29 25 51 117 86 98 91 70 96 70 32 14 39 39 75 70 67 92 84 97 30 97 19 49 89 102 65 79 36 41 50 78 80 110 64 98 41 57 71 71 64 14 
9 34 34 57 56 36 36 38 11 47 74 50 46 63 79 45 74 79 85 36 71 19 58 26 23 75 45 45 29 54 23 15 35 55 5 21 74 65 68 35 53 27 81 0 21 21 67 64 70 29 22 29 5 13 69 13 17 43 14 46 22 39 87 33 27 40 27 45 31 66 73 38 43 77 88 37 75 58 58 35 16 82 66 55 50 13 30 43 64 73 53 81 18 34 67 75 38 35 71 63 26 51 9 57 73 56 74 54 52 57 34 42 91 16 47 78 53 30 51 76 43 72 75 76 18 14 22 24 76 26 80 33 25 21 35 40 67 40 45 45 80 38 67 53 51 37 34 13 64 74 
14 27 55 58 70 50 24 32 24 41 93 42 65 80 99 30 93 94 88 51 78 28 67 46 41 81 65 66 32 58 43 13 48 75 17 26 95 87 79 52 71 41 84 21 0 35 81 73 91 44 41 47 25 7 77 25 25 24 7 26 13 37 88 54 6 61 48 33 12 87 91 40 64 98 106 21 91 79 54 14 18 99 67 65 68 33 22 30 81 85 64 85 16 30 71 79 54 47 92 62 42 68 22 73 85 77 75 74 57 63 32 57 110 28 26 96 75 49 59 83 51 84 94 94 35 33 1 43 86 45 88 35 46 35 54 21 78 46 38 26 99 57 84 74 46 53 54 16 81 73 
21 31 32 42 35 15 37 32 31 39 58 43 51 44 66 46 58 59 66 51 51 8 38 16 8 55 49 44 19 36 15 22 14 41 25 14 62 55 47 47 36 6 63 21 35 0 46 43 58 8 32 41 22 30 48 10 12 48 31 55 27 30 69 35 41 32 29 43 40 56 56 24 34 65 70 40 55 54 45 48 18 63 50 34 58 26 30 43 45 52 32 61 39 28 48 56 51 14 58 48 41 32 30 38 52 47 56 57 34 37 25 55 75 36 58 60 48 16 31 56 23 51 58 58 5 29 37 34 55 35 59 21 28 39 19 48 46 22 39 51 64 48 49 49 41 17 21 19 46 58 
68 66 56 47 11 31 74 63 77 63 32 67 76 13 46 80 30 14 47 88 31 52 24 45 45 34 73 62 53 38 48 68 33 34 71 55 45 48 14 82 24 40 46 67 81 46 0 20 45 38 70 78 68 76 25 56 56 87 77 95 70 57 53 62 87 47 60 75 82 49 23 48 44 47 34 79 11 62 58 92 62 22 47 20 87 68 67 77 16 7 20 39 85 60 37 40 87 34 43 51 81 18 76 12 9 49 47 78 36 32 56 90 41 81 100 24 56 41 29 32 33 8 29 24 49 71 82 71 18 71 29 51 62 82 34 88 10 40 65 90 34 80 18 59 60 30 39 65 18 53 
62 52 64 28 18 30 60 48 74 46 52 50 84 32 66 65 50 34 29 92 12 46 6 49 45 16 82 73 41 20 51 60 30 49 67 47 64 65 7 87 38 37 27 64 73 43 20 0 63 36 73 82 66 70 6 51 49 73 71 81 60 42 35 69 77 56 66 60 71 66 43 35 55 66 55 65 31 75 39 81 55 42 27 8 95 68 55 62 35 18 11 22 81 47 17 20 91 29 61 31 83 29 73 26 16 63 27 88 19 13 43 95 61 79 88 44 69 45 14 15 22 15 49 44 47 71 74 75 13 75 16 39 66 82 39 75 10 27 49 76 54 86 38 72 43 32 46 58 37 33 
76 89 39 85 45 50 96 88 75 93 16 97 49 31 8 104 18 41 92 70 75 67 64 44 51 78 47 35 75 76 47 80 53 17 75 73 4 7 58 64 27 55 90 70 91 58 45 63 0 52 59 62 68 84 69 67 70 107 84 113 85 84 98 44 97 30 47 101 98 7 25 76 26 7 29 99 40 26 93 105 76 35 88 59 60 63 88 101 28 52 57 84 87 84 79 83 67 56 2 90 68 36 75 36 54 16 89 46 73 71 80 69 28 76 116 28 24 42 65 77 63 53 20 26 56 64 92 59 63 57 74 76 50 73 39 106 54 69 94 110 20 59 26 27 92 44 37 76 26 95 
30 37 32 40 27 7 43 36 39 42 50 46 52 35 59 52 50 50 62 55 46 16 32 14 8 50 50 43 23 33 15 31 6 35 33 21 55 50 39 51 28 2 58 29 44 8 38 36 52 0 36 46 30 38 42 18 19 55 39 62 35 33 65 36 50 29 31 49 48 50 47 26 30 58 62 47 47 51 46 56 26 55 47 28 61 31 36 49 37 44 25 56 47 32 44 51 55 8 52 46 46 24 38 29 44 43 53 57 30 33 28 59 67 43 66 52 45 13 26 51 19 43 50 50 11 35 45 38 48 39 53 24 31 46 12 55 38 21 42 58 56 51 40 46 43 9 17 27 37 55 
31 56 19 74 60 42 58 58 18 68 67 70 24 62 68 67 67 79 99 18 83 36 69 25 28 87 23 27 48 69 22 37 43 47 25 41 63 53 75 14 50 36 95 22 41 32 70 73 59 36 0 9 17 34 79 31 36 65 34 67 44 59 102 14 47 29 11 67 53 53 69 56 33 66 82 59 76 40 76 55 37 80 82 64 28 9 52 65 62 77 62 93 31 55 81 88 19 45 60 80 11 52 20 58 77 42 89 32 66 69 53 22 84 17 68 74 37 28 63 87 55 76 69 71 27 8 42 2 83 4 89 51 9 14 35 62 73 55 66 67 73 17 64 36 71 41 31 34 61 90 
38 64 24 83 68 51 65 67 23 76 72 79 20 69 71 74 73 86 108 9 92 45 78 33 37 96 20 28 57 78 31 44 52 53 31 49 67 56 84 5 57 45 104 29 47 41 78 82 62 46 9 0 24 40 88 39 45 71 40 73 51 68 111 18 52 35 18 75 59 56 76 65 39 70 87 65 83 41 85 60 45 87 91 73 21 17 60 73 69 85 71 102 34 63 90 97 9 54 64 89 6 60 25 66 86 46 98 29 75 79 62 13 89 19 72 81 39 37 72 97 64 85 75 78 36 14 48 7 92 7 98 60 16 13 44 68 81 64 74 73 79 10 71 37 79 50 39 42 68 99 
14 39 30 61 57 37 41 42 9 52 72 55 41 62 76 50 72 79 88 31 74 22 61 25 23 78 40 41 33 57 21 20 36 53 8 26 72 62 69 30 52 28 84 5 25 22 68 66 68 30 17 24 0 18 71 17 21 48 18 51 27 44 90 28 31 37 23 50 36 63 72 42 41 75 86 42 75 54 62 39 21 82 70 57 44 8 35 49 63 74 55 84 19 39 70 78 33 37 68 67 21 51 8 57 74 53 77 49 55 59 38 37 89 13 52 77 49 28 53 79 45 73 74 75 19 9 26 19 78 21 82 37 20 17 35 45 68 43 50 50 79 33 66 49 56 38 33 18 63 78 
8 29 48 57 65 45 27 33 17 43 87 44 58 74 92 35 86 89 87 45 75 24 64 39 34 79 57 59 30 56 36 10 43 68 9 23 88 79 75 45 65 36 83 13 7 30 76 70 84 38 34 40 18 0 74 19 21 31 1 33 14 37 88 46 13 54 41 37 19 80 85 38 57 91 100 26 86 72 55 21 15 93 67 62 61 25 24 34 75 81 60 84 13 31 70 77 47 42 84 62 35 62 15 68 81 70 75 66 55 60 32 51 104 22 34 90 67 42 56 80 48 80 87 87 29 26 8 36 83 38 85 33 38 29 47 28 74 43 40 33 93 50 78 67 47 47 47 12 75 73 
66 55 70 27 24 36 62 50 80 47 57 50 91 37 71 67 55 37 23 98 6 50 10 55 51 9 89 79 45 21 57 64 35 55 72 51 70 71 11 93 44 43 21 69 77 48 25 6 69 42 79 88 71 74 0 56 53 75 75 83 64 44 29 75 81 63 72 61 74 72 48 37 61 71 59 68 34 82 38 84 59 46 24 14 101 74 58 63 40 20 17 16 85 49 13 15 97 34 67 29 89 35 78 32 18 70 22 94 20 14 45 101 65 85 90 49 76 52 18 9 26 18 54 49 52 77 78 81 12 81 11 42 72 88 46 77 15 31 50 78 59 93 43 78 43 38 52 62 42 29 
11 26 37 44 45 25 30 27 24 36 68 39 53 54 75 39 68 69 72 48 58 5 45 23 16 62 51 49 17 41 21 12 23 51 16 9 71 64 56 45 46 16 68 13 25 10 56 51 67 18 31 39 17 19 56 0 5 40 20 45 18 28 74 38 31 39 32 38 30 64 66 25 42 74 81 32 66 60 45 38 8 74 53 43 59 23 23 37 56 61 41 67 30 24 54 61 49 23 68 50 38 42 22 48 61 55 60 60 38 43 22 53 85 30 49 71 54 25 38 63 29 60 69 68 10 25 26 33 64 34 67 20 30 34 29 38 55 26 35 42 74 48 59 55 39 28 30 9 56 61 
13 21 42 40 44 25 25 22 28 31 70 34 58 55 78 34 70 69 68 53 55 3 43 27 19 58 57 54 12 37 25 11 23 54 19 4 74 67 54 51 48 17 63 17 25 12 56 49 70 19 36 45 21 21 53 5 0 36 22 42 15 22 69 43 30 43 37 33 28 68 67 20 45 77 82 28 66 64 40 36 6 74 49 41 64 28 18 32 57 60 39 64 32 18 50 57 54 22 71 45 43 43 26 48 60 59 56 65 35 40 17 58 87 34 46 72 59 28 35 60 27 59 70 69 14 30 26 38 62 40 64 15 35 39 31 35 53 23 30 39 76 53 60 59 34 29 33 9 57 56 
34 21 76 50 76 60 13 25 48 30 106 28 89 89 115 10 105 102 80 76 74 39 67 63 56 76 88 88 34 54 61 28 57 90 40 34 111 104 80 76 84 53 76 43 24 48 87 73 107 55 65 71 48 31 75 40 36 0 31 8 22 31 79 76 21 79 70 16 12 105 102 38 82 114 117 8 98 100 43 16 31 108 59 68 92 56 19 13 91 89 67 79 40 26 66 72 78 55 107 53 66 78 46 82 88 95 67 97 54 61 31 82 122 52 15 106 94 65 59 79 54 87 106 104 50 57 24 67 87 69 85 35 67 60 67 4 81 47 26 2 112 81 95 94 35 64 70 32 92 63 
9 29 48 58 66 46 28 34 17 44 88 45 58 75 93 35 87 90 88 45 76 25 65 40 35 80 58 59 31 57 37 11 44 69 9 24 89 80 76 45 66 37 84 14 7 31 77 71 84 39 34 40 18 1 75 20 22 31 0 33 14 38 89 47 13 54 41 37 19 81 86 39 58 91 101 26 86 72 56 21 16 94 68 63 61 25 24 35 76 82 61 85 12 31 71 78 47 43 85 63 35 63 15 69 82 70 75 67 56 61 33 50 104 21 33 91 68 43 57 81 49 81 88 88 30 26 8 36 84 38 86 34 39 28 48 28 75 44 41 33 94 50 79 67 48 48 48 13 76 74 
38 29 80 58 84 67 21 33 50 38 113 36 91 97 121 18 112 109 88 77 82 46 75 68 62 85 91 92 42 62 66 33 64 96 42 41 117 109 89 78 90 59 84 46 26 55 95 81 113 62 67 73 51 33 83 45 42 8 33 0 27 39 87 79 21 84 74 24 15 110 109 46 87 120 124 16 106 104 51 13 36 115 67 76 94 59 27 21 99 97 75 88 40 34 74 81 80 62 113 61 68 85 48 90 96 101 75 100 62 69 38 83 129 54 7 113 99 71 67 87 61 95 113 111 56 59 25 69 95 71 93 43 71 61 74 7 89 55 34 6 118 83 102 99 43 71 76 37 99 71 
13 14 54 44 59 40 14 19 29 29 86 30 68 70 93 23 85 84 74 57 65 19 54 41 34 68 67 66 19 45 39 7 38 69 20 14 89 82 66 57 63 32 70 22 13 27 70 60 85 35 44 51 27 14 64 18 15 22 14 27 0 23 75 54 17 57 48 23 12 83 83 27 60 92 97 15 81 77 41 21 9 90 54 53 72 35 9 21 72 74 52 72 27 17 58 65 60 36 86 49 47 59 27 64 73 73 62 76 44 50 19 63 102 35 31 87 72 43 46 70 39 72 86 85 29 36 14 46 74 48 75 22 46 42 46 20 67 33 26 24 91 61 76 72 33 44 48 10 73 60 
32 11 62 21 47 34 18 6 50 9 80 13 80 61 91 23 79 72 51 76 43 23 36 46 38 46 79 74 11 23 45 27 31 67 40 18 87 82 49 73 58 31 47 39 37 30 57 42 84 33 59 68 44 37 44 28 22 31 38 39 23 0 51 65 39 62 59 18 31 83 74 8 63 90 89 23 68 84 18 41 24 79 30 37 87 51 15 20 64 58 36 50 50 6 36 43 77 28 84 25 66 51 48 54 57 76 38 87 23 29 5 81 95 55 45 78 78 46 28 48 24 56 79 76 34 53 37 61 55 63 54 9 57 61 45 33 51 17 9 34 85 76 67 79 11 39 50 27 65 36 
82 62 96 30 53 61 68 57 98 49 85 51 117 66 100 69 83 64 6 120 23 68 35 80 74 19 115 106 58 33 81 78 59 84 89 66 99 100 39 116 73 65 7 87 88 69 53 35 98 65 102 111 90 88 29 74 69 79 89 87 75 51 0 101 91 90 96 63 82 101 76 49 89 100 86 73 62 110 36 91 73 73 21 41 126 95 66 66 69 48 43 14 101 58 21 14 121 57 96 26 111 64 96 61 46 98 13 121 35 32 56 124 93 104 94 77 104 77 39 21 46 46 82 77 74 98 89 104 37 104 26 55 96 108 72 82 43 47 53 81 87 117 72 106 44 64 78 77 71 16 
41 64 6 76 54 40 68 65 33 73 54 77 16 52 53 77 55 69 97 27 80 41 66 21 28 84 14 12 53 69 20 47 42 35 37 47 49 38 70 21 40 36 94 33 54 35 62 69 44 36 14 18 28 46 75 38 43 76 47 79 54 65 101 0 60 17 6 76 64 38 58 59 21 51 69 69 66 25 80 68 46 69 83 61 25 21 61 75 51 70 58 91 45 61 80 87 25 44 46 82 23 44 34 50 71 28 89 22 66 68 59 27 70 32 80 63 22 24 61 85 55 70 57 60 30 22 55 14 78 12 85 56 8 28 30 73 67 56 73 78 60 18 53 21 76 37 23 44 50 91 
21 29 62 61 75 56 24 34 29 43 100 42 71 86 106 29 99 100 91 56 82 34 71 53 47 85 71 73 36 62 50 19 54 82 23 31 101 93 83 57 77 47 87 27 6 41 87 77 97 50 47 52 31 13 81 31 30 21 13 21 17 39 91 60 0 68 55 32 10 94 97 44 71 104 112 20 97 85 56 8 24 105 70 70 73 39 24 29 87 91 69 89 19 33 75 82 59 52 98 65 47 74 27 79 90 84 78 80 61 67 36 62 116 33 20 102 81 55 63 87 56 89 100 100 41 39 5 49 91 51 92 39 52 40 60 17 83 50 39 22 106 62 90 80 48 59 60 22 87 75 
47 64 11 68 39 30 69 64 44 71 38 75 29 35 39 78 38 52 86 44 68 41 54 16 24 72 26 16 51 61 18 51 33 18 45 47 35 25 55 38 23 31 82 40 61 32 47 56 30 29 29 35 37 54 63 39 43 79 54 84 57 62 90 17 68 0 17 76 69 26 41 55 4 37 52 72 50 22 75 75 48 52 74 49 40 32 62 75 34 54 46 79 56 60 69 75 42 36 31 74 39 29 44 34 55 16 79 31 57 58 57 44 54 45 87 46 16 16 51 72 46 54 40 43 29 34 63 29 63 28 72 53 20 43 18 78 52 50 71 82 44 34 36 17 72 26 12 47 33 82 
35 58 7 71 51 36 62 59 28 68 55 71 21 51 56 71 56 68 93 27 76 35 62 17 23 80 19 18 47 65 15 41 37 35 31 41 51 41 67 22 39 31 89 27 48 29 60 66 47 31 11 18 23 41 72 32 37 70 41 74 48 59 96 6 55 17 0 70 58 42 58 54 21 54 70 63 65 30 75 63 40 69 78 57 29 16 55 69 51 68 55 87 41 55 75 82 26 39 48 77 22 42 29 48 68 31 84 28 62 64 53 29 72 28 75 63 27 20 57 81 50 67 58 60 24 17 50 12 75 11 82 50 2 26 26 67 64 51 67 72 62 20 53 26 70 33 21 38 50 86 
36 12 75 35 65 51 9 13 53 14 98 12 90 80 108 6 97 90 64 81 59 35 54 59 51 61 89 87 26 40 58 30 48 84 44 29 104 98 67 80 76 46 60 45 33 43 75 60 101 49 67 75 50 37 61 38 33 16 37 24 23 18 63 76 32 76 70 0 22 99 93 26 78 107 107 12 86 97 27 30 30 97 43 55 95 58 15 3 82 77 55 64 49 16 51 57 83 46 101 37 71 69 51 72 75 91 51 98 40 47 20 87 113 59 31 96 92 60 47 64 42 75 97 95 47 60 33 69 73 71 70 25 68 65 61 19 69 35 10 18 103 84 86 92 19 56 65 32 83 47 
23 20 65 52 71 53 13 25 36 33 99 32 77 83 106 18 98 96 82 64 74 31 65 53 47 77 76 76 30 54 51 18 50 82 28 27 102 94 78 64 76 45 78 31 12 40 82 71 98 48 53 59 36 19 74 30 28 12 19 15 12 31 82 64 10 69 58 22 0 95 95 36 72 105 110 10 93 89 46 10 22 102 61 64 80 44 16 19 85 86 63 81 28 25 67 74 66 49 98 55 54 71 34 76 85 85 69 85 53 59 28 70 115 40 18 100 84 56 57 79 50 84 99 97 41 45 12 55 85 57 84 32 56 47 59 9 78 43 29 14 104 69 88 84 38 57 61 21 85 66 
73 87 34 86 47 49 94 87 70 92 22 96 42 35 15 102 24 46 95 63 78 65 66 41 48 81 40 29 74 77 44 77 52 17 71 71 11 1 62 57 28 53 93 66 87 56 49 66 7 50 53 56 63 80 72 64 68 105 81 110 83 83 101 38 94 26 42 99 95 0 31 76 23 13 36 97 46 19 94 101 73 41 89 61 53 58 86 99 32 56 58 88 82 83 82 86 61 55 9 91 62 37 70 39 58 10 92 39 74 72 79 62 35 70 113 34 17 39 66 80 64 57 26 32 54 59 89 53 67 51 78 75 45 67 38 103 58 69 93 107 27 52 31 20 92 44 34 73 30 97 
77 82 52 69 28 42 89 80 81 81 9 86 67 13 24 97 7 15 70 85 54 64 46 47 51 57 65 53 68 60 50 78 45 23 78 68 24 30 37 79 20 50 69 73 91 56 23 43 25 47 69 76 72 85 48 66 67 102 86 109 83 74 76 58 97 41 58 93 95 31 0 66 37 25 14 94 15 48 79 104 74 11 70 41 79 70 82 94 10 28 40 62 92 76 60 63 83 47 23 73 80 24 80 20 30 35 70 67 57 53 72 85 20 83 114 5 44 44 49 55 51 30 6 2 56 73 93 70 40 69 51 67 60 83 38 102 33 57 84 105 11 75 7 47 80 38 39 75 10 76 
32 17 57 19 38 26 25 14 49 16 72 20 75 53 82 31 70 63 48 73 38 19 28 39 32 41 74 68 8 18 39 28 23 59 39 16 79 75 42 70 50 24 44 38 40 24 48 35 76 26 56 65 42 38 37 25 20 38 39 46 27 8 49 59 44 55 54 26 36 76 66 0 56 82 80 30 60 77 21 46 24 70 28 29 83 48 20 28 55 50 28 45 51 12 31 38 74 20 76 24 63 42 47 46 49 69 36 82 17 23 8 78 86 55 52 70 71 39 21 43 15 48 70 68 29 50 41 58 48 59 48 5 53 60 38 40 43 8 17 41 76 72 59 72 17 31 43 27 56 35 
50 65 15 68 37 30 71 65 48 72 33 76 32 32 35 80 34 48 84 48 66 43 53 18 26 71 29 18 52 60 21 54 33 14 48 49 31 22 53 42 20 32 81 43 64 34 44 55 26 30 33 39 41 57 61 42 45 82 58 87 60 63 89 21 71 4 21 78 72 23 37 56 0 34 48 74 46 21 75 78 50 48 74 48 43 36 64 77 31 51 45 77 60 61 68 74 46 36 27 74 43 26 48 31 53 13 78 34 57 57 58 48 50 49 90 42 15 17 50 70 46 52 36 39 31 38 66 33 60 32 70 54 24 47 18 80 50 50 72 85 40 38 32 17 73 25 13 50 29 82 
83 95 47 89 49 55 102 94 82 98 15 103 55 34 2 110 17 40 95 77 77 74 68 51 58 81 53 42 81 80 54 87 58 23 82 79 2 13 61 71 32 61 93 77 98 65 47 66 7 58 66 70 75 91 71 74 77 114 91 120 92 90 100 51 104 37 54 107 105 13 25 82 34 0 25 105 41 32 98 112 83 34 92 63 66 70 94 107 31 53 61 87 94 90 83 86 74 61 6 94 75 40 82 40 55 23 93 52 77 75 86 75 22 83 123 27 30 49 69 79 68 55 19 25 63 72 99 66 65 64 76 82 57 80 46 113 57 74 99 116 17 65 28 33 98 50 44 83 29 99 
91 97 63 82 42 57 104 94 95 96 15 100 77 27 23 112 14 22 80 96 64 78 58 61 65 67 75 63 82 73 64 93 60 34 93 83 26 36 48 90 34 65 79 88 106 70 34 55 29 62 82 87 86 100 59 81 82 117 101 124 97 89 86 69 112 52 70 107 110 36 14 80 48 25 0 108 24 55 92 119 89 13 82 55 88 83 97 108 25 38 54 72 106 91 72 73 94 62 27 86 92 38 94 34 40 44 81 75 71 66 87 96 7 97 128 10 52 58 63 65 65 40 12 12 71 86 107 82 49 81 60 82 73 96 52 117 44 72 98 120 9 86 21 55 94 53 53 90 24 88 
28 13 69 44 68 51 5 17 43 24 98 23 83 81 106 8 97 93 74 71 67 31 59 55 48 69 82 81 26 47 53 22 48 82 34 26 103 96 72 71 75 44 70 37 21 40 79 65 99 47 59 65 42 26 68 32 28 8 26 16 15 23 73 69 20 72 63 12 10 97 94 30 74 105 108 0 90 92 37 18 23 100 53 59 86 50 11 9 83 81 59 73 37 18 59 66 74 46 99 47 61 70 41 74 80 88 61 91 47 53 22 77 114 48 22 98 87 57 51 72 45 79 97 96 43 51 21 61 79 63 78 27 61 55 59 9 73 38 20 11 103 75 87 87 29 56 62 25 84 57 
77 77 60 59 21 40 85 74 84 74 25 78 78 14 40 92 23 3 56 93 40 62 35 52 52 43 76 64 63 50 55 77 42 34 80 66 40 45 23 87 26 49 55 75 91 55 11 31 40 47 76 83 75 86 34 66 66 98 86 106 81 68 62 66 97 50 65 86 93 46 15 60 46 41 24 90 0 61 69 102 72 11 58 32 89 75 78 88 15 14 31 48 94 71 47 49 91 44 38 62 87 24 84 18 16 48 57 79 48 43 67 94 31 88 111 15 56 48 40 41 44 16 21 15 57 78 92 77 25 76 36 62 67 89 41 99 20 51 77 101 25 84 15 59 72 38 45 74 17 63 
66 85 23 90 57 52 90 86 58 93 41 97 24 48 34 99 42 62 105 46 87 62 74 38 46 91 22 13 73 82 39 71 55 27 62 68 30 19 73 41 38 53 102 58 79 54 62 75 26 51 40 41 54 72 82 60 64 100 72 104 77 84 110 25 85 22 30 97 89 19 48 77 21 32 55 92 61 0 97 93 68 59 96 69 34 47 83 97 46 70 66 98 71 82 89 95 43 58 28 96 47 46 59 50 71 12 99 20 79 79 79 44 54 58 106 52 6 38 72 91 68 70 44 49 50 48 80 39 80 37 90 75 33 53 40 98 69 72 93 102 46 35 46 5 94 47 34 67 44 104 
50 27 77 10 50 45 32 22 68 13 86 15 96 66 98 33 84 72 37 94 35 40 34 60 52 36 95 89 28 19 60 45 42 77 58 36 96 93 47 91 66 44 33 58 54 45 58 39 93 46 76 85 62 55 38 45 40 43 56 51 41 18 36 80 56 75 75 27 46 94 79 21 75 98 92 37 69 97 0 56 42 81 16 37 104 68 32 30 69 57 38 37 68 24 26 31 95 39 92 10 84 58 66 59 55 88 24 103 21 26 24 99 99 74 58 81 90 59 29 38 30 55 84 80 50 71 55 79 50 80 45 25 74 79 57 46 49 25 17 45 90 93 72 92 8 50 62 46 70 20 
28 30 70 62 80 62 23 35 37 42 106 41 79 92 113 25 106 106 92 64 84 40 75 60 54 87 79 81 39 64 57 25 59 89 31 36 109 101 87 65 84 53 88 35 14 48 92 81 105 56 55 60 39 21 84 38 36 16 21 13 21 41 91 68 8 75 63 30 10 101 104 46 78 112 119 18 102 93 56 0 30 111 71 74 81 47 26 27 93 95 73 91 27 35 77 84 67 58 105 65 55 80 35 85 94 91 79 88 63 69 38 70 123 41 12 108 89 63 67 89 60 93 107 106 48 47 13 57 95 59 94 42 60 48 67 12 88 53 38 16 112 70 97 89 47 65 68 29 94 76 
8 18 45 43 51 32 22 21 26 31 77 34 60 62 84 31 76 76 72 52 60 10 49 32 25 64 59 57 15 41 30 5 29 60 16 8 80 72 60 51 54 23 68 16 18 18 62 55 76 26 37 45 21 15 59 8 6 31 16 36 9 24 73 46 24 48 40 30 22 73 74 24 50 83 89 23 72 68 42 30 0 81 52 47 65 28 15 29 63 67 45 69 27 18 55 62 54 28 76 48 42 50 24 55 66 64 60 68 40 45 18 58 93 31 40 78 63 34 41 65 33 65 77 76 19 30 19 39 68 41 70 18 38 37 37 30 60 28 29 34 82 54 67 63 35 35 39 3 64 59 
85 87 63 70 31 49 95 84 90 85 19 90 79 19 32 102 17 9 67 96 51 71 46 57 59 54 76 64 73 61 60 86 51 34 87 75 33 41 35 90 30 58 66 82 99 63 22 42 35 55 80 87 82 93 46 74 74 108 94 115 90 79 73 69 105 52 69 97 102 41 11 70 48 34 13 100 11 59 81 111 81 0 69 43 90 80 88 99 18 25 43 59 101 82 59 60 94 53 33 73 91 31 90 26 27 47 68 78 59 55 77 96 20 93 120 7 55 53 51 52 55 27 15 9 65 83 101 81 36 80 47 72 71 93 47 108 31 62 88 111 16 86 16 58 83 46 49 83 19 75 
61 41 79 9 43 44 48 36 77 29 78 31 99 58 92 49 76 61 21 101 19 47 24 62 55 20 97 90 37 13 63 56 42 72 68 45 90 88 34 97 61 47 17 66 67 50 47 27 88 47 82 91 70 67 24 53 49 59 68 67 54 30 21 83 70 74 78 43 61 89 70 28 74 92 82 53 58 96 16 71 52 69 0 29 108 75 45 46 61 44 31 21 80 37 10 14 101 39 87 6 91 52 76 52 42 85 8 105 17 17 35 105 89 83 74 72 89 60 23 22 28 42 75 71 55 78 68 84 36 85 29 34 78 88 56 62 37 27 33 61 81 98 64 91 24 48 62 56 63 8 
54 47 56 27 14 21 55 43 66 42 49 46 77 29 63 60 47 35 36 83 19 38 5 40 36 23 74 65 34 18 42 52 21 44 59 39 61 60 13 79 32 29 33 55 65 34 20 8 59 28 64 73 57 62 14 43 41 68 63 76 53 37 41 61 70 49 57 55 64 61 41 29 48 63 55 59 32 69 37 74 47 43 29 0 87 60 49 57 32 21 2 29 73 41 20 26 83 20 58 31 75 23 65 23 20 57 31 81 16 12 37 86 61 71 81 44 63 37 8 23 14 19 47 43 38 63 66 66 21 66 25 32 58 74 31 69 13 21 45 70 52 78 35 65 40 24 38 50 34 36 
59 84 30 100 79 65 86 86 44 96 73 99 11 75 68 95 74 92 123 18 106 63 91 46 52 110 13 25 76 94 45 65 67 56 52 69 64 53 95 16 63 61 119 50 68 58 87 95 60 61 28 21 44 61 101 59 64 92 61 94 72 87 126 25 73 40 29 95 80 53 79 83 43 66 88 86 89 34 104 81 65 90 108 87 0 37 80 93 74 94 84 116 54 83 105 112 15 69 62 106 26 69 46 74 95 44 114 14 91 94 81 13 88 40 93 83 36 49 87 110 80 95 76 80 53 35 69 25 103 24 111 79 30 33 55 89 92 81 94 94 79 11 75 33 98 63 49 62 73 116 
22 47 24 67 57 38 49 50 12 59 69 62 33 61 71 58 69 78 92 25 77 28 63 23 23 81 32 34 40 62 20 28 38 49 16 32 67 57 71 22 50 30 89 13 33 26 68 68 63 31 9 17 8 25 74 23 28 56 25 59 35 51 95 21 39 32 16 58 44 58 70 48 36 70 83 50 75 47 68 47 28 80 75 60 37 0 43 56 61 74 57 87 24 46 74 82 26 39 64 72 15 51 12 57 74 47 82 41 60 63 45 30 86 13 59 75 43 27 57 82 49 73 71 72 21 3 34 11 79 13 85 43 13 14 34 53 69 48 57 58 75 25 64 42 62 38 30 25 61 83 
21 5 60 36 57 40 7 9 39 19 87 20 75 70 95 16 86 82 66 67 58 21 49 45 37 61 74 72 15 38 43 15 37 71 29 15 92 85 62 65 64 33 62 30 22 30 67 55 88 36 52 60 35 24 58 23 18 19 24 27 9 15 66 61 24 62 55 15 16 86 82 20 64 94 97 11 78 83 32 26 15 88 45 49 80 43 0 14 72 70 48 65 36 9 51 58 69 35 88 40 56 58 37 62 69 77 53 83 37 43 12 72 102 44 32 86 77 46 41 63 34 68 86 84 32 45 22 54 69 56 68 16 53 51 48 20 63 28 16 22 92 69 75 78 24 45 51 17 72 51 
34 12 74 37 67 52 7 14 51 17 99 15 89 81 108 3 97 92 67 79 62 34 56 59 51 64 88 86 26 42 57 28 49 84 42 28 105 99 69 78 76 46 63 43 30 43 77 62 101 49 65 73 49 34 63 37 32 13 35 21 21 20 66 75 29 75 69 3 19 99 94 28 77 107 108 9 88 97 30 27 29 99 46 57 93 56 14 0 83 78 56 67 46 17 53 60 81 46 101 40 69 70 49 73 77 91 54 97 42 49 21 85 114 56 28 97 91 60 48 66 43 76 98 96 46 58 30 68 75 69 73 26 67 63 61 16 71 36 13 15 104 82 87 92 22 57 65 31 84 50 
67 71 45 59 18 31 79 69 72 71 17 76 63 3 31 86 15 17 64 78 46 53 37 38 41 50 61 49 57 50 41 68 34 19 69 58 29 31 30 72 12 40 62 64 81 45 16 35 28 37 62 69 63 75 40 56 57 91 76 99 72 64 69 51 87 34 51 82 85 32 10 55 31 31 25 83 15 46 69 93 63 18 61 32 74 61 72 83 0 23 30 56 82 66 52 55 76 36 27 63 73 13 71 9 25 34 62 64 47 44 62 79 30 75 103 15 41 34 39 48 40 25 15 12 46 64 83 63 34 62 45 57 53 75 28 91 25 47 73 94 21 69 3 44 70 28 31 65 2 68 
72 68 64 46 17 37 76 64 83 63 38 67 83 21 53 82 36 16 42 95 26 57 23 52 51 29 81 70 55 38 55 72 38 42 77 59 52 55 10 90 32 46 41 73 85 52 7 18 52 44 77 85 74 81 20 61 60 89 82 97 74 58 48 70 91 54 68 77 86 56 28 50 51 53 38 81 14 70 57 95 67 25 44 21 94 74 70 78 23 0 22 34 91 62 34 35 94 38 50 49 88 25 82 20 2 57 43 85 36 31 58 97 45 87 103 29 64 48 30 27 35 2 34 29 55 77 87 78 11 78 22 54 69 88 41 90 7 42 66 92 39 88 25 67 60 36 46 69 26 50 
52 46 53 28 12 19 54 42 64 42 48 47 74 27 61 60 46 35 39 81 21 36 8 38 34 26 72 62 33 19 39 50 18 41 57 37 59 57 15 76 30 26 36 53 64 32 20 11 57 25 62 71 55 60 17 41 39 67 61 75 52 36 43 58 69 46 55 55 63 58 40 28 45 61 54 59 31 66 38 73 45 43 31 2 84 57 48 56 30 22 0 32 71 40 23 29 80 18 56 33 72 21 62 21 21 55 33 78 17 14 36 84 60 68 80 43 60 34 8 26 13 20 45 42 36 60 65 64 23 64 27 31 55 71 29 68 14 20 45 70 51 75 34 62 40 21 35 48 32 38 
77 61 86 29 40 51 68 56 92 49 72 52 106 53 86 70 69 50 8 112 10 62 24 70 65 6 104 95 54 27 71 73 50 72 83 61 85 87 25 108 60 57 7 81 85 61 39 22 84 56 93 102 84 84 16 67 64 79 85 88 72 50 14 91 89 79 87 64 81 88 62 45 77 87 72 73 48 98 37 91 69 59 21 29 116 87 65 67 56 34 32 0 96 56 14 7 112 48 83 27 103 51 90 48 32 86 14 110 29 24 53 115 79 97 94 63 92 67 30 7 38 32 68 63 66 90 86 95 23 95 12 50 87 101 61 82 30 41 53 82 73 107 58 94 45 53 67 72 58 21 
19 41 48 70 74 54 39 46 12 56 92 57 54 81 96 46 92 97 99 37 87 35 75 44 41 91 54 58 42 69 41 23 53 73 14 35 91 82 86 38 71 45 95 18 16 39 85 81 87 47 31 34 19 13 85 30 32 40 12 40 27 50 101 45 19 56 41 49 28 82 92 51 60 94 106 37 94 71 68 27 27 101 80 73 54 24 36 46 82 91 71 96 0 44 82 90 40 53 88 75 28 70 12 76 91 72 87 62 67 72 45 43 109 14 39 97 68 48 67 92 59 90 93 94 36 23 16 32 94 34 97 46 38 21 54 36 85 55 53 41 98 44 85 67 60 56 52 24 82 86 
26 5 60 27 50 35 13 4 44 13 81 15 77 63 91 20 80 75 57 71 49 20 40 44 36 52 75 72 9 29 43 21 32 67 34 14 88 82 54 69 59 30 53 34 30 28 60 47 84 32 55 63 39 31 49 24 18 26 31 34 17 6 58 61 33 60 55 16 25 83 76 12 61 90 91 18 71 82 24 35 18 82 37 41 83 46 9 17 66 62 40 56 44 0 42 49 72 29 84 31 61 53 42 56 61 75 45 84 28 34 4 76 97 50 40 80 76 44 33 54 27 60 81 78 32 48 31 57 60 58 59 9 54 56 45 28 55 20 11 29 86 72 69 77 16 40 49 22 67 43 
63 47 75 16 34 39 54 42 78 36 69 39 96 49 83 57 67 50 18 99 9 48 15 58 53 10 94 85 40 13 60 59 38 65 70 47 81 81 24 95 53 44 14 67 71 48 37 17 79 44 81 90 70 70 13 54 50 66 71 74 58 36 21 80 75 69 75 51 67 82 60 31 68 83 72 59 47 89 26 77 55 59 10 20 105 74 51 53 52 34 23 14 82 42 0 7 100 36 78 16 90 44 76 43 32 78 10 100 15 11 39 103 78 84 81 61 83 56 18 13 25 31 66 61 53 77 72 83 25 83 19 36 75 88 51 68 27 27 40 68 71 96 55 85 32 43 57 58 54 16 
70 54 82 22 38 46 61 49 86 42 72 45 102 52 86 63 70 51 10 107 9 55 21 65 60 6 100 91 47 20 67 67 45 70 77 54 85 85 26 103 58 52 7 75 79 56 40 20 83 51 88 97 78 77 15 61 57 72 78 81 65 43 14 87 82 75 82 57 74 86 63 38 74 86 73 66 49 95 31 84 62 60 14 26 112 82 58 60 55 35 29 7 90 49 7 0 107 43 82 20 97 49 84 47 33 84 8 107 22 18 46 110 80 91 87 64 89 63 25 9 33 33 69 64 61 85 79 90 25 90 16 44 82 95 57 75 30 34 46 75 74 103 58 91 38 49 64 66 57 15 
47 73 31 93 78 61 74 76 30 85 79 88 20 77 76 82 80 94 118 3 102 55 87 42 47 106 21 32 66 88 40 53 62 60 39 59 72 60 93 4 65 55 114 38 54 51 87 91 67 55 19 9 33 47 97 49 54 78 47 80 60 77 121 25 59 42 26 83 66 61 83 74 46 74 94 74 91 43 95 67 54 94 101 83 15 26 69 81 76 94 80 112 40 72 100 107 0 64 69 99 12 69 32 75 95 50 108 27 85 88 71 3 94 26 79 88 43 46 82 106 74 94 82 85 46 24 55 17 101 16 108 70 25 19 53 75 90 74 84 80 85 8 78 41 89 59 47 51 75 109 
34 35 40 32 22 6 42 33 45 37 52 41 60 34 62 50 51 47 53 64 38 18 24 23 17 42 58 51 20 25 24 33 3 39 39 21 59 54 33 59 29 8 50 35 47 14 34 29 56 8 45 54 37 42 34 23 22 55 43 62 36 28 57 44 52 36 39 46 49 55 47 20 36 61 62 46 44 58 39 58 28 53 39 20 69 39 35 46 36 38 18 48 53 29 36 43 64 0 55 38 55 23 44 27 38 49 44 65 22 24 25 67 67 50 67 51 51 21 17 42 10 37 51 49 18 42 48 47 41 47 45 20 39 53 18 55 32 14 38 57 57 60 40 53 37 11 23 31 37 47 
77 89 41 84 44 49 96 88 76 92 14 97 51 30 7 104 16 39 91 72 73 67 63 45 51 77 49 37 75 75 48 80 52 17 76 73 3 9 57 65 26 55 89 71 92 58 43 61 2 52 60 64 68 84 67 68 71 107 85 113 86 84 96 46 98 31 48 101 98 9 23 76 27 6 27 99 38 28 92 105 76 33 87 58 62 64 88 101 27 50 56 83 88 84 78 82 69 55 0 89 70 35 76 35 52 18 88 48 72 70 80 70 26 77 117 26 26 42 64 75 62 52 18 24 57 66 93 60 61 58 72 75 51 74 39 106 53 68 93 110 18 61 25 29 92 44 37 77 25 94 
57 35 78 5 45 43 42 30 74 23 81 25 98 61 94 43 79 65 27 98 25 44 27 61 54 26 96 89 33 14 61 52 41 74 64 41 92 90 38 95 63 45 23 63 62 48 51 31 90 46 80 89 67 62 29 50 45 53 63 61 49 25 26 82 65 74 77 37 55 91 73 24 74 94 86 47 62 96 10 65 48 73 6 31 106 72 40 40 63 49 33 27 75 31 16 20 99 38 89 0 88 54 72 54 47 86 14 104 17 19 30 102 92 79 68 75 89 59 25 28 28 47 78 74 53 75 63 82 41 83 35 30 76 85 56 56 42 25 27 55 84 96 67 91 18 48 62 52 65 11 
34 61 29 82 71 53 62 64 18 74 77 76 26 73 77 70 78 90 108 10 93 43 79 35 38 97 27 34 55 78 33 41 53 58 27 47 73 62 86 10 61 46 104 26 42 41 81 83 68 46 11 6 21 35 89 38 43 66 35 68 47 66 111 23 47 39 22 71 54 62 80 63 43 75 92 61 87 47 84 55 42 91 91 75 26 15 56 69 73 88 72 103 28 61 90 97 12 55 70 88 0 63 20 69 88 51 98 35 75 79 60 15 94 14 67 85 45 39 72 98 64 87 80 82 36 12 43 10 94 11 100 58 20 7 46 63 83 63 72 68 84 15 75 43 77 52 42 39 72 99 
54 58 38 49 10 18 65 56 60 59 29 63 58 11 40 73 27 27 59 70 41 40 28 28 28 45 56 45 44 40 31 55 21 20 56 44 38 36 26 64 9 26 56 51 68 32 18 29 36 24 52 60 51 62 35 42 43 78 63 85 59 51 64 44 74 29 42 69 71 37 24 42 26 40 38 70 24 46 58 80 50 31 52 23 69 51 58 70 13 25 21 51 70 53 44 49 69 23 35 54 63 0 60 6 26 34 54 60 37 35 48 72 44 64 90 28 40 24 29 44 28 25 28 26 33 54 69 53 34 53 43 43 44 65 17 78 23 34 60 81 33 62 16 43 58 14 21 51 14 59 
15 41 36 66 65 45 42 45 2 55 80 57 44 71 84 50 80 87 94 30 81 28 68 33 31 85 43 46 38 63 30 21 44 61 7 30 79 70 77 30 60 36 90 9 22 30 76 73 75 38 20 25 8 15 78 22 26 46 15 48 27 48 96 34 27 44 29 51 34 70 80 47 48 82 94 41 84 59 66 35 24 90 76 65 46 12 37 49 71 82 62 90 12 42 76 84 32 44 76 72 20 60 0 65 82 60 83 52 61 66 42 36 97 7 48 86 56 37 60 86 52 81 82 83 27 12 23 21 85 24 89 42 26 14 43 43 76 49 53 48 87 35 74 55 59 46 41 20 71 83 
59 62 44 50 9 23 70 59 66 61 26 66 63 7 40 77 25 21 56 76 38 45 28 34 34 42 61 50 48 40 37 60 25 23 62 49 38 38 23 70 12 32 54 57 73 38 12 26 36 29 58 66 57 68 32 48 48 82 69 90 64 54 61 50 79 34 48 72 76 39 20 46 31 40 34 74 18 50 59 85 55 26 52 23 74 57 62 73 9 20 21 48 76 56 43 47 75 27 35 54 69 6 65 0 21 38 53 65 38 35 52 77 40 70 94 24 44 30 29 41 30 20 25 22 39 60 75 59 29 59 39 47 50 71 23 82 19 37 63 85 30 68 13 47 60 20 27 57 11 59 
72 67 65 45 17 37 75 63 83 62 40 66 84 23 55 81 38 18 40 96 24 56 21 52 51 27 82 71 55 36 55 71 38 43 77 59 54 57 8 90 33 46 39 73 85 52 9 16 54 44 77 86 74 81 18 61 60 88 82 96 73 57 46 71 90 55 68 75 85 58 30 49 53 55 40 80 16 71 55 94 66 27 42 20 95 74 69 77 25 2 21 32 91 61 32 33 95 38 52 47 88 26 82 21 0 58 41 87 35 29 57 98 47 87 102 31 65 49 28 25 34 1 36 31 55 78 86 79 9 79 20 53 69 89 42 89 6 41 65 91 41 89 27 68 59 36 47 69 27 48 
63 79 23 80 45 43 85 79 59 85 29 89 33 36 25 94 30 50 93 53 76 56 63 32 39 80 31 19 66 72 34 67 46 14 61 62 21 10 61 47 26 45 91 56 77 47 49 63 16 43 42 46 53 70 70 55 59 95 70 101 73 76 98 28 84 16 31 91 85 10 35 69 13 23 44 88 48 12 88 91 64 47 85 57 44 47 77 91 34 57 55 86 72 75 78 84 50 49 18 86 51 34 60 38 58 0 88 31 69 68 72 52 44 60 103 40 8 31 61 79 58 58 32 37 44 49 79 42 67 40 77 67 34 56 31 94 57 63 85 98 35 42 33 11 86 38 26 63 32 93 
68 49 84 17 44 49 56 44 85 37 79 39 105 59 93 57 77 59 13 107 16 54 25 67 61 15 103 95 45 19 68 64 47 75 76 52 91 91 33 103 63 53 9 74 75 56 47 27 89 53 89 98 77 75 22 60 56 67 75 75 62 38 13 89 78 79 84 51 69 92 70 36 78 93 81 61 57 99 24 79 60 68 8 31 114 82 53 54 62 43 33 14 87 45 10 8 108 44 88 14 98 54 83 53 41 88 0 110 22 20 43 111 88 90 82 71 93 65 27 18 34 41 76 71 61 85 76 91 33 91 25 41 84 95 60 70 37 34 41 69 81 104 65 95 32 52 67 63 64 7 
63 86 25 98 71 61 90 88 50 96 60 100 8 65 54 99 62 80 117 31 100 64 86 42 50 104 9 15 76 91 42 69 63 44 57 70 50 39 87 26 53 58 114 54 74 57 78 88 46 57 32 29 49 66 94 60 65 97 67 100 76 87 121 22 80 31 28 98 85 39 67 82 34 52 75 91 79 20 103 88 68 78 105 81 14 41 83 97 64 85 78 110 62 84 100 107 27 65 48 104 35 60 52 65 87 31 110 0 88 89 82 27 74 48 100 71 23 44 82 104 76 86 64 68 52 40 75 30 95 28 103 78 30 42 49 94 84 78 95 99 66 20 64 19 98 57 43 66 62 113 
48 34 62 12 29 27 42 29 63 27 65 31 82 44 77 46 63 51 33 85 21 33 13 45 39 24 80 73 25 3 46 44 25 57 54 32 75 73 27 81 46 30 29 52 57 34 36 19 73 30 66 75 55 55 20 38 35 54 56 62 44 23 35 66 61 57 62 40 53 74 57 17 57 77 71 47 48 79 21 63 40 59 17 16 91 60 37 42 47 36 17 29 67 28 15 22 85 22 72 17 75 37 61 38 35 69 22 88 0 6 25 89 77 68 69 60 73 43 8 26 11 34 62 59 38 63 58 68 32 69 31 22 61 73 39 56 29 12 30 57 68 82 51 74 24 31 45 43 49 25 
53 40 64 15 26 28 48 36 68 33 61 37 84 41 75 52 60 46 29 88 15 37 8 47 41 18 82 74 31 7 48 50 26 55 59 37 73 71 21 84 44 33 25 57 63 37 32 13 71 33 69 79 59 60 14 43 40 61 61 69 50 29 32 68 67 58 64 47 59 72 53 23 57 75 66 53 43 79 26 69 45 55 17 12 94 63 43 49 44 31 14 24 72 34 11 18 88 24 70 19 79 35 66 35 29 68 20 89 6 0 31 92 73 73 75 56 73 45 7 20 14 29 59 55 42 66 64 71 26 72 25 28 64 77 40 62 23 17 36 63 65 84 47 75 29 32 46 48 46 24 
27 10 57 25 46 31 18 7 44 14 77 18 75 59 87 24 76 71 55 70 46 17 37 41 33 49 73 69 6 26 40 21 28 63 34 12 84 78 50 68 55 26 51 34 32 25 56 43 80 28 53 62 38 32 45 22 17 31 33 38 19 5 56 59 36 57 53 20 28 79 72 8 58 86 87 22 67 79 24 38 18 77 35 37 81 45 12 21 62 58 36 53 45 4 39 46 71 25 80 30 60 48 42 52 57 72 43 82 25 31 0 75 92 50 44 76 73 41 29 51 23 56 76 74 29 47 33 55 56 57 56 5 52 55 41 32 51 16 14 33 82 70 65 74 17 36 45 22 63 41 
50 76 33 97 81 64 78 80 33 89 81 92 20 80 77 86 82 96 121 6 105 58 91 46 50 109 22 33 70 91 44 57 65 62 43 62 73 62 96 7 67 58 117 42 57 55 90 95 69 59 22 13 37 51 101 53 58 82 50 83 63 81 124 27 62 44 29 87 70 62 85 78 48 75 96 77 94 44 99 70 58 96 105 86 13 30 72 85 79 97 84 115 43 76 103 110 3 67 70 102 15 72 36 77 98 52 111 27 89 92 75 0 96 29 82 90 44 49 85 110 77 97 84 87 50 27 58 20 104 20 111 73 28 22 56 78 93 77 87 83 87 10 80 42 92 63 50 55 78 113 
95 102 65 88 48 62 109 100 97 102 17 106 77 33 20 117 17 29 87 97 71 83 65 65 69 74 75 63 88 79 68 97 65 36 96 88 24 35 54 91 39 70 86 91 110 75 41 61 28 67 84 89 89 104 65 85 87 122 104 129 102 95 93 70 116 54 72 113 115 35 20 86 50 22 7 114 31 54 99 123 93 20 89 61 88 86 102 114 30 45 60 79 109 97 78 80 94 67 26 92 94 44 97 40 47 44 88 74 77 73 92 96 0 99 133 17 52 61 69 72 71 47 16 18 75 88 112 84 56 82 67 87 74 98 56 122 51 78 104 125 10 86 27 55 100 57 56 94 29 94 
23 49 36 74 70 50 49 53 5 63 83 65 39 74 84 57 83 91 102 23 88 35 74 36 36 91 39 44 46 71 33 29 50 63 15 38 80 70 83 24 63 41 98 16 28 36 81 79 76 43 17 19 13 22 85 30 34 52 21 54 35 55 104 32 33 45 28 59 40 70 83 55 49 83 97 48 88 58 74 41 31 93 83 71 40 13 44 56 75 87 68 97 14 50 84 91 26 50 77 79 14 64 7 70 87 60 90 48 68 73 50 29 99 0 53 89 55 40 67 93 59 86 84 86 32 11 29 18 91 20 96 49 25 7 47 49 81 56 60 54 89 29 77 53 67 51 44 28 74 90 
40 35 82 65 89 71 27 39 49 45 117 43 92 101 124 25 116 114 95 76 89 50 81 71 65 91 91 93 47 69 69 36 69 100 43 45 120 112 94 77 94 63 91 47 26 58 100 88 116 66 68 72 52 34 90 49 46 15 33 7 31 45 94 80 20 87 75 31 18 113 114 52 90 123 128 22 111 106 58 12 40 120 74 81 93 59 32 28 103 103 80 94 39 40 81 87 79 67 117 68 67 90 48 94 102 103 82 100 69 75 44 82 133 53 0 118 101 74 73 94 67 101 117 116 59 59 25 69 101 72 100 49 72 60 77 12 95 60 41 13 123 82 107 101 50 75 79 40 104 78 
81 86 57 71 31 46 94 83 86 85 12 89 72 16 26 101 10 13 71 90 55 68 48 52 55 58 70 58 72 62 55 83 49 28 83 73 26 34 38 84 25 55 70 78 96 60 24 44 28 52 74 81 77 90 49 71 72 106 91 113 87 78 77 63 102 46 63 96 100 34 5 70 42 27 10 98 15 52 81 108 78 7 72 44 83 75 86 97 15 29 43 63 97 80 61 64 88 51 26 75 85 28 86 24 31 40 71 71 60 56 76 90 17 89 118 0 48 49 52 56 54 31 7 3 61 78 97 75 40 74 51 71 65 88 42 106 34 61 87 109 10 80 11 51 83 43 44 80 14 78 
61 79 19 84 51 46 85 80 55 87 37 91 25 43 32 94 39 58 99 46 81 56 68 32 40 85 23 11 67 76 33 66 48 22 58 62 28 17 67 40 32 47 96 53 75 48 56 69 24 45 37 39 49 67 76 54 59 94 68 99 72 78 104 22 81 16 27 92 84 17 44 71 15 30 52 87 56 6 90 89 63 55 89 63 36 43 77 91 41 64 60 92 68 76 83 89 43 51 26 89 45 40 56 44 65 8 93 23 73 73 73 44 52 55 101 48 0 32 66 85 61 65 41 45 44 44 76 37 74 35 84 69 29 51 33 93 63 65 87 97 43 35 41 3 88 41 28 62 39 97 
34 48 19 53 31 16 54 48 37 55 44 59 39 34 50 63 44 51 73 47 56 25 42 4 8 60 37 30 35 46 7 37 18 26 34 31 46 38 46 42 23 15 70 30 49 16 41 45 42 13 28 37 28 42 52 25 28 65 43 71 43 46 77 24 55 16 20 60 56 39 44 39 17 49 58 57 48 38 59 63 34 53 60 37 49 27 46 60 34 48 34 67 48 44 56 63 46 21 42 59 39 24 37 30 49 31 65 44 43 45 41 49 61 40 74 49 32 0 37 61 31 48 45 46 14 30 50 30 55 30 62 37 21 41 7 64 44 34 55 68 50 41 37 33 56 13 5 34 34 68 
48 38 57 20 21 21 46 34 62 33 56 38 77 36 69 52 55 44 36 81 20 32 8 40 34 24 75 67 27 11 41 46 19 49 54 33 67 65 21 77 38 26 32 51 59 31 29 14 65 26 63 72 53 56 18 38 35 59 57 67 46 28 39 61 63 51 57 47 57 66 49 21 50 69 63 51 40 72 29 67 41 51 23 8 87 57 41 48 39 30 8 30 67 33 18 25 82 17 64 25 72 29 60 29 28 61 27 82 8 7 29 85 69 67 73 52 66 37 0 25 8 28 54 51 35 60 60 65 27 65 29 25 57 71 33 61 22 13 36 62 60 77 43 68 31 25 39 44 41 31 
73 59 79 29 33 45 67 54 87 49 64 52 100 45 79 70 62 43 15 106 5 57 18 64 59 2 98 88 51 25 66 70 44 64 79 57 78 79 18 102 53 51 14 76 83 56 32 15 77 51 87 97 79 80 9 63 60 79 81 87 70 48 21 85 87 72 81 64 79 80 55 43 70 79 65 72 41 91 38 89 65 52 22 23 110 82 63 66 48 27 26 7 92 54 13 9 106 42 75 28 98 44 86 41 25 79 18 104 26 20 51 110 72 93 94 56 85 61 25 0 33 25 61 56 61 85 84 89 16 90 7 48 81 96 55 81 22 37 53 81 66 102 51 87 45 47 61 69 50 25 
40 33 51 22 23 15 41 29 54 30 57 35 71 38 69 47 55 48 43 74 28 24 16 33 27 32 69 61 20 14 34 38 13 47 46 25 66 63 27 70 36 19 39 43 51 23 33 22 63 19 55 64 45 48 26 29 27 54 49 61 39 24 46 55 56 46 50 42 50 64 51 15 46 68 65 45 44 68 30 60 33 55 28 14 80 49 34 43 40 35 13 38 59 27 25 33 74 10 62 28 64 28 52 30 34 58 34 76 11 14 23 77 71 59 67 54 61 31 8 33 0 34 55 53 28 52 52 57 35 58 37 18 50 63 28 55 28 7 33 56 61 70 44 63 29 20 34 36 42 36 
71 66 64 44 16 36 74 62 82 61 40 65 84 22 54 80 37 18 40 95 24 55 21 51 50 27 81 70 54 36 54 70 37 43 76 58 54 56 8 89 32 45 39 72 84 51 8 15 53 43 76 85 73 80 18 60 59 87 81 95 72 56 46 70 89 54 67 75 84 57 30 48 52 55 40 79 16 70 55 93 65 27 42 19 95 73 68 76 25 2 20 32 90 60 31 33 94 37 52 47 87 25 81 20 1 58 41 86 34 29 56 97 47 86 101 31 65 48 28 25 34 0 36 31 54 77 85 78 9 78 20 52 68 88 41 89 5 40 64 90 41 88 26 67 58 35 46 68 27 47 
79 86 51 74 33 46 93 84 82 86 4 91 65 18 18 101 2 21 76 84 60 67 51 49 53 63 63 51 72 65 52 81 49 22 80 72 19 26 43 78 22 53 75 75 94 58 29 49 20 50 69 75 74 87 54 69 70 106 88 113 86 79 82 57 100 40 58 97 99 26 6 70 36 19 12 97 21 44 84 107 77 15 75 47 76 71 86 98 15 34 45 68 93 81 66 69 82 51 18 78 80 28 82 25 36 32 76 64 62 59 76 84 16 84 117 7 41 45 54 61 55 36 0 5 58 73 95 70 46 68 57 71 60 83 40 106 39 62 88 109 5 74 11 44 85 41 41 78 13 82 
79 84 54 70 29 44 92 82 83 83 10 88 69 15 24 99 7 15 71 87 55 66 47 49 53 58 67 55 70 61 53 81 47 25 80 70 25 31 38 81 22 52 70 76 94 58 24 44 26 50 71 78 75 87 49 68 69 104 88 111 85 76 77 60 100 43 60 95 97 32 2 68 39 25 12 96 15 49 80 106 76 9 71 43 80 72 84 96 12 29 42 63 94 78 61 64 85 49 24 74 82 26 83 22 31 37 71 68 59 55 74 87 18 86 116 3 45 46 51 56 53 31 5 0 58 75 95 72 40 71 51 69 62 85 40 104 34 59 85 107 10 77 9 48 82 40 42 77 12 77 
20 35 28 47 38 18 40 36 28 43 58 47 46 45 64 49 57 61 71 46 56 12 42 12 5 60 44 40 23 41 11 23 17 40 22 18 60 53 50 42 36 9 67 18 35 5 49 47 56 11 27 36 19 29 52 10 14 50 30 56 29 34 74 30 41 29 24 47 41 54 56 29 31 63 71 43 57 50 50 48 19 65 55 38 53 21 32 46 46 55 36 66 36 32 53 61 46 18 57 53 36 33 27 39 55 44 61 52 38 42 29 50 75 32 59 61 44 14 35 61 28 54 58 58 0 24 37 29 59 30 63 25 23 35 18 49 49 27 43 53 64 43 49 45 45 19 19 19 46 63 
23 49 25 70 60 41 51 52 10 61 71 64 32 64 73 59 72 81 95 22 80 31 67 26 26 85 31 34 42 65 23 29 41 52 17 35 69 59 74 20 52 34 92 14 33 29 71 71 64 35 8 14 9 26 77 25 30 57 26 59 36 53 98 22 39 34 17 60 45 59 73 50 38 72 86 51 78 48 71 47 30 83 78 63 35 3 45 58 64 77 60 90 23 48 77 85 24 42 66 75 12 54 12 60 78 49 85 40 63 66 47 27 88 11 59 78 44 30 60 85 52 77 73 75 24 0 34 10 82 12 88 46 14 11 37 54 72 51 59 59 78 24 67 43 65 41 33 27 63 86 
16 27 57 58 71 51 24 32 25 42 95 42 67 81 101 30 94 96 89 52 79 30 68 48 42 82 66 68 33 59 45 14 49 77 18 27 97 88 80 53 73 42 84 22 1 37 82 74 92 45 42 48 26 8 78 26 26 24 8 25 14 37 89 55 5 63 50 33 12 89 93 41 66 99 107 21 92 80 55 13 19 101 68 66 69 34 22 30 83 87 65 86 16 31 72 79 55 48 93 63 43 69 23 75 86 79 76 75 58 64 33 58 112 29 25 97 76 50 60 84 52 85 95 95 37 34 0 44 87 46 89 36 47 36 55 20 80 47 38 25 101 58 86 76 46 55 55 17 83 74 
33 58 19 76 61 44 60 61 20 70 67 73 22 63 67 69 68 80 101 17 85 38 71 26 30 89 21 26 50 71 24 39 45 48 27 43 63 52 77 12 51 38 97 24 43 34 71 75 59 38 2 7 19 36 81 33 38 67 36 69 46 61 104 14 49 29 12 69 55 53 70 58 33 66 82 61 77 39 79 57 39 81 84 66 25 11 54 68 63 78 64 95 32 57 83 90 17 47 60 82 10 53 21 59 79 42 91 30 68 71 55 20 84 18 69 75 37 30 65 89 57 78 70 72 29 10 44 0 85 2 91 53 10 14 37 64 74 57 68 69 74 14 65 35 73 43 32 36 62 92 
75 66 72 40 23 41 74 62 86 59 49 63 92 32 64 79 47 27 31 102 17 59 19 58 56 18 90 79 55 33 61 73 41 52 80 60 63 66 8 97 41 49 30 76 86 55 18 13 63 48 83 92 78 83 12 64 62 87 84 95 74 55 37 78 91 63 75 73 85 67 40 48 60 65 49 79 25 80 50 95 68 36 36 21 103 79 69 75 34 11 23 23 94 60 25 25 101 41 61 41 94 34 85 29 9 67 33 95 32 26 56 104 56 91 101 40 74 55 27 16 35 9 46 40 59 82 87 85 0 85 11 52 76 94 48 88 10 41 62 89 50 95 36 77 55 41 54 71 37 40 
35 60 17 77 61 44 62 62 22 71 66 74 20 62 66 71 67 79 101 17 85 39 71 26 30 89 19 24 51 72 24 41 45 46 29 44 61 51 76 12 50 38 97 26 45 35 71 75 57 39 4 7 21 38 81 34 40 69 38 71 48 63 104 12 51 28 11 71 57 51 69 59 32 64 81 63 76 37 80 59 41 80 85 66 24 13 56 69 62 78 64 95 34 58 83 90 16 47 58 83 11 53 24 59 79 40 91 28 69 72 57 20 82 20 72 74 35 30 65 90 58 78 68 71 30 12 46 2 85 0 91 55 9 16 37 66 74 58 70 71 72 13 64 33 74 43 31 38 61 93 
77 65 80 35 32 46 73 60 91 56 60 59 100 42 75 76 58 38 20 108 10 61 21 65 61 9 98 88 56 30 67 75 46 62 83 62 74 77 16 103 51 54 19 80 88 59 29 16 74 53 89 98 82 85 11 67 64 85 86 93 75 54 26 85 92 72 82 70 84 78 51 48 70 76 60 78 36 90 45 94 70 47 29 25 111 85 68 73 45 22 27 12 97 59 19 16 108 45 72 35 100 43 89 39 20 77 25 103 31 25 56 111 67 96 100 51 84 62 29 7 37 20 57 51 63 88 89 91 11 91 0 53 83 99 55 87 20 42 59 87 61 103 47 86 51 48 62 73 47 32 
27 14 53 24 41 26 22 12 44 18 72 22 72 54 82 29 71 66 53 69 43 15 32 37 29 46 70 65 3 23 36 23 23 59 34 11 79 74 45 66 50 22 49 33 35 21 51 39 76 24 51 60 37 33 42 20 15 35 34 43 22 9 55 56 39 53 50 25 32 75 67 5 54 82 82 27 62 75 25 42 18 72 34 32 79 43 16 26 57 54 31 50 46 9 36 44 70 20 75 30 58 43 42 47 53 67 41 78 22 28 5 73 87 49 49 71 69 37 25 48 18 52 71 69 25 46 36 53 52 55 53 0 49 55 36 36 46 11 18 38 77 68 60 70 19 31 41 22 58 41 
33 56 10 70 52 36 60 58 25 66 58 70 22 53 59 69 58 70 93 26 77 34 62 17 22 81 21 20 46 64 15 39 37 38 29 40 54 44 67 21 41 31 89 25 46 28 62 66 50 31 9 16 20 38 72 30 35 67 39 71 46 57 96 8 52 20 2 68 56 45 60 53 24 57 73 61 67 33 74 60 38 71 78 58 30 13 53 67 53 69 55 87 38 54 75 82 25 39 51 76 20 44 26 50 69 34 84 30 61 64 52 28 74 25 72 65 29 21 57 81 50 68 60 62 23 14 47 10 76 9 83 49 0 23 27 65 65 51 65 70 64 20 55 28 69 34 22 36 52 86 
29 56 33 79 71 52 56 59 12 69 81 71 34 75 82 64 82 92 106 16 91 40 78 37 38 95 34 40 51 75 34 35 52 61 21 43 77 67 85 17 63 44 102 21 35 39 82 82 73 46 14 13 17 29 88 34 39 60 28 61 42 61 108 28 40 43 26 65 47 67 83 60 47 80 96 55 89 53 79 48 37 93 88 74 33 14 51 63 75 88 71 101 21 56 88 95 19 53 74 85 7 65 14 71 89 56 95 42 73 77 55 22 98 7 60 88 51 41 71 96 63 88 83 85 35 11 36 14 94 16 99 55 23 0 48 56 83 61 67 61 87 23 77 49 73 52 44 34 74 95 
39 49 24 50 24 12 56 49 43 54 39 58 45 27 47 64 39 44 68 54 50 28 36 11 13 55 43 34 35 42 14 41 15 22 40 33 43 37 40 48 17 15 65 35 54 19 34 39 39 12 35 44 35 47 46 29 31 67 48 74 46 45 72 30 60 18 26 61 59 38 38 38 18 46 52 59 41 40 57 67 37 47 56 31 55 34 48 61 28 41 29 61 54 45 51 57 53 18 39 56 46 17 43 23 42 31 60 49 39 40 41 56 56 47 77 42 33 7 33 55 28 41 40 40 18 37 55 37 48 37 55 36 27 48 0 67 37 32 55 70 45 47 31 35 55 8 6 38 28 64 
32 22 74 53 77 60 14 26 45 33 106 31 86 89 114 13 105 102 83 72 76 39 69 62 55 79 85 85 35 56 59 26 57 89 37 33 110 102 82 73 83 52 79 40 21 48 88 75 106 55 62 68 45 28 77 38 35 4 28 7 20 33 82 73 17 78 67 19 9 103 102 40 80 113 117 9 99 98 46 12 30 108 62 69 89 53 20 16 91 90 68 82 36 28 68 75 75 55 106 56 63 78 43 82 89 94 70 94 56 62 32 78 122 49 12 106 93 64 61 81 55 89 106 104 49 54 20 64 88 66 87 36 65 56 67 0 83 48 29 5 111 78 95 92 38 64 69 30 92 66 
66 60 61 39 13 31 68 57 77 55 42 60 81 23 56 74 40 23 38 91 21 50 15 48 45 24 79 68 48 30 50 65 32 42 71 52 55 57 4 86 31 40 36 67 78 46 10 10 54 38 73 81 68 74 15 55 53 81 75 89 67 51 43 67 83 52 64 69 78 58 33 43 50 57 44 73 20 69 49 88 60 31 37 13 92 69 63 71 25 7 14 30 85 55 27 30 90 32 53 42 83 23 76 19 6 57 37 84 29 23 51 93 51 81 95 34 63 44 22 22 28 5 39 34 49 72 80 74 10 74 20 46 65 83 37 83 0 34 58 84 44 85 28 66 53 31 43 62 28 43 
36 26 53 19 30 20 34 22 51 24 63 28 72 44 75 40 62 55 45 73 32 21 21 35 28 35 71 64 14 14 36 33 17 52 42 20 72 68 34 70 42 20 41 40 46 22 40 27 69 21 55 64 43 43 31 26 23 47 44 55 33 17 47 56 50 50 51 35 43 69 57 8 50 74 72 38 51 72 25 53 28 62 27 21 81 48 28 36 47 42 20 41 55 20 27 34 74 14 68 25 63 34 49 37 41 63 34 78 12 17 16 77 78 56 60 61 65 34 13 37 7 40 62 59 27 51 47 57 41 58 42 11 51 61 32 48 34 0 26 49 68 71 51 67 23 25 37 31 48 35 
37 11 71 24 56 44 15 7 55 4 89 4 88 71 100 16 88 80 54 82 49 31 43 55 47 50 87 83 20 29 54 31 41 77 45 25 97 92 57 80 68 40 50 45 38 39 65 49 94 42 66 74 50 40 50 35 30 26 41 34 26 9 53 73 39 71 67 10 29 93 84 17 72 99 98 20 77 93 17 38 29 88 33 45 94 57 16 13 73 66 45 53 53 11 40 46 84 38 93 27 72 60 53 63 65 85 41 95 30 36 14 87 104 60 41 87 87 55 36 53 33 64 88 85 43 59 38 68 62 70 59 18 65 67 55 29 58 26 0 28 94 83 77 88 9 49 59 32 74 37 
36 23 78 52 79 63 15 27 50 32 109 30 91 92 117 12 108 104 82 77 77 42 70 66 59 79 90 90 37 57 64 31 60 93 42 37 114 106 83 78 86 55 78 45 26 51 90 76 110 58 67 73 50 33 78 42 39 2 33 6 24 34 81 78 22 82 72 18 14 107 105 41 85 116 120 11 101 102 45 16 34 111 61 70 94 58 22 15 94 92 70 82 41 29 68 75 80 57 110 55 68 81 48 85 91 98 69 99 57 63 33 83 125 54 13 109 97 68 62 81 56 90 109 107 53 59 25 69 89 71 87 38 70 61 70 5 84 49 28 0 114 83 98 97 37 67 72 34 95 65 
85 92 55 80 39 51 99 90 87 92 6 97 68 23 16 107 6 24 81 87 65 72 57 54 58 68 66 54 77 71 57 87 54 26 85 77 18 27 48 81 28 59 80 80 99 64 34 54 20 56 73 79 79 93 59 74 76 112 94 118 91 85 87 60 106 44 62 103 104 27 11 76 40 17 9 103 25 46 90 112 82 16 81 52 79 75 92 104 21 39 51 73 98 86 71 74 85 57 18 84 84 33 87 30 41 35 81 66 68 65 82 87 10 89 123 10 43 50 60 66 61 41 5 10 64 78 101 74 50 72 61 77 64 87 45 111 44 68 94 114 0 77 17 46 91 47 46 83 19 87 
47 73 24 90 72 56 75 75 33 85 71 88 12 70 67 84 72 87 113 11 97 53 83 37 43 101 13 23 65 85 36 54 58 52 41 58 63 52 87 6 57 51 110 38 57 48 80 86 59 51 17 10 33 50 93 48 53 81 50 83 61 76 117 18 62 34 20 84 69 52 75 72 38 65 86 75 84 35 93 70 54 86 98 78 11 25 69 82 69 88 75 107 44 72 96 103 8 60 61 96 15 62 35 68 89 42 104 20 82 84 70 10 86 29 82 80 35 41 77 102 70 88 74 77 43 24 58 14 95 13 103 68 20 23 47 78 85 71 83 83 77 0 71 32 88 54 41 51 68 106 
70 75 47 63 21 35 82 73 75 75 14 79 64 6 28 90 12 16 66 80 49 57 40 41 44 52 61 49 60 53 44 71 38 19 72 61 27 30 32 74 14 43 64 67 84 49 18 38 26 40 64 71 66 78 43 59 60 95 79 102 76 67 72 53 90 36 53 86 88 31 7 59 32 28 21 87 15 46 72 97 67 16 64 35 75 64 75 87 3 25 34 58 85 69 55 58 78 40 25 67 75 16 74 13 27 33 65 64 51 47 65 80 27 77 107 11 41 37 43 51 44 26 11 9 49 67 86 65 36 64 47 60 55 77 31 95 28 51 77 98 17 71 0 44 73 31 33 68 3 71 
61 80 18 86 54 47 85 81 54 88 40 92 22 46 35 94 42 61 101 44 84 57 70 33 41 88 20 9 68 78 34 66 50 25 57 63 31 20 70 38 35 48 98 53 74 49 59 72 27 46 36 37 49 67 78 55 59 94 67 99 72 79 106 21 80 17 26 92 84 20 47 72 17 33 55 87 59 5 92 89 63 58 91 65 33 42 78 92 44 67 62 94 67 77 85 91 41 53 29 91 43 43 55 47 68 11 95 19 74 75 74 42 55 53 101 51 3 33 68 87 63 67 44 48 45 43 76 35 77 33 86 70 28 49 35 92 66 67 88 97 46 32 44 0 89 43 29 62 42 99 
43 19 73 16 52 43 24 14 61 5 87 7 92 67 98 25 85 75 45 87 41 34 37 56 48 42 90 85 22 22 56 38 40 76 51 30 95 91 50 85 66 41 41 51 46 41 60 43 92 43 71 79 56 47 43 39 34 35 48 43 33 11 44 76 48 72 70 19 38 92 80 17 73 98 94 29 72 94 8 47 35 83 24 40 98 62 24 22 70 60 40 45 60 16 32 38 89 37 92 18 77 58 59 60 59 86 32 98 24 29 17 92 100 67 50 83 88 56 31 45 29 58 85 82 45 65 46 73 55 74 51 19 69 73 55 38 53 23 9 37 91 88 73 89 0 48 60 38 71 28 
39 45 32 42 19 5 52 43 47 48 42 52 53 26 51 60 41 41 60 60 43 25 29 17 15 47 50 42 30 34 19 40 8 27 42 30 48 43 33 55 19 12 57 37 53 17 30 32 44 9 41 50 38 47 38 28 29 64 48 71 44 39 64 37 59 26 33 56 57 44 38 31 25 50 53 56 38 47 50 65 35 46 48 24 63 38 45 57 28 36 21 53 56 40 43 49 59 11 44 48 52 14 46 20 36 38 52 57 31 32 36 63 57 51 75 43 41 13 25 47 20 35 41 40 19 41 55 43 41 43 48 31 34 52 8 64 31 25 49 67 47 54 31 43 48 0 14 37 28 56 
39 53 18 56 30 18 59 52 41 59 39 63 38 31 45 68 39 48 74 48 57 30 43 8 13 61 36 27 39 48 11 42 20 21 39 36 41 34 46 43 19 19 71 34 54 21 39 46 37 17 31 39 33 47 52 30 33 70 48 76 48 50 78 23 60 12 21 65 61 34 39 43 13 44 53 62 45 34 62 68 39 49 62 38 49 30 51 65 31 46 35 67 52 49 57 64 47 23 37 62 42 21 41 27 47 26 67 43 45 46 45 50 56 44 79 44 28 5 39 61 34 46 41 42 19 33 55 32 54 31 62 41 22 44 6 69 43 37 59 72 46 41 33 29 60 14 0 39 30 70 
5 21 44 47 53 34 24 25 22 35 77 37 58 63 84 33 77 78 75 49 63 12 52 31 25 67 57 55 18 45 29 3 31 60 12 11 80 72 63 48 55 25 71 13 16 19 65 58 76 27 34 42 18 12 62 9 9 32 13 37 10 27 77 44 22 47 38 32 21 73 75 27 50 83 90 25 74 67 46 29 3 83 56 50 62 25 17 31 65 69 48 72 24 22 58 66 51 31 77 52 39 51 20 57 69 63 63 66 43 48 22 55 94 28 40 80 62 34 44 69 36 68 78 77 19 27 17 36 71 38 73 22 36 34 38 30 62 31 32 34 83 51 68 62 38 37 39 0 65 63 
67 72 44 61 20 32 80 70 71 72 15 77 61 5 29 87 13 18 66 77 48 54 39 38 41 52 59 47 58 52 41 68 35 17 68 58 27 29 32 71 11 40 64 64 81 46 18 37 26 37 61 68 63 75 42 56 57 92 76 99 73 65 71 50 87 33 50 83 85 30 10 56 29 29 24 84 17 44 70 94 64 19 63 34 73 61 72 84 2 26 32 58 82 67 54 57 75 37 25 65 72 14 71 11 27 32 64 62 49 46 63 78 29 74 104 14 39 34 41 50 42 27 13 12 46 63 83 62 37 61 47 58 52 74 28 92 28 48 74 95 19 68 3 42 71 28 30 65 0 70 
68 46 87 16 50 52 52 41 85 33 85 35 107 65 99 53 83 66 18 108 23 55 31 70 63 22 106 98 44 21 71 63 50 80 75 52 97 96 40 105 68 55 14 74 73 58 53 33 95 55 90 99 78 73 29 61 56 63 74 71 60 36 16 91 75 82 86 47 66 97 76 35 82 99 88 57 63 104 20 76 59 75 8 36 116 83 51 50 68 50 38 21 86 43 16 15 109 47 94 11 99 59 83 59 48 93 7 113 25 24 41 113 94 90 78 78 97 68 31 25 36 47 82 77 63 86 74 92 40 93 32 41 86 95 64 66 43 35 37 65 87 106 71 99 28 56 70 63 70 0 
1 5 11 15 14 20 5 8 7 9 4 15 14 11 17 14 18 11 4 14 1 18 14 6 6 20 14 10 5 1 19 4 7 10 20 10 12 1 6 17 1 15 12 17 14 10 6 12 10 2 6 10 3 4 4 14 5 19 8 18 9 4 13 6 14 7 7 13 17 18 2 19 15 20 3 17 11 14 3 1 19 12 15 5 9 4 2 20 16 9 6 10 12 17 14 4 5 15 6 19 6 5 10 20 14 13 5 13 10 18 10 15 5 14 10 17 15 5 13 6 14 4 3 17 3 2 3 17 11 14 13 5 13 7 10 12 17 20 3 19 2 4 19 12 20 7 6 19 15 14 
36 36 36 36 36 36 36 36 36 36 36 36 36 36 36 36 36 36 36 36 36 36 36 36 36 36 36 36 36 36 36 36 36 36 36 36 36 36 36 36 36 36 36 36 36 36 36 36 36 36 36 36 36 36 36 36 36 36 36 36 36 36 36 36 36 36 36 36 36 36 36 36 36 36 36 36 36 36 36 36 36 36 36 36 36 36 36 36 36 36 36 36 36 36 36 36 36 36 36 36 36 36 36 36 36 36 36 36 36 36 36 36 36 36 36 36 36 36 36 36 36 36 36 36 36 36 36 36 36 36 36 36 36 36 36 36 36 36 36 36 36 36 36 36 36 36 36 36 36 36 