6 26 150 50 9
0 41 74 29 98 128 23 110 94 61 50 115 59 5 72 55 94 111 64 88 96 40 27 70 88 91 76 89 30 79 90 25 84 87 53 100 96 62 66 90 42 58 80 73 56 90 71 49 89 127 70 19 103 55 43 105 49 77 21 72 106 25 79 39 79 43 90 22 84 65 80 53 19 52 86 66 110 95 57 108 97 38 38 89 74 120 113 121 115 43 47 52 39 75 96 107 48 79 112 124 119 125 30 55 56 70 24 13 68 73 63 62 74 69 73 33 93 66 55 54 87 43 101 111 16 90 33 88 51 106 103 75 47 68 56 77 40 109 124 17 86 101 65 5 105 52 36 107 83 78 
41 0 36 16 57 90 23 68 54 48 38 76 29 36 58 45 53 71 50 47 74 35 32 58 65 50 45 51 12 46 49 21 53 48 51 60 55 20 50 52 27 23 41 33 34 53 35 46 49 90 50 23 66 20 6 73 38 37 21 31 65 38 56 28 54 21 70 19 42 27 63 16 21 45 44 28 79 77 43 74 55 15 3 63 35 81 73 84 75 18 30 12 27 67 59 76 21 37 70 87 84 86 15 21 32 50 26 39 27 34 23 29 41 29 61 12 62 52 13 12 49 6 61 71 27 48 27 46 24 66 75 34 44 48 24 36 37 67 84 23 71 60 36 37 63 30 28 71 49 39 
74 36 0 45 27 54 51 42 45 41 40 41 18 70 45 44 25 37 42 21 49 46 54 48 40 39 16 15 48 58 21 48 21 13 55 27 42 23 40 16 37 16 9 34 28 55 47 51 16 53 34 55 30 18 39 39 41 10 57 28 33 60 34 40 30 33 48 51 19 9 46 20 56 48 31 40 44 54 39 38 36 36 39 34 38 46 39 48 41 31 35 34 40 57 22 42 27 22 43 50 47 51 52 44 26 33 51 67 16 4 15 13 9 11 49 40 28 43 29 25 50 31 49 38 58 34 46 28 53 32 42 32 50 34 19 32 48 43 51 57 53 34 18 69 42 29 43 34 15 5 
29 16 45 0 69 99 7 82 70 41 30 86 31 24 52 37 65 82 43 59 73 23 17 51 64 65 48 60 12 61 61 5 57 58 40 71 71 35 45 61 19 29 52 49 31 69 51 34 60 98 47 9 74 26 20 78 29 49 16 46 77 22 55 18 53 16 68 6 55 36 59 25 12 35 59 44 83 74 36 80 70 9 13 63 51 91 84 92 86 15 23 28 16 58 67 80 20 51 84 95 91 96 17 36 30 47 10 24 40 44 35 33 46 40 54 5 66 45 29 26 65 15 76 83 13 63 14 61 36 77 77 50 32 45 27 52 25 81 96 13 66 73 37 24 78 27 16 78 54 49 
98 57 27 69 0 38 76 15 31 68 67 24 45 93 69 71 4 17 68 10 65 73 80 73 57 27 39 15 69 57 7 73 38 16 82 6 27 37 65 16 64 42 18 36 55 47 49 78 11 40 58 79 24 43 58 42 68 20 79 32 8 87 55 68 51 59 66 75 15 34 68 44 79 75 22 46 46 71 66 38 17 61 60 50 39 26 18 34 20 57 62 49 67 82 18 46 54 22 16 38 38 31 72 55 53 57 77 93 30 26 34 41 34 28 73 64 38 68 45 44 43 54 31 14 82 22 72 17 64 13 51 33 77 59 46 30 75 16 28 80 73 8 45 93 19 56 70 29 32 22 
128 90 54 99 38 0 104 40 68 81 86 14 69 124 77 86 42 21 80 48 61 95 105 81 58 65 54 39 102 95 44 102 47 42 97 32 63 72 77 38 88 70 49 74 75 84 88 95 41 4 69 109 24 72 92 32 87 53 111 70 30 111 62 91 59 85 65 105 52 63 72 75 110 91 60 84 31 67 81 26 53 89 93 51 78 12 20 6 19 84 84 85 91 88 31 34 79 60 38 6 13 10 106 92 74 68 104 120 65 56 67 65 53 61 81 94 39 79 80 78 81 86 65 26 111 60 97 55 102 25 42 71 95 71 72 69 97 44 18 111 74 42 64 123 50 78 95 21 46 50 
23 23 51 7 76 104 0 89 77 41 30 92 35 20 53 36 72 88 44 66 74 21 12 51 66 72 52 66 17 67 68 2 61 64 37 77 78 42 46 67 20 34 58 56 33 76 58 32 66 103 48 6 79 32 27 82 29 55 16 53 83 16 57 18 56 19 69 6 62 42 60 31 11 34 66 51 87 75 37 84 77 14 20 66 58 97 90 98 92 19 24 35 17 57 73 84 25 58 90 100 96 102 21 42 33 48 4 17 47 50 42 38 51 47 54 11 70 46 36 33 72 22 83 89 7 70 12 68 42 83 80 57 30 46 32 59 22 88 102 11 67 80 41 18 85 29 15 83 59 55 
110 68 42 82 15 40 89 0 29 83 82 28 60 105 84 86 17 21 83 22 79 88 94 88 71 27 54 30 80 58 21 86 52 31 97 18 24 48 80 30 78 56 33 42 70 45 53 93 26 43 73 91 34 57 68 53 83 34 90 40 14 100 70 82 66 73 80 87 26 48 83 57 90 90 26 52 56 84 81 48 15 75 72 64 44 28 21 37 21 71 77 59 81 96 31 57 68 31 2 41 44 30 82 62 68 72 90 106 42 40 47 55 49 41 88 77 51 83 55 56 42 66 26 14 95 24 86 22 72 20 63 39 92 74 60 36 90 4 24 92 88 8 60 106 11 71 84 39 47 37 
94 54 45 70 31 68 77 29 0 85 81 54 59 89 90 86 29 47 86 27 93 84 86 93 84 5 62 43 64 29 30 75 64 41 96 38 5 36 84 44 73 53 38 21 70 16 27 91 37 70 79 78 55 52 51 73 81 35 73 24 38 92 80 76 75 67 92 74 26 46 92 50 75 89 14 29 77 98 82 70 15 66 57 77 21 56 48 64 49 64 73 42 75 102 49 77 63 23 31 68 70 59 64 40 68 78 80 94 34 41 40 55 55 37 94 66 67 87 41 44 13 55 6 42 82 11 79 17 48 44 81 20 90 79 57 18 85 25 53 77 98 26 62 91 18 69 78 61 58 42 
61 48 41 41 68 81 41 83 85 0 11 73 25 59 12 5 66 72 3 63 35 20 33 10 29 79 29 53 52 89 62 40 35 52 15 66 83 53 5 53 21 33 50 69 15 92 78 14 57 79 12 47 58 35 54 52 12 51 56 64 72 37 21 23 23 26 29 46 60 39 19 38 52 10 71 70 56 34 4 56 78 33 48 32 73 78 74 75 76 30 18 55 24 19 55 52 27 62 84 76 70 84 57 67 18 13 38 49 51 44 46 30 34 47 13 39 42 5 53 48 87 42 90 76 47 75 29 69 72 68 46 68 15 10 29 69 20 84 86 52 26 75 23 55 84 17 26 60 37 46 
50 38 40 30 67 86 30 82 81 11 0 76 22 48 23 7 65 74 14 61 45 10 23 21 38 75 31 53 42 82 61 29 39 51 15 66 79 46 16 53 11 27 49 63 12 85 71 11 56 84 20 36 62 28 44 58 1 49 45 58 72 27 29 12 30 17 39 35 58 35 30 31 41 8 67 63 63 45 7 62 75 23 38 40 66 81 76 79 78 20 8 47 13 29 57 59 18 58 83 81 75 87 47 58 14 20 27 39 46 42 40 27 34 43 24 28 47 16 45 40 80 33 86 77 36 71 18 66 62 70 54 62 10 17 23 63 11 83 88 41 37 74 22 45 82 11 15 64 40 45 
115 76 41 86 24 14 92 28 54 73 76 0 57 111 70 77 28 7 72 33 58 84 94 74 53 51 44 25 88 81 30 89 38 28 88 18 49 58 68 24 76 57 35 60 64 70 73 86 27 16 61 96 14 59 78 29 77 39 98 56 16 100 55 80 51 73 61 92 37 50 67 61 97 82 46 70 30 64 72 23 39 77 80 46 63 5 6 10 7 72 73 71 79 82 18 32 67 45 26 14 16 11 92 77 63 60 92 108 51 42 53 53 42 47 74 81 33 71 66 64 67 72 53 13 99 46 86 41 87 11 40 57 86 63 59 54 86 32 14 98 70 28 53 110 38 67 83 15 35 36 
59 29 18 31 45 69 35 60 59 25 22 57 0 55 33 26 43 54 27 39 46 28 36 34 36 54 17 33 38 65 39 33 26 31 37 45 58 27 26 33 19 7 27 43 10 66 53 33 35 67 23 40 44 10 34 47 23 27 46 38 51 42 28 22 25 16 42 38 36 13 36 14 43 30 45 46 52 48 22 48 53 21 31 34 47 62 56 62 59 16 16 33 22 44 38 49 10 36 61 65 60 68 43 44 8 22 35 50 25 20 20 5 15 22 36 26 34 28 29 24 61 23 64 57 43 49 28 44 51 50 46 42 32 22 5 43 30 61 68 44 44 52 7 54 60 11 26 48 23 23 
5 36 70 24 93 124 20 105 89 59 48 111 55 0 71 54 89 106 62 83 94 39 26 69 86 86 72 85 25 74 85 21 81 82 52 95 91 57 64 86 40 53 76 68 53 85 66 48 85 123 68 15 99 51 38 102 47 73 16 67 101 24 77 37 76 39 88 18 79 60 78 49 14 51 81 61 107 94 55 104 92 34 33 86 69 115 108 117 111 39 44 47 36 74 92 104 44 74 107 120 116 121 25 50 53 68 21 13 63 68 59 58 71 64 72 29 90 64 50 49 82 39 96 107 13 85 30 83 46 101 100 70 46 65 52 72 39 104 120 13 85 97 61 5 100 49 33 103 79 74 
72 58 45 52 69 77 53 84 90 12 23 70 33 71 0 17 68 71 9 66 24 32 45 4 20 85 30 53 64 98 65 52 33 53 23 66 88 60 7 53 33 41 53 76 24 99 87 25 58 74 11 59 56 43 64 46 24 55 68 71 72 48 15 35 19 37 18 58 64 45 7 47 64 21 76 79 49 23 16 51 81 44 59 26 80 75 73 71 75 40 29 65 36 12 55 45 37 67 85 71 65 81 69 77 26 12 50 60 58 49 53 36 36 53 4 50 37 7 62 57 94 52 94 76 59 80 41 74 82 68 38 75 26 11 37 75 32 86 84 64 14 77 28 67 87 27 38 56 37 49 
55 45 44 37 71 86 36 86 86 5 7 77 26 54 17 0 69 76 8 65 41 15 28 15 35 80 33 56 49 89 65 35 39 55 11 69 85 52 11 56 18 33 53 69 16 92 77 9 60 84 17 42 63 34 52 57 7 53 52 64 75 31 26 18 28 24 35 41 62 40 24 37 47 5 72 70 61 40 5 61 80 30 45 38 73 82 78 80 80 27 15 54 20 21 59 58 25 63 87 81 75 88 54 65 18 18 33 43 52 46 46 31 37 49 18 35 47 10 52 47 87 40 91 80 42 76 24 71 70 72 52 68 10 15 29 69 15 87 90 47 31 78 26 50 86 17 21 64 41 49 
94 53 25 65 4 42 72 17 29 66 65 28 43 89 68 69 0 21 66 6 66 71 77 72 57 24 38 15 65 53 4 70 38 15 80 10 24 33 64 16 61 39 16 32 53 43 45 76 9 44 57 75 26 40 53 44 66 17 75 28 13 83 55 65 51 56 66 71 10 31 68 41 75 73 18 42 48 71 64 41 14 58 56 51 35 31 23 38 24 54 59 45 64 81 20 48 50 17 18 42 42 35 67 50 51 56 73 89 26 23 30 38 32 25 72 60 39 67 41 40 39 50 29 18 78 18 69 13 60 17 53 28 75 58 43 26 73 18 32 76 73 9 43 89 18 54 67 32 32 20 
111 71 37 82 17 21 88 21 47 72 74 7 54 106 71 76 21 0 71 27 61 82 91 75 54 44 43 21 83 74 23 86 38 24 87 12 42 53 68 21 73 53 30 53 62 63 67 84 22 23 61 92 15 55 73 33 75 34 93 49 9 97 56 77 52 70 63 88 31 46 68 57 92 81 39 63 35 67 71 28 32 73 75 47 57 9 2 17 4 68 71 65 77 83 16 36 64 39 20 21 23 15 87 71 60 60 88 104 45 38 48 50 39 42 75 77 34 71 60 59 60 67 46 7 95 39 83 34 81 5 43 50 84 62 56 48 84 25 14 94 72 21 51 106 31 64 80 18 34 32 
64 50 42 43 68 80 44 83 86 3 14 72 27 62 9 8 66 71 0 63 32 23 36 8 27 81 29 53 55 91 62 43 34 52 17 66 84 54 3 53 24 35 51 71 17 93 80 17 57 77 10 50 57 36 56 50 15 52 59 65 72 40 19 26 21 29 26 49 61 40 16 40 55 13 72 72 54 31 7 55 78 36 50 30 75 77 73 74 76 32 21 58 27 16 55 50 29 63 84 75 68 83 60 69 19 11 41 51 53 45 47 31 34 49 10 42 40 2 55 50 88 44 91 76 50 76 32 70 74 68 44 70 18 9 31 70 23 84 85 55 23 75 24 58 84 20 29 58 37 47 
88 47 21 59 10 48 66 22 27 63 61 33 39 83 66 65 6 27 63 0 66 66 72 69 57 21 36 16 58 48 4 64 37 14 76 15 23 26 61 17 56 34 12 26 49 40 40 72 10 49 55 69 30 35 47 47 62 12 68 22 19 78 54 60 49 51 66 65 4 26 66 35 68 69 13 36 51 71 60 44 15 52 50 50 30 37 29 43 30 49 55 39 59 78 23 50 45 11 24 47 47 42 61 44 47 54 68 83 20 19 24 34 30 19 70 55 40 64 34 34 36 44 29 25 72 15 64 9 54 22 54 23 71 55 38 21 68 22 38 70 72 13 39 83 21 50 62 36 31 16 
96 74 49 73 65 61 74 79 93 35 45 58 46 94 24 41 66 61 32 66 0 55 68 28 9 87 33 50 83 107 63 73 29 51 48 60 89 70 29 50 54 53 55 84 42 104 96 49 56 57 26 80 45 56 80 29 46 59 89 78 65 72 18 56 20 57 6 79 66 54 17 60 85 45 79 89 30 6 38 35 81 64 76 15 88 62 62 56 64 59 50 78 57 30 47 27 54 71 79 55 48 67 88 90 43 26 72 84 65 54 62 47 39 60 26 70 27 30 74 69 99 68 95 67 81 82 63 75 97 59 19 82 50 28 51 81 56 81 72 85 14 73 39 90 84 46 60 42 35 51 
40 35 46 23 73 95 21 88 84 20 10 84 28 39 32 15 71 82 23 66 55 0 13 30 48 78 40 61 36 81 67 21 48 59 16 73 83 48 25 61 10 32 55 64 20 86 70 10 63 93 30 27 71 32 42 68 8 54 38 60 80 17 39 7 40 16 49 27 63 40 39 33 33 12 71 63 73 55 17 72 80 20 34 50 67 89 84 89 86 19 11 46 8 35 66 69 21 62 89 90 85 95 41 56 21 30 18 28 50 47 44 32 42 48 33 24 57 25 45 41 82 31 89 85 27 75 9 71 59 78 64 64 8 28 28 66 2 88 96 32 46 80 30 35 87 17 7 73 49 51 
27 32 54 17 80 105 12 94 86 33 23 94 36 26 45 28 77 91 36 72 68 13 0 43 61 81 51 69 29 78 73 13 60 67 26 81 86 50 39 69 17 38 62 65 31 86 68 22 70 104 43 16 81 37 38 80 22 60 28 62 87 6 52 14 52 21 63 18 68 46 52 36 23 25 74 61 85 68 30 83 84 20 30 63 67 99 93 99 95 23 21 44 14 48 75 81 26 65 96 101 96 105 33 53 31 43 7 15 53 54 48 40 52 52 46 20 68 38 45 42 82 31 92 93 14 78 8 75 53 86 77 66 20 41 34 68 13 94 105 21 59 86 41 22 91 27 10 84 59 59 
70 58 48 51 73 81 51 88 93 10 21 74 34 69 4 15 72 75 8 69 28 30 43 0 25 87 33 57 63 99 68 50 37 57 19 70 91 62 8 57 32 42 56 78 25 101 88 21 62 78 14 57 60 44 65 50 22 58 67 73 76 45 19 33 23 37 22 56 67 47 11 48 62 18 79 80 53 26 15 55 84 44 59 30 82 80 77 75 79 40 29 66 34 9 59 50 37 70 88 76 69 85 68 77 27 15 48 57 60 51 55 38 39 56 3 49 42 6 63 58 96 53 97 80 57 82 39 77 83 72 43 77 23 13 38 77 30 89 88 62 16 80 30 65 90 28 36 60 41 52 
88 65 40 64 57 58 66 71 84 29 38 53 36 86 20 35 57 54 27 57 9 48 61 25 0 78 23 42 74 97 55 65 20 43 43 53 80 60 23 41 46 43 45 74 33 95 86 44 48 54 18 72 39 46 71 25 39 49 80 68 58 66 9 49 11 48 8 70 57 44 14 50 76 40 70 79 28 14 31 31 72 55 67 7 78 58 56 52 58 50 42 68 49 30 40 25 45 62 71 52 45 63 79 80 34 18 64 77 56 44 52 37 30 50 23 61 20 25 64 59 90 59 86 60 73 72 55 66 87 52 18 72 45 20 41 72 49 74 67 77 17 65 29 83 76 37 52 38 26 42 
91 50 39 65 27 65 72 27 5 79 75 51 54 86 85 80 24 44 81 21 87 78 81 87 78 0 56 38 60 30 25 70 58 36 90 33 5 31 79 39 68 47 32 17 64 19 26 86 31 67 73 73 51 46 47 68 76 29 70 19 35 87 74 71 69 62 87 69 21 40 86 45 71 83 8 27 72 92 76 65 12 61 53 72 18 53 45 61 46 59 68 38 70 97 44 72 57 17 29 65 66 56 61 38 62 73 75 89 28 35 34 49 49 31 89 61 62 81 36 39 16 50 11 39 77 5 74 12 46 40 76 15 84 73 51 13 80 24 50 73 92 23 56 87 17 64 73 57 52 36 
76 45 16 48 39 54 52 54 62 29 31 44 17 72 30 33 38 43 29 36 33 40 51 33 23 56 0 24 55 74 35 50 8 23 44 37 59 37 26 24 33 22 24 51 20 72 63 41 28 52 19 57 30 25 50 29 33 27 63 45 43 57 17 37 13 32 31 55 35 21 30 29 60 37 47 56 34 37 28 32 51 38 47 18 55 49 45 48 47 33 30 46 37 42 26 31 27 39 55 49 44 55 60 57 19 18 51 66 32 21 29 16 7 27 34 44 17 29 41 37 67 39 65 47 59 51 43 44 65 39 30 49 41 20 21 48 42 56 57 61 36 47 10 70 57 24 41 32 8 20 
89 51 15 60 15 39 66 30 43 53 53 25 33 85 53 56 15 21 53 16 50 61 69 57 42 38 24 0 63 63 13 64 22 3 67 13 39 34 50 1 52 32 10 40 41 56 54 64 6 38 43 70 16 33 53 31 54 15 72 35 19 75 40 55 35 48 51 67 18 24 52 36 71 60 30 49 35 56 51 28 30 51 54 35 44 30 23 33 26 47 49 46 55 66 8 34 42 25 31 36 33 36 66 54 39 42 67 83 26 17 28 28 19 22 58 55 24 53 41 39 52 47 45 24 73 32 61 26 64 17 38 37 63 44 34 35 62 32 35 72 58 23 30 84 34 43 59 22 16 11 
30 12 48 12 69 102 17 80 64 52 42 88 38 25 64 49 65 83 55 58 83 36 29 63 74 60 55 63 0 50 61 16 64 60 53 72 65 32 56 64 31 33 53 42 41 61 42 47 61 101 57 15 78 31 12 84 41 49 10 41 77 33 65 30 63 26 78 11 54 38 70 27 11 48 55 36 89 84 48 85 67 19 8 72 43 93 85 96 87 24 34 21 29 71 71 87 29 49 82 99 95 98 5 26 40 57 21 31 38 46 35 39 51 41 66 13 72 57 24 24 57 16 70 83 19 59 27 58 24 78 85 44 45 55 33 47 37 79 96 13 77 72 45 27 74 37 28 83 60 51 
79 46 58 61 57 95 67 58 29 89 82 81 65 74 98 89 53 74 91 48 107 81 78 99 97 30 74 63 50 0 52 66 79 60 96 63 34 37 91 64 72 57 54 23 74 15 11 91 57 97 87 66 78 55 40 94 82 49 58 29 65 83 91 73 87 65 105 62 45 53 101 51 61 90 35 19 98 111 85 91 42 61 48 92 19 83 75 91 76 62 73 34 72 108 71 97 63 38 60 95 95 86 49 25 72 87 71 82 41 53 45 61 67 47 101 58 85 93 37 41 15 49 34 69 70 35 73 40 28 70 100 26 89 87 60 27 83 54 81 63 109 53 70 77 47 72 74 84 73 57 
90 49 21 61 7 44 68 21 30 62 61 30 39 85 65 65 4 23 62 4 63 67 73 68 55 25 35 13 61 52 0 66 35 12 76 11 26 29 60 14 57 35 12 30 49 44 44 72 7 45 54 71 26 36 50 43 62 13 71 25 16 79 52 60 47 52 64 67 7 27 64 37 71 69 17 40 47 69 60 40 17 54 53 48 34 33 25 39 27 50 55 42 60 77 19 47 46 15 22 43 43 38 64 47 47 53 69 85 22 19 26 34 28 21 69 56 37 63 37 36 39 46 31 22 74 19 65 13 57 18 51 27 71 54 39 25 69 22 35 72 70 13 39 85 22 50 63 32 29 16 
25 21 48 5 73 102 2 86 75 40 29 89 33 21 52 35 70 86 43 64 73 21 13 50 65 70 50 64 16 66 66 0 59 61 37 75 75 40 45 65 19 32 56 54 32 74 56 32 64 101 47 7 77 30 25 80 28 53 16 51 81 17 56 17 55 17 68 6 60 40 59 29 12 33 64 49 85 74 36 82 75 12 18 65 56 94 88 96 90 17 23 33 16 57 71 82 23 56 88 98 94 100 20 40 31 47 5 19 44 48 39 36 49 45 53 9 68 45 34 31 70 20 81 87 9 68 11 66 40 81 79 55 29 45 30 57 22 86 100 12 66 78 39 20 82 28 14 81 57 53 
84 53 21 57 38 47 61 52 64 35 39 38 26 81 33 39 38 38 34 37 29 48 60 37 20 58 8 22 64 79 35 59 0 23 50 34 60 44 30 21 42 30 26 55 29 75 69 48 28 44 23 66 23 33 58 21 40 30 72 50 39 65 18 46 14 41 28 63 37 28 30 37 69 44 50 62 26 34 34 23 52 47 56 13 60 43 40 40 42 42 38 54 46 45 22 23 36 43 52 41 36 49 68 64 28 22 60 75 38 26 35 24 13 32 37 52 8 33 49 45 71 47 66 43 68 53 52 46 73 35 22 53 48 25 30 53 50 54 51 70 35 46 19 79 56 32 49 25 6 23 
87 48 13 58 16 42 64 31 41 52 51 28 31 82 53 55 15 24 52 14 51 59 67 57 43 36 23 3 60 60 12 61 23 0 66 14 38 31 49 4 50 29 7 37 39 54 51 62 5 42 42 67 19 31 50 33 53 12 69 32 20 73 40 53 35 46 51 64 15 21 52 33 68 59 28 46 38 57 50 31 29 49 51 36 41 33 26 36 28 44 47 43 53 65 11 37 40 22 32 39 37 38 63 51 38 41 64 80 23 14 25 26 18 19 57 53 25 52 38 36 50 44 43 26 70 30 59 24 61 19 40 34 62 43 32 33 61 32 38 70 58 23 29 82 34 41 56 25 17 8 
53 51 55 40 82 97 37 97 96 15 15 88 37 52 23 11 80 87 17 76 48 16 26 19 43 90 44 67 53 96 76 37 50 66 0 80 95 61 20 67 24 43 64 78 27 101 85 5 71 94 27 43 74 44 58 67 14 64 54 73 86 28 36 23 38 31 41 43 73 50 31 46 49 7 82 78 71 46 16 72 90 36 50 47 81 93 89 91 91 34 23 61 24 22 71 67 34 73 98 92 85 99 57 72 29 28 33 40 62 57 56 42 48 59 22 40 57 18 60 55 96 47 101 91 41 86 26 82 75 83 61 78 7 25 39 79 15 98 101 48 35 89 37 48 97 26 24 75 52 60 
100 60 27 71 6 32 77 18 38 66 66 18 45 95 66 69 10 12 66 15 60 73 81 70 53 33 37 13 72 63 11 75 34 14 80 0 33 41 63 13 64 43 19 41 54 53 55 77 10 34 56 81 18 44 61 36 67 22 82 37 6 87 52 68 48 60 62 77 19 35 65 46 81 73 28 51 40 66 64 32 23 62 63 46 45 21 13 28 15 58 62 53 67 78 13 40 54 27 18 32 32 26 75 59 52 55 78 94 33 27 36 40 32 31 70 66 33 66 48 47 49 56 38 11 84 28 73 23 69 7 46 38 76 57 46 36 75 21 24 82 69 13 43 95 24 56 71 23 29 22 
96 55 42 71 27 63 78 24 5 83 79 49 58 91 88 85 24 42 84 23 89 83 86 91 80 5 59 39 65 34 26 75 60 38 95 33 0 36 82 40 73 51 35 23 68 21 31 90 33 65 77 79 51 51 53 69 80 32 75 24 33 92 77 76 72 67 89 75 23 44 89 50 76 88 12 32 73 95 80 65 10 66 58 74 23 51 43 59 44 64 72 44 75 100 44 73 62 21 26 63 65 54 66 43 66 76 80 94 33 39 39 53 52 36 92 66 63 85 41 44 18 55 6 37 83 8 79 14 51 39 77 21 89 77 56 18 85 20 48 78 95 21 60 93 13 68 78 57 54 39 
62 20 23 35 37 72 42 48 36 53 46 58 27 57 60 52 33 53 54 26 70 48 50 62 60 31 37 34 32 37 29 40 44 31 61 41 36 0 53 35 38 19 24 16 37 39 26 56 31 73 50 44 50 18 20 62 47 19 42 12 46 56 53 40 50 31 68 39 22 16 64 15 42 55 24 18 67 74 49 61 35 30 24 56 20 62 54 67 56 28 38 12 39 71 42 65 27 17 50 70 68 67 34 21 35 49 44 59 7 19 8 24 31 12 64 30 51 56 7 8 34 19 42 51 47 28 43 26 30 48 65 16 55 49 23 18 50 47 65 44 71 40 32 58 43 35 42 56 38 24 
66 50 40 45 65 77 46 80 84 5 16 68 26 64 7 11 64 68 3 61 29 25 39 8 23 79 26 50 56 91 60 45 30 49 20 63 82 53 0 50 26 33 48 69 17 92 79 20 54 74 7 52 54 36 57 46 17 50 61 64 69 43 15 28 17 30 23 51 59 39 14 39 57 16 70 72 50 29 9 51 76 37 51 27 73 74 70 70 72 33 22 58 29 18 52 47 29 61 81 71 65 79 61 69 19 8 43 54 51 43 46 30 31 47 10 43 37 3 54 49 87 45 89 73 52 74 34 68 75 65 41 68 21 6 30 69 26 82 82 57 21 72 22 61 82 20 31 55 34 44 
90 52 16 61 16 38 67 30 44 53 53 24 33 86 53 56 16 21 53 17 50 61 69 57 41 39 24 1 64 64 14 65 21 4 67 13 40 35 50 0 52 32 11 41 41 57 55 64 7 38 43 71 15 34 54 30 55 16 73 36 19 76 39 56 35 49 50 67 18 25 52 36 72 61 31 50 34 55 51 27 31 52 55 34 45 29 23 32 25 47 50 47 55 66 7 33 43 26 31 35 32 35 67 55 40 42 67 83 27 18 29 29 19 23 57 56 23 53 42 40 53 47 45 23 74 33 61 26 65 16 37 38 64 44 35 36 63 32 35 73 57 24 31 85 34 44 59 21 16 12 
42 27 37 19 64 88 20 78 73 21 11 76 19 40 33 18 61 73 24 56 54 10 17 32 46 68 33 52 31 72 57 19 42 50 24 64 73 38 26 52 0 22 45 54 13 77 61 18 54 86 28 26 63 22 33 63 10 44 35 50 70 23 37 3 36 6 49 25 53 30 40 23 31 18 61 53 67 55 17 66 70 12 27 46 57 81 76 81 78 10 4 37 3 40 57 64 11 52 80 83 78 87 36 48 14 28 18 32 40 38 34 23 34 38 35 17 51 26 35 31 72 22 79 76 27 65 10 61 51 69 60 54 17 26 18 56 12 79 88 31 47 70 23 37 77 10 7 66 41 42 
58 23 16 29 42 70 34 56 53 33 27 57 7 53 41 33 39 53 35 34 53 32 38 42 43 47 22 32 33 57 35 32 30 29 43 43 51 19 33 32 22 0 24 36 17 58 46 38 32 69 30 38 45 3 28 50 28 22 42 30 49 44 35 25 32 17 49 35 31 8 44 7 40 36 39 38 56 56 29 52 48 19 25 40 40 62 55 63 58 15 21 25 24 51 38 53 11 30 58 66 62 68 38 37 15 30 35 51 18 16 13 6 18 16 44 24 39 36 21 16 53 17 58 55 41 43 30 39 44 48 52 35 37 29 4 36 34 56 67 41 52 48 13 53 55 16 28 49 26 21 
80 41 9 52 18 49 58 33 38 50 49 35 27 76 53 53 16 30 51 12 55 55 62 56 45 32 24 10 53 54 12 56 26 7 64 19 35 24 48 11 45 24 0 31 37 49 44 60 8 49 42 61 26 25 43 39 50 5 63 25 25 68 41 49 37 41 54 58 11 16 54 27 62 57 24 39 44 60 48 38 27 43 44 39 35 39 32 43 34 39 43 36 48 66 18 43 35 17 34 46 44 45 56 44 35 41 59 74 16 8 18 22 17 12 57 47 30 51 31 29 44 37 41 31 65 27 54 20 54 25 45 28 59 43 27 27 57 34 44 63 60 25 27 76 33 38 52 32 19 4 
73 33 34 49 36 74 56 42 21 69 63 60 43 68 76 69 32 53 71 26 84 64 65 78 74 17 51 40 42 23 30 54 55 37 78 41 23 16 69 41 54 36 31 0 53 22 14 73 35 75 65 56 56 34 30 70 63 26 52 5 45 71 68 57 64 48 82 52 23 31 79 31 53 71 15 10 75 88 65 68 26 45 36 68 4 63 55 69 56 44 55 21 55 87 48 74 44 15 44 73 73 67 43 20 51 65 59 72 18 30 23 39 44 23 80 45 61 72 20 23 17 34 28 50 60 18 58 20 29 49 76 3 71 65 39 5 66 39 63 55 86 35 48 70 33 52 58 62 49 33 
56 34 28 31 55 75 33 70 70 15 12 64 10 53 24 16 53 62 17 49 42 20 31 25 33 64 20 41 41 74 49 32 29 39 27 54 68 37 17 41 13 17 37 53 0 76 62 23 44 73 16 39 50 19 40 49 13 37 47 48 60 36 24 17 22 15 37 37 46 24 29 22 43 20 56 55 54 43 12 52 63 22 35 32 57 69 64 68 66 17 10 40 17 34 46 50 12 47 71 70 65 75 46 52 2 16 32 46 36 30 30 15 22 32 27 28 37 19 37 32 71 28 75 65 40 60 23 55 58 58 47 52 22 14 13 53 21 71 76 43 37 62 10 51 70 4 20 53 28 33 
90 53 55 69 47 84 76 45 16 92 85 70 66 85 99 92 43 63 93 40 104 86 86 101 95 19 72 56 61 15 44 74 75 54 101 53 21 39 92 57 77 58 49 22 76 0 19 95 50 86 88 76 70 57 49 87 86 45 69 28 54 92 89 79 85 70 103 72 38 53 101 54 72 94 26 25 91 109 88 84 31 67 56 89 19 72 64 80 65 67 77 41 78 110 63 91 67 32 47 84 85 75 60 35 74 87 79 92 40 50 46 62 65 45 102 66 80 94 41 45 5 55 20 58 80 25 80 31 40 59 94 23 94 87 62 23 88 41 69 74 108 42 70 88 34 75 80 76 69 52 
71 35 47 51 49 88 58 53 27 78 71 73 53 66 87 77 45 67 80 40 96 70 68 88 86 26 63 54 42 11 44 56 69 51 85 55 31 26 79 55 61 46 44 14 62 19 0 80 49 89 76 57 70 43 30 84 71 40 50 19 58 73 80 63 76 54 94 53 37 42 90 40 53 79 28 7 89 100 74 82 38 50 38 81 10 76 68 83 69 51 62 24 61 97 62 88 52 29 55 87 87 80 41 16 60 76 61 73 30 43 34 50 56 36 90 48 75 82 25 30 16 38 34 63 61 29 63 32 21 62 90 17 78 75 49 19 72 50 76 55 97 47 59 69 44 61 63 76 62 46 
49 46 51 34 78 95 32 93 91 14 11 86 33 48 25 9 76 84 17 72 49 10 22 21 44 86 41 64 47 91 72 32 48 62 5 77 90 56 20 64 18 38 60 73 23 95 80 0 67 93 26 37 72 39 52 66 10 60 48 68 83 24 36 17 37 25 43 38 69 46 32 41 44 4 78 72 70 48 13 71 86 30 45 47 76 91 86 89 89 29 18 56 19 26 68 67 28 69 94 90 84 97 52 67 25 27 28 36 57 53 51 38 45 54 24 34 56 18 54 50 91 41 96 88 36 82 20 77 70 80 61 73 2 24 34 74 9 94 98 43 38 85 33 44 93 22 18 73 50 56 
89 49 16 60 11 41 66 26 37 57 56 27 35 85 58 60 9 22 57 10 56 63 70 62 48 31 28 6 61 57 7 64 28 5 71 10 33 31 54 7 54 32 8 35 44 50 49 67 0 42 48 70 21 34 51 37 57 12 71 30 17 76 45 57 41 49 57 66 12 24 58 35 70 64 24 44 41 62 55 34 24 52 53 41 39 31 24 36 26 47 51 43 57 71 13 40 43 20 27 39 38 37 65 50 42 47 67 83 23 16 26 30 23 20 63 55 30 57 38 37 46 45 38 22 73 26 62 19 60 17 44 32 66 48 35 30 65 27 35 72 63 18 34 84 28 46 60 27 22 11 
127 90 53 98 40 4 103 43 70 79 84 16 67 123 74 84 44 23 77 49 57 93 104 78 54 67 52 38 101 97 45 101 44 42 94 34 65 73 74 38 86 69 49 75 73 86 89 93 42 0 67 108 23 71 92 28 85 53 111 71 32 109 59 89 56 84 61 104 53 62 69 74 109 89 62 85 27 63 79 23 55 88 93 48 79 14 22 6 21 83 82 85 89 84 30 30 78 61 41 2 9 14 105 93 72 66 103 118 65 55 67 64 52 61 77 93 37 76 80 78 83 85 68 28 110 62 96 57 102 27 38 72 93 68 70 70 95 47 22 110 70 44 63 121 53 76 93 19 44 50 
70 50 34 47 58 69 48 73 79 12 20 61 23 68 11 17 57 61 10 55 26 30 43 14 18 73 19 43 57 87 54 47 23 42 27 56 77 50 7 43 28 30 42 65 16 88 76 26 48 67 0 54 47 33 56 40 21 44 63 60 62 47 9 30 10 31 21 53 53 34 13 37 59 22 65 69 43 27 13 44 70 38 51 20 70 66 63 63 65 33 24 55 31 23 45 40 28 56 74 64 58 72 62 67 17 1 46 59 47 38 42 26 25 42 15 44 29 10 52 47 83 44 83 66 55 68 37 63 73 58 34 64 27 2 27 64 31 75 75 59 21 66 17 65 76 20 34 48 27 38 
19 23 55 9 79 109 6 91 78 47 36 96 40 15 59 42 75 92 50 69 80 27 16 57 72 73 57 70 15 66 71 7 66 67 43 81 79 44 52 71 26 38 61 56 39 76 57 37 70 108 54 0 84 36 27 87 35 58 11 54 87 19 63 24 62 25 75 4 65 46 66 34 6 40 68 51 92 81 43 89 79 19 20 72 58 101 94 102 96 24 30 35 23 63 77 89 30 60 93 105 101 106 17 41 39 54 9 16 49 53 44 43 56 50 60 14 75 52 37 35 72 25 84 92 4 72 18 70 39 87 86 58 35 52 37 60 28 90 105 5 73 83 46 14 87 35 21 88 64 59 
103 66 30 74 24 24 79 34 55 58 62 14 44 99 56 63 26 15 57 30 45 71 81 60 39 51 30 16 78 78 26 77 23 19 74 18 51 50 54 15 63 45 26 56 50 70 70 72 21 23 47 84 0 48 69 19 63 31 87 51 20 87 41 67 37 60 48 81 33 39 53 50 86 68 44 65 22 51 58 14 41 65 69 32 60 19 17 18 19 60 60 62 66 68 8 22 55 41 34 20 17 25 82 71 49 46 79 95 43 32 44 41 29 38 60 69 19 57 57 55 66 61 56 21 87 45 73 39 80 14 28 53 72 48 47 51 72 38 28 87 56 31 40 98 42 53 70 6 21 26 
55 20 18 26 43 72 32 57 52 35 28 59 10 51 43 34 40 55 36 35 56 32 37 44 46 46 25 33 31 55 36 30 33 31 44 44 51 18 36 34 22 3 25 34 19 57 43 39 34 71 33 36 48 0 25 53 29 23 39 29 51 43 38 25 35 16 52 33 31 9 47 4 38 37 39 36 58 58 31 54 48 18 22 43 38 64 57 66 59 13 21 22 24 53 41 56 11 30 59 68 65 70 35 34 17 32 33 49 18 17 12 9 20 16 46 21 41 38 18 13 52 14 57 56 39 43 29 39 41 50 55 34 37 32 5 35 34 57 69 39 54 49 16 50 55 17 27 52 29 22 
43 6 39 20 58 92 27 68 51 54 44 78 34 38 64 52 53 73 56 47 80 42 38 65 71 47 50 53 12 40 50 25 58 50 58 61 53 20 57 54 33 28 43 30 40 49 30 52 51 92 56 27 69 25 0 78 44 39 22 29 66 43 62 34 59 27 76 23 43 30 70 21 23 52 43 24 83 82 49 78 54 21 7 68 31 82 75 86 77 24 36 8 33 73 61 80 27 37 70 89 87 88 14 15 38 55 31 43 27 36 25 34 45 30 67 18 66 58 12 14 45 12 58 72 31 46 33 46 18 68 80 31 50 54 29 34 43 66 85 25 77 60 41 40 62 37 34 74 53 42 
105 73 39 78 42 32 82 53 73 52 58 29 47 102 46 57 44 33 50 47 29 68 80 50 25 68 29 31 84 94 43 80 21 33 67 36 69 62 46 30 63 50 39 70 49 87 84 66 37 28 40 87 19 53 78 0 60 44 93 65 39 85 31 66 29 62 33 85 49 47 40 57 90 62 61 78 5 35 53 6 59 68 76 20 75 33 34 27 36 63 59 73 66 56 24 3 57 56 53 26 19 38 89 83 49 39 81 96 55 43 54 45 32 50 49 73 12 49 68 64 83 68 74 40 89 63 73 56 92 33 10 68 67 42 51 66 70 57 43 91 42 50 40 100 61 53 70 14 24 38 
49 38 41 29 68 87 29 83 81 12 1 77 23 47 24 7 66 75 15 62 46 8 22 22 39 76 33 54 41 82 62 28 40 53 14 67 80 47 17 55 10 28 50 63 13 86 71 10 57 85 21 35 63 29 44 60 0 50 44 58 73 26 30 11 31 16 41 34 59 36 31 31 40 8 68 63 64 46 8 63 76 23 38 41 67 82 77 81 80 20 8 47 12 29 59 60 19 59 84 82 77 88 46 58 15 21 26 37 47 43 41 28 35 44 25 28 48 17 45 40 81 33 86 78 35 72 17 67 62 71 56 63 9 19 24 64 10 84 89 40 38 75 24 44 83 12 14 65 41 46 
77 37 10 49 20 53 55 34 35 51 49 39 27 73 55 53 17 34 52 12 59 54 60 58 49 29 27 15 49 49 13 53 30 12 64 22 32 19 50 16 44 22 5 26 37 45 40 60 12 53 44 58 31 23 39 44 50 0 59 20 28 66 44 48 40 39 57 55 9 14 56 24 58 57 20 34 49 63 48 43 26 41 41 43 30 43 36 47 38 37 43 31 47 68 23 48 33 12 35 51 49 49 52 39 35 43 56 72 11 7 14 22 20 8 59 44 35 53 26 25 40 34 38 34 62 24 52 18 49 29 50 23 59 44 26 22 56 34 47 60 63 25 28 73 33 38 50 37 23 7 
21 21 57 16 79 111 16 90 73 56 45 98 46 16 68 52 75 93 59 68 89 38 28 67 80 70 63 72 10 58 71 16 72 69 54 82 75 42 61 73 35 42 63 52 47 69 50 48 71 111 63 11 87 39 22 93 44 59 0 51 87 30 71 33 69 32 84 10 64 48 75 36 5 50 65 44 98 90 52 94 77 25 18 79 52 102 95 105 97 30 39 31 32 74 80 95 35 59 92 108 104 108 9 34 46 63 20 24 48 55 45 47 60 50 70 19 80 61 34 34 65 25 80 93 14 69 28 68 30 88 92 54 46 61 41 56 39 89 106 6 82 82 52 19 84 43 31 92 68 61 
72 31 28 46 32 70 53 40 24 64 58 56 38 67 71 64 28 49 65 22 78 60 62 73 68 19 45 35 41 29 25 51 50 32 73 37 24 12 64 36 50 30 25 5 48 28 19 68 30 71 60 54 51 29 29 65 58 20 51 0 41 68 62 52 58 43 76 50 18 25 73 27 52 66 14 14 70 82 60 63 25 42 34 63 10 59 51 65 52 40 50 20 51 82 43 68 39 10 42 69 68 64 43 22 46 59 56 70 12 24 18 34 38 17 74 42 55 66 17 20 23 31 30 46 58 17 55 17 32 44 70 4 67 59 34 6 62 38 60 54 80 32 42 68 33 47 54 57 43 27 
106 65 33 77 8 30 83 14 38 72 72 16 51 101 72 75 13 9 72 19 65 80 87 76 58 35 43 19 77 65 16 81 39 20 86 6 33 46 69 19 70 49 25 45 60 54 58 83 17 32 62 87 20 51 66 39 73 28 87 41 0 93 57 74 53 66 67 83 23 41 70 52 87 80 30 55 42 71 70 34 23 69 69 50 48 18 10 26 11 64 68 58 73 84 17 43 60 31 13 30 31 22 80 63 58 61 84 100 38 33 42 47 38 36 76 72 38 72 54 53 51 62 37 5 90 30 79 25 73 6 49 42 82 63 52 39 81 17 19 88 75 12 50 101 22 62 77 25 35 28 
25 38 60 22 87 111 16 100 92 37 27 100 42 24 48 31 83 97 40 78 72 17 6 45 66 87 57 75 33 83 79 17 65 73 28 87 92 56 43 76 23 44 68 71 36 92 73 24 76 109 47 19 87 43 43 85 26 66 30 68 93 0 57 20 57 27 66 21 74 52 56 43 25 27 80 67 90 71 34 89 90 26 35 67 73 105 99 105 101 29 26 50 20 50 81 87 33 72 102 107 101 111 36 58 37 48 12 12 60 60 54 47 58 59 48 26 74 42 51 48 87 37 98 99 16 84 14 81 58 92 82 72 22 45 41 74 16 100 111 24 62 92 46 20 98 33 16 90 65 65 
79 56 34 55 55 62 57 70 80 21 29 55 28 77 15 26 55 56 19 54 18 39 52 19 9 74 17 40 65 91 52 56 18 40 36 52 77 53 15 39 37 35 41 68 24 89 80 36 45 59 9 63 41 38 62 31 30 44 71 62 57 57 0 39 4 39 14 61 53 37 12 42 67 31 65 72 35 20 23 36 69 46 58 11 72 60 58 56 60 41 32 61 40 27 40 31 36 57 71 56 50 65 70 72 25 8 55 68 49 38 45 29 24 44 19 52 22 18 56 52 84 50 83 61 64 68 46 62 79 53 25 66 36 11 33 66 40 72 69 67 18 63 21 74 74 28 43 41 23 38 
39 28 40 18 68 91 18 82 76 23 12 80 22 37 35 18 65 77 26 60 56 7 14 33 49 71 37 55 30 73 60 17 46 53 23 68 76 40 28 56 3 25 49 57 17 79 63 17 57 89 30 24 67 25 34 66 11 48 33 52 74 20 39 0 39 9 51 23 56 33 42 26 29 18 64 55 71 57 19 69 73 12 27 49 60 85 79 85 81 12 7 38 1 40 61 67 14 55 83 87 82 91 35 49 17 31 15 29 43 41 37 27 38 41 36 17 54 28 37 33 74 24 82 79 24 68 6 64 52 72 63 57 15 28 21 58 9 82 91 29 49 73 26 34 80 13 3 70 45 45 
79 54 30 53 51 59 56 66 75 23 30 51 25 76 19 28 51 52 21 49 20 40 52 23 11 69 13 35 63 87 47 55 14 35 38 48 72 50 17 35 36 32 37 64 22 85 76 37 41 56 10 62 37 35 59 29 31 40 69 58 53 57 4 39 0 37 18 60 48 33 17 39 66 33 61 68 33 24 24 33 64 44 56 10 68 56 54 53 56 39 32 57 39 31 36 29 34 53 66 53 47 62 68 69 23 10 54 68 45 34 41 26 20 40 23 50 19 20 53 48 80 48 78 57 63 64 46 58 76 49 24 62 38 12 30 62 41 68 65 66 23 59 18 73 69 26 42 37 18 33 
43 21 33 16 59 85 19 73 67 26 17 73 16 39 37 24 56 70 29 51 57 16 21 37 48 62 32 48 26 65 52 17 41 46 31 60 67 31 30 49 6 17 41 48 15 70 54 25 49 84 31 25 60 16 27 62 16 39 32 43 66 27 39 9 37 0 52 22 47 25 43 17 28 24 55 47 67 58 22 64 64 7 21 47 51 78 72 79 74 3 8 30 8 45 54 64 5 46 75 81 76 84 31 41 14 31 19 34 34 33 28 20 31 32 40 13 50 31 29 24 65 16 73 72 26 59 13 55 45 65 61 48 23 29 13 49 18 73 84 29 51 65 21 38 71 11 11 64 39 38 
90 70 48 68 66 65 69 80 92 29 39 61 42 88 18 35 66 63 26 66 6 49 63 22 8 87 31 51 78 105 64 68 28 51 41 62 89 68 23 50 49 49 54 82 37 103 94 43 57 61 21 75 48 52 76 33 41 57 84 76 67 66 14 51 18 52 0 74 65 51 10 56 80 39 78 86 34 6 32 39 81 59 72 16 86 66 65 60 67 54 45 75 52 24 49 31 49 70 80 59 52 71 83 86 38 21 66 78 63 52 59 44 38 58 19 65 29 24 71 66 98 64 95 69 75 81 57 75 93 61 23 80 44 23 47 80 50 83 75 80 9 74 35 85 85 41 54 46 35 50 
22 19 51 6 75 105 6 87 74 46 35 92 38 18 58 41 71 88 49 65 79 27 18 56 70 69 55 67 11 62 67 6 63 64 43 77 75 39 51 67 25 35 58 52 37 72 53 38 66 104 53 4 81 33 23 85 34 55 10 50 83 21 61 23 60 22 74 0 61 42 65 31 6 40 64 47 89 80 42 86 75 16 16 70 54 97 90 99 92 21 29 31 22 63 74 86 27 56 89 102 97 103 15 37 37 53 10 20 45 50 41 40 53 46 59 11 72 51 33 31 68 21 80 89 8 68 18 66 36 83 84 54 36 51 34 56 28 86 102 6 72 79 44 18 83 33 20 85 61 55 
84 42 19 55 15 52 62 26 26 60 58 37 36 79 64 62 10 31 61 4 66 63 68 67 57 21 35 18 54 45 7 60 37 15 73 19 23 22 59 18 53 31 11 23 46 38 37 69 12 53 53 65 33 31 43 49 59 9 64 18 23 74 53 56 48 47 65 61 0 23 65 31 64 66 12 32 53 71 58 46 17 48 46 50 27 41 33 47 34 45 52 34 55 77 25 52 42 8 28 50 50 46 57 40 44 52 64 79 15 16 20 31 28 15 68 50 41 62 30 30 34 40 30 29 68 15 60 9 50 26 55 20 68 53 35 18 65 25 43 66 71 17 37 79 24 47 59 39 31 15 
65 27 9 36 34 63 42 48 46 39 35 50 13 60 45 40 31 46 40 26 54 40 46 47 44 40 21 24 38 53 27 40 28 21 50 35 44 16 39 25 30 8 16 31 24 53 42 46 24 62 34 46 39 9 30 47 36 14 48 25 41 52 37 33 33 25 51 42 23 0 48 11 46 43 32 35 52 57 36 47 40 27 30 39 35 55 48 57 50 23 29 26 32 57 32 50 19 23 50 60 56 60 42 36 21 33 43 58 12 8 8 8 15 8 49 31 36 41 21 17 48 22 50 47 49 36 38 31 45 41 50 29 45 34 12 30 42 48 60 48 55 40 17 60 47 24 36 44 23 13 
80 63 46 59 68 72 60 83 92 19 30 67 36 78 7 24 68 68 16 66 17 39 52 11 14 86 30 52 70 101 64 59 30 52 31 65 89 64 14 52 40 44 54 79 29 101 90 32 58 69 13 66 53 47 70 40 31 56 75 73 70 56 12 42 17 43 10 65 65 48 0 51 71 28 77 82 43 15 23 46 81 50 64 21 83 72 70 67 72 46 36 69 43 15 52 39 42 69 83 66 60 77 75 81 31 14 57 68 60 50 55 39 36 55 9 56 34 14 66 61 96 57 95 73 66 80 48 74 87 65 32 77 34 15 41 77 40 85 81 71 7 76 31 75 86 33 45 52 36 50 
53 16 20 25 44 75 31 57 50 38 31 61 14 49 47 37 41 57 40 35 60 33 36 48 50 45 29 36 27 51 37 29 37 33 46 46 50 15 39 36 23 7 27 31 22 54 40 41 35 74 37 34 50 4 21 57 31 24 36 27 52 43 42 26 39 17 56 31 31 11 51 0 35 39 38 32 62 62 34 58 47 17 19 47 35 66 59 68 61 14 23 18 25 57 43 60 12 29 59 71 68 72 31 30 20 36 32 48 17 19 11 13 24 16 50 20 45 41 15 10 49 11 56 58 38 42 29 38 37 52 59 31 39 36 9 32 35 57 71 36 58 49 20 49 54 20 28 55 32 24 
19 21 56 12 79 110 11 90 75 52 41 97 43 14 64 47 75 92 55 68 85 33 23 62 76 71 60 71 11 61 71 12 69 68 49 81 76 42 57 72 31 40 62 53 43 72 53 44 70 109 59 6 86 38 23 90 40 58 5 52 87 25 67 29 66 28 80 6 64 46 71 35 0 45 66 47 95 86 48 92 77 22 18 76 54 101 94 104 96 27 35 32 28 69 79 92 32 59 92 106 102 107 12 37 42 59 15 20 48 54 44 45 58 50 65 16 78 57 35 34 68 24 82 92 9 70 23 68 34 87 89 55 41 57 39 58 34 89 106 2 78 82 49 16 85 39 26 90 66 60 
52 45 48 35 75 91 34 90 89 10 8 82 30 51 21 5 73 81 13 69 45 12 25 18 40 83 37 60 48 90 69 33 44 59 7 73 88 55 16 61 18 36 57 71 20 94 79 4 64 89 22 40 68 37 52 62 8 57 50 66 80 27 31 18 33 24 39 40 66 43 28 39 45 0 75 71 66 44 9 66 83 30 45 43 75 87 83 85 85 28 16 55 19 23 64 63 27 66 91 86 80 93 53 66 22 23 30 39 55 50 49 35 41 52 21 35 52 14 53 48 89 41 94 84 39 79 22 74 70 77 57 71 5 20 32 72 12 91 95 45 34 82 30 47 90 19 19 69 46 53 
86 44 31 59 22 60 66 26 14 71 67 46 45 81 76 72 18 39 72 13 79 71 74 79 70 8 47 30 55 35 17 64 50 28 82 28 12 24 70 31 61 39 24 15 56 26 28 78 24 62 65 68 44 39 43 61 68 20 65 14 30 80 65 64 61 55 78 64 12 32 77 38 66 75 0 26 65 84 68 58 11 54 48 63 18 48 40 56 41 52 60 34 63 88 37 64 50 9 28 60 60 52 57 36 54 64 69 83 21 27 27 41 40 23 80 55 54 73 31 32 22 44 18 35 72 4 67 5 45 35 68 12 76 65 43 10 73 24 48 68 84 19 48 82 18 56 66 50 43 27 
66 28 40 44 46 84 51 52 29 70 63 70 46 61 79 70 42 63 72 36 89 63 61 80 79 27 56 49 36 19 40 49 62 46 78 51 32 18 72 50 53 38 39 10 55 25 7 72 44 85 69 51 65 36 24 78 63 34 44 14 55 67 72 55 68 47 86 47 32 35 82 32 47 71 26 0 83 93 66 77 37 43 31 74 8 73 65 79 66 43 54 16 54 89 57 82 44 24 54 83 82 77 35 11 53 68 54 67 24 36 27 43 49 29 82 41 68 74 18 22 21 31 36 60 55 28 55 30 19 58 83 13 70 68 41 16 64 49 73 49 90 45 51 63 43 53 56 71 56 40 
110 79 44 83 46 31 87 56 77 56 63 30 52 107 49 61 48 35 54 51 30 73 85 53 28 72 34 35 89 98 47 85 26 38 71 40 73 67 50 34 67 56 44 75 54 91 89 70 41 27 43 92 22 58 83 5 64 49 98 70 42 90 35 71 33 67 34 89 53 52 43 62 95 66 65 83 0 36 57 7 63 73 81 23 79 34 36 26 37 68 64 78 71 58 28 3 62 60 55 25 18 38 94 88 53 43 86 100 60 48 59 50 38 55 52 78 17 53 73 69 87 73 78 42 94 67 77 60 97 36 11 72 71 46 56 71 74 60 44 96 44 53 45 105 64 57 74 16 29 43 
95 77 54 74 71 67 75 84 98 34 45 64 48 94 23 40 71 67 31 71 6 55 68 26 14 92 37 56 84 111 69 74 34 57 46 66 95 74 29 55 55 56 60 88 43 109 100 48 62 63 27 81 51 58 82 35 46 63 90 82 71 71 20 57 24 58 6 80 71 57 15 62 86 44 84 93 36 0 38 41 86 65 78 20 92 68 68 62 70 60 51 81 58 26 53 33 55 76 85 61 54 73 89 93 44 27 72 83 69 58 65 50 44 64 23 71 33 29 77 72 104 71 100 73 81 87 63 80 100 65 25 86 49 29 53 86 55 87 78 86 10 79 42 90 90 47 60 49 40 56 
57 43 39 36 66 81 37 81 82 4 7 72 22 55 16 5 64 71 7 60 38 17 30 15 31 76 28 51 48 85 60 36 34 50 16 64 80 49 9 51 17 29 48 65 12 88 74 13 55 79 13 43 58 31 49 53 8 48 52 60 70 34 23 19 24 22 32 42 58 36 23 34 48 9 68 66 57 38 0 57 75 29 43 34 69 77 73 75 75 25 13 51 20 23 54 53 22 59 82 76 70 83 53 63 14 14 34 45 48 41 42 27 32 44 18 34 42 9 48 43 83 38 86 75 43 72 25 66 67 67 48 64 14 11 25 65 17 82 85 48 30 73 21 52 81 13 22 59 36 44 
108 74 38 80 38 26 84 48 70 56 62 23 48 104 51 61 41 28 55 44 35 72 83 55 31 65 32 28 85 91 40 82 23 31 72 32 65 61 51 27 66 52 38 68 52 84 82 71 34 23 44 89 14 54 78 6 63 43 94 63 34 89 36 69 33 64 39 86 46 47 46 58 92 66 58 77 7 41 57 0 55 70 77 25 72 27 29 21 30 65 62 72 69 61 21 8 59 53 48 20 13 32 90 82 51 43 83 98 54 42 53 46 34 49 54 75 14 54 67 64 80 69 70 35 91 59 76 53 91 28 16 65 71 46 52 64 73 52 37 93 48 45 43 102 57 56 73 9 25 37 
97 55 36 70 17 53 77 15 15 78 75 39 53 92 81 80 14 32 78 15 81 80 84 84 72 12 51 30 67 42 17 75 52 29 90 23 10 35 76 31 70 48 27 26 63 31 38 86 24 55 70 79 41 48 54 59 76 26 77 25 23 90 69 73 64 64 81 75 17 40 81 47 77 83 11 37 63 86 75 55 0 64 59 65 28 41 33 49 34 61 69 45 72 93 35 63 59 18 17 53 55 44 68 47 61 69 79 94 30 33 36 48 45 32 85 65 54 79 42 43 28 54 15 27 83 8 76 9 56 29 68 24 85 70 52 21 82 12 38 79 87 11 54 93 7 64 75 46 46 31 
38 15 36 9 61 89 14 75 66 33 23 77 21 34 44 30 58 73 36 52 64 20 20 44 55 61 38 51 19 61 54 12 47 49 36 62 66 30 37 52 12 19 43 45 22 67 50 30 52 88 38 19 65 18 21 68 23 41 25 42 69 26 46 12 44 7 59 16 48 27 50 17 22 30 54 43 73 65 29 70 64 0 15 54 48 82 75 83 77 5 15 26 11 52 58 70 10 45 76 85 81 87 24 36 21 38 15 31 33 35 28 24 36 33 47 6 56 38 25 22 62 11 72 74 21 58 13 55 39 68 67 46 28 36 17 48 21 74 87 22 58 66 27 33 71 18 13 69 44 40 
38 3 39 13 60 93 20 72 57 48 38 80 31 33 59 45 56 75 50 50 76 34 30 59 67 53 47 54 8 48 53 18 56 51 50 63 58 24 51 55 27 25 44 36 35 56 38 45 53 93 51 20 69 22 7 76 38 41 18 34 69 35 58 27 56 21 72 16 46 30 64 19 18 45 48 31 81 78 43 77 59 15 0 65 38 84 77 87 79 18 30 15 26 67 62 79 22 41 74 90 87 90 12 22 33 51 23 36 30 37 26 31 43 32 61 10 64 52 17 16 52 8 64 74 24 52 26 50 24 70 77 37 43 49 26 40 36 71 88 20 72 64 38 34 67 31 27 74 52 43 
89 63 34 63 50 51 66 64 77 32 40 46 34 86 26 38 51 47 30 50 15 50 63 30 7 72 18 35 72 92 48 65 13 36 47 46 74 56 27 34 46 40 39 68 32 89 81 47 41 48 20 72 32 43 68 20 41 43 79 63 50 67 11 49 10 47 16 70 50 39 21 47 76 43 63 74 23 20 34 25 65 54 65 0 73 51 49 45 51 48 42 65 50 36 33 20 43 56 64 45 39 56 77 76 33 19 65 78 50 38 47 34 25 45 29 60 13 29 60 56 84 57 80 53 73 66 56 60 84 45 14 66 48 22 39 66 51 67 60 76 24 58 27 84 69 37 53 31 19 36 
74 35 38 51 39 78 58 44 21 73 66 63 47 69 80 73 35 57 75 30 88 67 67 82 78 18 55 44 43 19 34 56 60 41 81 45 23 20 73 45 57 40 35 4 57 19 10 76 39 79 70 58 60 38 31 75 67 30 52 10 48 73 72 60 68 51 86 54 27 35 83 35 54 75 18 8 79 92 69 72 28 48 38 73 0 66 58 73 59 47 58 23 58 91 52 78 47 19 46 77 77 70 43 19 55 69 61 74 22 34 27 43 48 28 84 47 66 76 22 26 14 36 27 53 62 20 61 23 28 52 80 7 74 69 43 9 69 41 66 56 90 38 52 71 35 56 61 66 54 37 
120 81 46 91 26 12 97 28 56 78 81 5 62 115 75 82 31 9 77 37 62 89 99 80 58 53 49 30 93 83 33 94 43 33 93 21 51 62 74 29 81 62 39 63 69 72 76 91 31 14 66 101 19 64 82 33 82 43 102 59 18 105 60 85 56 78 66 97 41 55 72 66 101 87 48 73 34 68 77 27 41 82 84 51 66 0 8 10 7 77 78 75 85 87 23 36 72 49 26 13 18 5 96 81 68 65 97 113 55 47 57 58 47 52 79 86 38 77 70 68 69 77 53 14 104 48 91 43 91 14 44 60 91 68 64 57 91 32 9 103 75 30 59 115 38 72 88 20 41 41 
113 73 39 84 18 20 90 21 48 74 76 6 56 108 73 78 23 2 73 29 62 84 93 77 56 45 45 23 85 75 25 88 40 26 89 13 43 54 70 23 76 55 32 55 64 64 68 86 24 22 63 94 17 57 75 34 77 36 95 51 10 99 58 79 54 72 65 90 33 48 70 59 94 83 40 65 36 68 73 29 33 75 77 49 58 8 0 16 2 71 73 67 79 85 18 38 66 40 20 20 23 13 89 73 63 62 91 106 47 40 50 52 42 44 77 79 36 73 62 61 61 70 46 6 97 40 85 35 83 7 45 51 86 64 58 49 86 25 12 96 73 22 53 108 31 67 82 20 36 34 
121 84 48 92 34 6 98 37 64 75 79 10 62 117 71 80 38 17 74 43 56 89 99 75 52 61 48 33 96 91 39 96 40 36 91 28 59 67 70 32 81 63 43 69 68 80 83 89 36 6 63 102 18 66 86 27 81 47 105 65 26 105 56 85 53 79 60 99 47 57 67 68 104 85 56 79 26 62 75 21 49 83 87 45 73 10 16 0 16 78 78 79 85 82 25 29 73 55 36 4 8 12 99 86 67 62 98 113 59 50 61 59 47 55 75 88 33 73 74 72 77 79 63 23 105 56 91 51 96 21 37 66 89 65 65 64 90 41 18 105 69 38 58 116 48 72 88 15 40 44 
115 75 41 86 20 19 92 21 49 76 78 7 59 111 75 80 24 4 76 30 64 86 95 79 58 46 47 26 87 76 27 90 42 28 91 15 44 56 72 25 78 58 34 56 66 65 69 89 26 21 65 96 19 59 77 36 80 38 97 52 11 101 60 81 56 74 67 92 34 50 72 61 96 85 41 66 37 70 75 30 34 77 79 51 59 7 2 16 0 73 75 69 81 87 20 39 68 42 20 20 23 11 91 75 65 64 93 109 49 42 52 54 44 46 79 81 38 75 64 63 62 72 47 7 99 41 87 36 85 9 46 53 88 66 60 50 88 25 9 98 75 23 56 110 32 69 85 21 39 37 
43 18 31 15 57 84 19 71 64 30 20 72 16 39 40 27 54 68 32 49 59 19 23 40 50 59 33 47 24 62 50 17 42 44 34 58 64 28 33 47 10 15 39 44 17 67 51 29 47 83 33 24 60 13 24 63 20 37 30 40 64 29 41 12 39 3 54 21 45 23 46 14 27 28 52 43 68 60 25 65 61 5 18 48 47 77 71 78 73 0 12 27 11 49 53 65 5 43 73 80 76 83 29 38 16 33 20 35 31 31 25 19 31 29 43 11 50 34 25 21 62 12 70 70 27 56 15 52 42 64 62 44 27 31 12 46 21 71 82 28 54 62 22 38 68 13 14 64 39 36 
47 30 35 23 62 84 24 77 73 18 8 73 16 44 29 15 59 71 21 55 50 11 21 29 42 68 30 49 34 73 55 23 38 47 23 62 72 38 22 50 4 21 43 55 10 77 62 18 51 82 24 30 60 21 36 59 8 43 39 50 68 26 32 7 32 8 45 29 52 29 36 23 35 16 60 54 64 51 13 62 69 15 30 42 58 78 73 78 75 12 0 39 7 37 55 60 10 51 78 80 74 84 39 50 10 24 22 36 39 36 33 21 31 37 31 20 47 23 36 32 73 24 79 73 31 64 13 60 54 66 56 55 16 22 17 56 13 77 85 35 43 68 20 41 76 6 10 63 38 40 
52 12 34 28 49 85 35 59 42 55 47 71 33 47 65 54 45 65 58 39 78 46 44 66 68 38 46 46 21 34 42 33 54 43 61 53 44 12 58 47 37 25 36 21 40 41 24 56 43 85 55 35 62 22 8 73 47 31 31 20 58 50 61 38 57 30 75 31 34 26 69 18 32 55 34 16 78 81 51 72 45 26 15 65 23 75 67 79 69 27 39 0 37 75 55 76 29 28 61 83 80 80 23 11 38 55 38 51 20 30 19 31 41 24 68 24 62 59 5 9 37 14 49 64 39 38 39 37 19 60 76 23 54 54 28 25 48 58 77 34 77 51 39 48 53 38 39 68 49 36 
39 27 40 16 67 91 17 81 75 24 13 79 22 36 36 20 64 77 27 59 57 8 14 34 49 70 37 55 29 72 60 16 46 53 24 67 75 39 29 55 3 24 48 55 17 78 61 19 57 89 31 23 66 24 33 66 12 47 32 51 73 20 40 1 39 8 52 22 55 32 43 25 28 19 63 54 71 58 20 69 72 11 26 50 58 85 79 85 81 11 7 37 0 42 61 68 13 54 82 87 82 90 34 48 17 31 14 29 42 40 36 26 37 40 37 15 55 29 36 32 73 22 81 79 23 67 6 63 50 72 64 56 17 29 21 57 10 81 91 28 50 73 26 34 79 13 3 70 45 45 
75 67 57 58 82 88 57 96 102 19 29 82 44 74 12 21 81 83 16 78 30 35 48 9 30 97 42 66 71 108 77 57 45 65 22 78 100 71 18 66 40 51 66 87 34 110 97 26 71 84 23 63 68 53 73 56 29 68 74 82 84 50 27 40 31 45 24 63 77 57 15 57 69 23 88 89 58 26 23 61 93 52 67 36 91 87 85 82 87 49 37 75 42 0 67 55 46 79 97 82 75 92 76 86 36 24 54 62 69 61 64 48 48 65 8 57 49 15 72 67 105 61 106 88 62 92 45 86 91 80 47 86 28 23 48 87 35 98 96 68 16 89 40 70 99 36 43 67 49 62 
96 59 22 67 18 31 73 31 49 55 57 18 38 92 55 59 20 16 55 23 47 66 75 59 40 44 26 8 71 71 19 71 22 11 71 13 44 42 52 7 57 38 18 48 46 63 62 68 13 30 45 77 8 41 61 24 59 23 80 43 17 81 40 61 36 54 49 74 25 32 52 43 79 64 37 57 28 53 54 21 35 58 62 33 52 23 18 25 20 53 55 55 61 67 0 28 49 33 31 28 25 29 74 63 44 44 73 89 35 25 36 34 23 31 59 63 20 55 49 47 59 54 50 21 80 38 67 32 72 13 33 45 68 46 41 43 67 34 30 80 57 26 35 91 37 48 64 14 18 19 
107 76 42 80 46 34 84 57 77 52 59 32 49 104 45 58 48 36 50 50 27 69 81 50 25 72 31 34 87 97 47 82 23 37 67 40 73 65 47 33 64 53 43 74 50 91 88 67 40 30 40 89 22 56 80 3 60 48 95 68 43 87 31 67 29 64 31 86 52 50 39 60 92 63 64 82 3 33 53 8 63 70 79 20 78 36 38 29 39 65 60 76 68 55 28 0 59 59 56 28 21 40 91 86 50 39 82 97 58 46 57 47 35 53 48 75 14 49 71 67 86 70 78 43 91 66 74 60 95 36 8 71 67 42 53 70 70 60 46 93 40 53 42 102 65 54 71 18 27 41 
48 21 27 20 54 79 25 68 63 27 18 67 10 44 37 25 50 64 29 45 54 21 26 37 45 57 27 42 29 63 46 23 36 40 34 54 62 27 29 43 11 11 35 44 12 67 52 28 43 78 28 30 55 11 27 57 19 33 35 39 60 33 36 14 34 5 49 27 42 19 42 12 32 27 50 44 62 55 22 59 59 10 22 43 47 72 66 73 68 5 10 29 13 46 49 59 0 41 69 75 71 78 34 40 11 28 24 40 29 27 23 14 26 27 39 16 45 31 26 21 62 15 68 66 32 54 18 50 45 59 57 44 27 27 8 45 23 68 78 33 49 59 17 43 66 9 16 58 34 32 
79 37 22 51 22 60 58 31 23 62 58 45 36 74 67 63 17 39 63 11 71 62 65 70 62 17 39 25 49 38 15 56 43 22 73 27 21 17 61 26 52 30 17 15 47 32 29 69 20 61 56 60 41 30 37 56 59 12 59 10 31 72 57 55 53 46 70 56 8 23 69 29 59 66 9 24 60 76 59 53 18 45 41 56 19 49 40 55 42 43 51 28 54 79 33 59 41 0 33 58 58 53 51 32 44 55 60 75 12 18 18 31 32 14 71 47 47 64 24 25 28 36 27 36 64 13 58 9 42 34 62 12 67 56 34 10 64 30 50 61 75 23 39 75 26 47 57 47 36 20 
112 70 43 84 16 38 90 2 31 84 83 26 61 107 85 87 18 20 84 24 79 89 96 88 71 29 55 31 82 60 22 88 52 32 98 18 26 50 81 31 80 58 34 44 71 47 55 94 27 41 74 93 34 59 70 53 84 35 92 42 13 102 71 83 66 75 80 89 28 50 83 59 92 91 28 54 55 85 82 48 17 76 74 64 46 26 20 36 20 73 78 61 82 97 31 56 69 33 0 40 43 28 84 64 69 73 92 107 43 42 48 56 50 43 89 79 51 84 57 57 45 68 28 13 97 26 88 24 74 20 63 41 93 75 61 38 91 6 22 94 88 10 61 107 13 72 86 38 47 38 
124 87 50 95 38 6 100 41 68 76 81 14 65 120 71 81 42 21 75 47 55 90 101 76 52 65 49 36 99 95 43 98 41 39 92 32 63 70 71 35 83 66 46 73 70 84 87 90 39 2 64 105 20 68 89 26 82 51 108 69 30 107 56 87 53 81 59 102 50 60 66 71 106 86 60 83 25 61 76 20 53 85 90 45 77 13 20 4 20 80 80 83 87 82 28 28 75 58 40 0 7 15 102 90 69 63 100 115 62 53 64 61 49 59 75 90 34 74 78 75 81 82 67 27 107 60 93 55 100 25 36 70 90 66 68 68 92 45 21 108 68 42 60 119 52 73 90 17 41 47 
119 84 47 91 38 13 96 44 70 70 75 16 60 116 65 75 42 23 68 47 48 85 96 69 45 66 44 33 95 95 43 94 36 37 85 32 65 68 65 32 78 62 44 73 65 85 87 84 38 9 58 101 17 65 87 19 77 49 104 68 31 101 50 82 47 76 52 97 50 56 60 68 102 80 60 82 18 54 70 13 55 81 87 39 77 18 23 8 23 76 74 80 82 75 25 21 71 58 43 7 0 21 99 88 64 57 95 111 60 50 61 57 45 56 68 86 28 67 75 72 82 79 69 30 103 60 88 55 98 25 29 70 84 60 63 68 86 48 27 104 61 44 55 114 54 68 85 12 36 44 
125 86 51 96 31 10 102 30 59 84 87 11 68 121 81 88 35 15 83 42 67 95 105 85 63 56 55 36 98 86 38 100 49 38 99 26 54 67 79 35 87 68 45 67 75 75 80 97 37 14 72 106 25 70 88 38 88 49 108 64 22 111 65 91 62 84 71 103 46 60 77 72 107 93 52 77 38 73 83 32 44 87 90 56 70 5 13 12 11 83 84 80 90 92 29 40 78 53 28 15 21 0 102 86 74 71 103 119 60 53 63 64 53 57 85 91 43 82 75 74 72 82 56 17 109 51 97 47 96 20 48 64 97 74 70 61 97 34 7 108 80 33 64 121 41 78 94 25 47 47 
30 15 52 17 72 106 21 82 64 57 47 92 43 25 69 54 67 87 60 61 88 41 33 68 79 61 60 66 5 49 64 20 68 63 57 75 66 34 61 67 36 38 56 43 46 60 41 52 65 105 62 17 82 35 14 89 46 52 9 43 80 36 70 35 68 31 83 15 57 42 75 31 12 53 57 35 94 89 53 90 68 24 12 77 43 96 89 99 91 29 39 23 34 76 74 91 34 51 84 102 99 102 0 25 45 62 25 32 41 49 38 44 56 44 71 18 77 62 26 27 56 20 71 86 21 60 31 60 21 82 90 45 49 60 38 48 42 81 99 14 82 74 50 28 76 42 33 87 64 55 
55 21 44 36 55 92 42 62 40 67 58 77 44 50 77 65 50 71 69 44 90 56 53 77 80 38 57 54 26 25 47 40 64 51 72 59 43 21 69 55 48 37 44 20 52 35 16 67 50 93 67 41 71 34 15 83 58 39 34 22 63 58 72 49 69 41 86 37 40 36 81 30 37 66 36 11 88 93 63 82 47 36 22 76 19 81 73 86 75 38 50 11 48 86 63 86 40 32 64 90 88 86 25 0 50 67 46 57 28 40 29 42 51 33 80 33 72 71 15 20 31 25 47 69 45 38 48 40 9 66 86 23 65 66 39 26 58 60 82 39 89 55 51 53 54 49 49 76 59 45 
56 32 26 30 53 74 33 68 68 18 14 63 8 53 26 18 51 60 19 47 43 21 31 27 34 62 19 39 40 72 47 31 28 38 29 52 66 35 19 40 14 15 35 51 2 74 60 25 42 72 17 39 49 17 38 49 15 35 46 46 58 37 25 17 23 14 38 37 44 21 31 20 42 22 54 53 53 44 14 51 61 21 33 33 55 68 63 67 65 16 10 38 17 36 44 50 11 44 69 69 64 74 45 50 0 17 32 47 34 28 28 13 21 30 29 27 37 21 35 30 69 26 72 63 40 57 24 52 56 56 47 50 24 16 11 51 23 69 75 43 39 60 9 51 68 4 21 52 27 31 
70 50 33 47 57 68 48 72 78 13 20 60 22 68 12 18 56 60 11 54 26 30 43 15 18 73 18 42 57 87 53 47 22 41 28 55 76 49 8 42 28 30 41 65 16 87 76 27 47 66 1 54 46 32 55 39 21 43 63 59 61 48 8 31 10 31 21 53 52 33 14 36 59 23 64 68 43 27 14 43 69 38 51 19 69 65 62 62 64 33 24 55 31 24 44 39 28 55 73 63 57 71 62 67 17 0 46 59 46 37 41 25 24 42 16 44 29 11 51 46 82 43 82 65 55 68 37 62 73 57 34 63 28 2 27 64 31 74 74 59 21 65 16 65 75 20 34 47 26 37 
24 26 51 10 77 104 4 90 80 38 27 92 35 21 50 33 73 88 41 68 72 18 7 48 64 75 51 67 21 71 69 5 60 64 33 78 80 44 43 67 18 35 59 59 32 79 61 28 67 103 46 9 79 33 31 81 26 56 20 56 84 12 55 15 54 19 66 10 64 43 57 32 15 30 69 54 86 72 34 83 79 15 23 65 61 97 91 98 93 20 22 38 14 54 73 82 24 60 92 100 95 103 25 46 32 46 0 15 49 51 43 38 50 48 51 14 69 43 39 36 75 25 86 90 9 73 9 70 46 84 79 60 26 44 32 62 18 90 102 14 64 82 40 19 87 28 12 83 58 56 
13 39 67 24 93 120 17 106 94 49 39 108 50 13 60 43 89 104 51 83 84 28 15 57 77 89 66 83 31 82 85 19 75 80 40 94 94 59 54 83 32 51 74 72 46 92 73 36 83 118 59 16 95 49 43 96 37 72 24 70 100 12 68 29 68 34 78 20 79 58 68 48 20 39 83 67 100 83 45 98 94 31 36 78 74 113 106 113 109 35 36 51 29 62 89 97 40 75 107 115 111 119 32 57 47 59 15 0 64 66 59 54 66 64 60 28 84 53 52 50 88 39 100 106 12 87 22 85 54 99 93 73 34 56 48 76 28 105 118 18 74 97 55 8 102 42 25 99 74 72 
68 27 16 40 30 65 47 42 34 51 46 51 25 63 58 52 26 45 53 20 65 50 53 60 56 28 32 26 38 41 22 44 38 23 62 33 33 7 51 27 40 18 16 18 36 40 30 57 23 65 47 49 43 18 27 55 47 11 48 12 38 60 49 43 45 34 63 45 15 12 60 17 48 55 21 24 60 69 48 54 30 33 30 50 22 55 47 59 49 31 39 20 42 69 35 58 29 12 43 62 60 60 41 28 34 46 49 64 0 12 6 21 25 5 62 35 44 54 15 14 35 24 39 44 53 25 46 21 37 40 59 17 56 47 23 17 52 41 58 50 67 33 29 64 38 35 45 48 32 17 
73 34 4 44 26 56 50 40 41 44 42 42 20 68 49 46 23 38 45 19 54 47 54 51 44 35 21 17 46 53 19 48 26 14 57 27 39 19 43 18 38 16 8 30 30 50 43 53 16 55 38 53 32 17 36 43 43 7 55 24 33 60 38 41 34 33 52 50 16 8 50 19 54 50 27 36 48 58 41 42 33 35 37 38 34 47 40 50 42 31 36 30 40 61 25 46 27 18 42 53 50 53 49 40 28 37 51 66 12 0 11 15 14 7 53 39 32 46 25 22 46 29 45 39 57 30 46 25 49 33 47 28 52 38 19 27 49 41 52 55 57 32 21 68 40 31 44 37 19 5 
63 23 15 35 34 67 42 47 40 46 40 53 20 59 53 46 30 48 47 24 62 44 48 55 52 34 29 28 35 45 26 39 35 25 56 36 39 8 46 29 34 13 18 23 30 46 34 51 26 67 42 44 44 12 25 54 41 14 45 18 42 54 45 37 41 28 59 41 20 8 55 11 44 49 27 27 59 65 42 53 36 28 26 47 27 57 50 61 52 25 33 19 36 64 36 57 23 18 48 64 61 63 38 29 28 41 43 59 6 11 0 16 22 5 56 30 43 48 14 11 41 20 45 48 48 31 40 27 38 43 57 22 50 41 17 23 46 46 61 46 63 38 24 59 43 29 39 49 30 17 
62 29 13 33 41 65 38 55 55 30 27 53 5 58 36 31 38 50 31 34 47 32 40 38 37 49 16 28 39 61 34 36 24 26 42 40 53 24 30 29 23 6 22 39 15 62 50 38 30 64 26 43 41 9 34 45 28 22 47 34 47 47 29 27 26 20 44 40 31 8 39 13 45 35 41 43 50 50 27 46 48 24 31 34 43 58 52 59 54 19 21 31 26 48 34 47 14 31 56 61 57 64 44 42 13 25 38 54 21 15 16 0 12 17 40 29 33 32 26 22 57 23 59 52 46 44 32 39 50 45 46 38 37 25 6 39 34 56 64 46 47 47 8 57 55 16 30 45 21 18 
74 41 9 46 34 53 51 49 55 34 34 42 15 71 36 37 32 39 34 30 39 42 52 39 30 49 7 19 51 67 28 49 13 18 48 32 52 31 31 19 34 18 17 44 22 65 56 45 23 52 25 56 29 20 45 32 35 20 60 38 38 58 24 38 20 31 38 53 28 15 36 24 58 41 40 49 38 44 32 34 45 36 43 25 48 47 42 47 44 31 31 41 37 48 23 35 26 32 50 49 45 53 56 51 21 24 50 66 25 14 22 12 0 20 40 41 21 34 36 32 60 35 58 43 58 44 44 38 60 35 35 42 44 25 18 41 44 50 54 59 43 41 11 69 50 25 41 32 8 13 
69 29 11 40 28 61 47 41 37 47 43 47 22 64 53 49 25 42 49 19 60 48 52 56 50 31 27 22 41 47 21 45 32 19 59 31 36 12 47 23 38 16 12 23 32 45 36 54 20 61 42 50 38 16 30 50 44 8 50 17 36 59 44 41 40 32 58 46 15 8 55 16 50 52 23 29 55 64 44 49 32 33 32 45 28 52 44 55 46 29 37 24 40 65 31 53 27 14 43 59 56 57 44 33 30 42 48 64 5 7 5 17 20 0 57 35 39 50 18 16 40 25 42 42 53 27 45 23 42 37 54 21 53 42 20 22 50 41 55 51 62 33 25 64 39 32 43 44 26 12 
73 61 49 54 73 81 54 88 94 13 24 74 36 72 4 18 72 75 10 70 26 33 46 3 23 89 34 58 66 101 69 53 37 57 22 70 92 64 10 57 35 44 57 80 27 102 90 24 63 77 15 60 60 46 67 49 25 59 70 74 76 48 19 36 23 40 19 59 68 49 9 50 65 21 80 82 52 23 18 54 85 47 61 29 84 79 77 75 79 43 31 68 37 8 59 48 39 71 89 75 68 85 71 80 29 16 51 60 62 53 56 40 40 57 0 52 41 8 65 60 97 55 98 80 60 84 42 78 85 72 41 79 26 15 41 79 33 90 88 65 13 81 32 68 91 30 39 60 41 53 
33 12 40 5 64 94 11 77 66 39 28 81 26 29 50 35 60 77 42 55 70 24 20 49 61 61 44 55 13 58 56 9 52 53 40 66 66 30 43 56 17 24 47 45 28 66 48 34 55 93 44 14 69 21 18 73 28 44 19 42 72 26 52 17 50 13 65 11 50 31 56 20 16 35 55 41 78 71 34 75 65 6 10 60 47 86 79 88 81 11 20 24 15 57 63 75 16 47 79 90 86 91 18 33 27 44 14 28 35 39 30 29 41 35 52 0 61 43 25 22 61 11 72 78 18 59 15 56 35 72 73 46 32 42 22 48 25 76 91 17 64 68 33 29 73 24 16 74 50 44 
93 62 28 66 38 39 70 51 67 42 47 33 34 90 37 47 39 34 40 40 27 57 68 42 20 62 17 24 72 85 37 68 8 25 57 33 63 51 37 23 51 39 30 61 37 80 75 56 30 37 29 75 19 41 66 12 48 35 80 55 38 74 22 54 19 50 29 72 41 36 34 45 78 52 54 68 17 33 42 14 54 56 64 13 66 38 36 33 38 50 47 62 55 49 20 14 45 47 51 34 28 43 77 72 37 29 69 84 44 32 43 33 21 39 41 61 0 39 57 53 75 56 69 40 77 56 61 50 81 32 14 59 56 31 39 58 58 54 47 79 37 46 28 88 57 41 58 18 13 28 
66 52 43 45 68 79 46 83 87 5 16 71 28 64 7 10 67 71 2 64 30 25 38 6 25 81 29 53 57 93 63 45 33 52 18 66 85 56 3 53 26 36 51 72 19 94 82 18 57 76 10 52 57 38 58 49 17 53 61 66 72 42 18 28 20 31 24 51 62 41 14 41 57 14 73 74 53 29 9 54 79 38 52 29 76 77 73 73 75 34 23 59 29 15 55 49 31 64 84 74 67 82 62 71 21 11 43 53 54 46 48 32 34 50 8 43 39 0 56 51 89 46 91 76 52 77 34 71 76 68 43 71 20 9 32 71 25 85 85 57 21 75 25 60 85 21 31 58 37 47 
55 13 29 29 45 80 36 55 41 53 45 66 29 50 62 52 41 60 55 34 74 45 45 63 64 36 41 41 24 37 37 34 49 38 60 48 41 7 54 42 35 21 31 20 37 41 25 54 38 80 52 37 57 18 12 68 45 26 34 17 54 51 56 37 53 29 71 33 30 21 66 15 35 53 31 18 73 77 48 67 42 25 17 60 22 70 62 74 64 25 36 5 36 72 49 71 26 24 57 78 75 75 26 15 35 51 39 52 15 25 14 26 36 18 65 25 57 56 0 5 37 14 47 59 41 35 38 33 24 55 71 21 52 51 24 23 47 54 73 37 73 47 35 51 50 35 38 63 44 31 
54 12 25 26 44 78 33 56 44 48 40 64 24 49 57 47 40 59 50 34 69 41 42 58 59 39 37 39 24 41 36 31 45 36 55 47 44 8 49 40 31 16 29 23 32 45 30 50 37 78 47 35 55 13 14 64 40 25 34 20 53 48 52 33 48 24 66 31 30 17 61 10 34 48 32 22 69 72 43 64 43 22 16 56 26 68 61 72 63 21 32 9 32 67 47 67 21 25 57 75 72 74 27 20 30 46 36 50 14 22 11 22 32 16 60 22 53 51 5 0 41 11 50 58 39 36 35 34 28 54 67 24 48 46 19 26 43 55 72 36 68 47 30 50 51 30 34 60 40 28 
87 49 50 65 43 81 72 42 13 87 80 67 61 82 94 87 39 60 88 36 99 82 82 96 90 16 67 52 57 15 39 70 71 50 96 49 18 34 87 53 72 53 44 17 71 5 16 91 46 83 83 72 66 52 45 83 81 40 65 23 51 87 84 74 80 65 98 68 34 48 96 49 68 89 22 21 87 104 83 80 28 62 52 84 14 69 61 77 62 62 73 37 73 105 59 86 62 28 45 81 82 72 56 31 69 82 75 88 35 46 41 57 60 40 97 61 75 89 37 41 0 51 19 55 76 21 75 26 38 56 90 18 89 82 57 18 84 39 66 70 103 39 65 84 32 70 75 72 64 48 
43 6 31 15 54 86 22 66 55 42 33 72 23 39 52 40 50 67 44 44 68 31 31 53 59 50 39 47 16 49 46 20 47 44 47 56 55 19 45 47 22 17 37 34 28 55 38 41 45 85 44 25 61 14 12 68 33 34 25 31 62 37 50 24 48 16 64 21 40 22 57 11 24 41 44 31 73 71 38 69 54 11 8 57 36 77 70 79 72 12 24 14 22 61 54 70 15 36 68 82 79 82 20 25 26 43 25 39 24 29 20 23 35 25 55 11 56 46 14 11 51 0 61 68 28 48 24 45 30 62 69 35 39 42 18 37 33 65 81 26 65 58 30 39 62 25 24 66 43 35 
101 61 49 76 31 65 83 26 6 90 86 53 64 96 94 91 29 46 91 29 95 89 92 97 86 11 65 45 70 34 31 81 66 43 101 38 6 42 89 45 79 58 41 28 75 20 34 96 38 68 83 84 56 57 58 74 86 38 80 30 37 98 83 82 78 73 95 80 30 50 95 56 82 94 18 36 78 100 86 70 15 72 64 80 27 53 46 63 47 70 79 49 81 106 50 78 68 27 28 67 69 56 71 47 72 82 86 100 39 45 45 59 58 42 98 72 69 91 47 50 19 61 0 40 88 14 85 20 55 43 83 26 95 83 62 24 91 22 50 83 101 25 66 98 15 74 84 61 60 45 
111 71 38 83 14 26 89 14 42 76 77 13 57 107 76 80 18 7 76 25 67 85 93 80 60 39 47 24 83 69 22 87 43 26 91 11 37 51 73 23 76 55 31 50 65 58 63 88 22 28 66 92 21 56 72 40 78 34 93 46 5 99 61 79 57 72 69 89 29 47 73 58 92 84 35 60 42 73 75 35 27 74 74 53 53 14 6 23 7 70 73 64 79 88 21 43 66 36 13 27 30 17 86 69 63 65 90 106 44 39 48 52 43 42 80 78 40 76 59 58 55 68 40 0 96 34 84 30 79 8 50 47 87 67 58 44 86 18 13 94 77 16 54 107 25 67 82 25 39 34 
16 27 58 13 82 111 7 95 82 47 36 99 43 13 59 42 78 95 50 72 81 27 14 57 73 77 59 73 19 70 74 9 68 70 41 84 83 47 52 74 27 41 65 60 40 80 61 36 73 110 55 4 87 39 31 89 35 62 14 58 90 16 64 24 63 26 75 8 68 49 66 38 9 39 72 55 94 81 43 91 83 21 24 73 62 104 97 105 99 27 31 39 23 62 80 91 32 64 97 107 103 109 21 45 40 55 9 12 53 57 48 46 58 53 60 18 77 52 41 39 76 28 88 96 0 76 18 74 43 90 87 62 34 53 39 64 27 94 109 7 73 86 48 11 90 36 21 91 66 62 
90 48 34 63 22 60 70 24 11 75 71 46 49 85 80 76 18 39 76 15 82 75 78 82 72 5 51 32 59 35 19 68 53 30 86 28 8 28 74 33 65 43 27 18 60 25 29 82 26 62 68 72 45 43 46 63 72 24 69 17 30 84 68 68 64 59 81 68 15 36 80 42 70 79 4 28 67 87 72 59 8 58 52 66 20 48 40 56 41 56 64 38 67 92 38 66 54 13 26 60 60 51 60 38 57 68 73 87 25 30 31 44 44 27 84 59 56 77 35 36 21 48 14 34 76 0 71 6 48 35 70 15 80 68 47 12 77 21 46 72 87 18 52 86 15 60 70 51 46 30 
33 27 46 14 72 97 12 86 79 29 18 86 28 30 41 24 69 83 32 64 63 9 8 39 55 74 43 61 27 73 65 11 52 59 26 73 79 43 34 61 10 30 54 58 23 80 63 20 62 96 37 18 73 29 33 73 17 52 28 55 79 14 46 6 46 13 57 18 60 38 48 29 23 22 67 55 77 63 25 76 76 13 26 56 61 91 85 91 87 15 13 39 6 45 67 74 18 58 88 93 88 97 31 48 24 37 9 22 46 46 40 32 44 45 42 15 61 34 38 35 75 24 85 84 18 71 0 67 50 78 70 59 18 35 26 61 10 86 97 23 55 78 33 27 84 20 3 76 51 50 
88 46 28 61 17 55 68 22 17 69 66 41 44 83 74 71 13 34 70 9 75 71 75 77 66 12 44 26 58 40 13 66 46 24 82 23 14 26 68 26 61 39 20 20 55 31 32 77 19 57 63 70 39 39 46 56 67 18 68 17 25 81 62 64 58 55 75 66 9 31 74 38 68 74 5 30 60 80 66 53 9 55 50 60 23 43 35 51 36 52 60 37 63 86 32 60 50 9 24 55 55 47 60 40 52 62 70 85 21 25 27 39 38 23 78 56 50 71 33 34 26 45 20 30 74 6 67 0 49 30 64 17 76 63 43 14 73 20 43 70 81 15 46 84 16 55 66 45 40 24 
51 24 53 36 64 102 42 72 48 72 62 87 51 46 82 70 60 81 74 54 97 59 53 83 87 46 65 64 24 28 57 40 73 61 75 69 51 30 75 65 51 44 54 29 58 40 21 70 60 102 73 39 80 41 18 92 62 49 30 32 73 58 79 52 76 45 93 36 50 45 87 37 34 70 45 19 97 100 67 91 56 39 24 84 28 91 83 96 85 42 54 19 50 91 72 95 45 42 74 100 98 96 21 9 56 73 46 54 37 49 38 50 60 42 85 35 81 76 24 28 38 30 55 79 43 48 50 49 0 76 95 32 67 72 46 35 60 69 92 36 95 64 58 49 63 55 51 86 68 54 
106 66 32 77 13 25 83 20 44 68 70 11 50 101 68 72 17 5 68 22 59 78 86 72 52 40 39 17 78 70 18 81 35 19 83 7 39 48 65 16 69 48 25 49 58 59 62 80 17 27 58 87 14 50 68 33 71 29 88 44 6 92 53 72 49 65 61 83 26 41 65 52 87 77 35 58 36 65 67 28 29 68 70 45 52 14 7 21 9 64 66 60 72 80 13 36 59 34 20 25 25 20 82 66 56 57 84 99 40 33 43 45 35 37 72 72 32 68 55 54 56 62 43 8 90 35 78 30 76 0 43 45 80 59 51 43 79 24 18 89 69 18 47 101 29 60 76 19 31 27 
103 75 42 77 51 42 80 63 81 46 54 40 46 100 38 52 53 43 44 54 19 64 77 43 18 76 30 38 85 100 51 79 22 40 61 46 77 65 41 37 60 52 45 76 47 94 90 61 44 38 34 86 28 55 80 10 56 50 92 70 49 82 25 63 24 61 23 84 55 50 32 59 89 57 68 83 11 25 48 16 68 67 77 14 80 44 45 37 46 62 56 76 64 47 33 8 57 62 63 36 29 48 90 86 47 34 79 93 59 47 57 46 35 54 41 73 14 43 71 67 90 69 83 50 87 70 70 64 95 43 0 74 62 37 51 73 66 66 53 90 32 59 40 98 70 51 67 25 27 43 
75 34 32 50 33 71 57 39 20 68 62 57 42 70 75 68 28 50 70 23 82 64 66 77 72 15 49 37 44 26 27 55 53 34 78 38 21 16 68 38 54 35 28 3 52 23 17 73 32 72 64 58 53 34 31 68 63 23 54 4 42 72 66 57 62 48 80 54 20 29 77 31 55 71 12 13 72 86 64 65 24 46 37 66 7 60 51 66 53 44 55 23 56 86 45 71 44 12 41 70 70 64 45 23 50 63 60 73 17 28 22 38 42 21 79 46 59 71 21 24 18 35 26 47 62 15 59 17 32 45 74 0 71 64 39 2 66 36 60 57 84 32 46 71 31 51 58 59 47 30 
47 44 50 32 77 95 30 92 90 15 10 86 32 46 26 10 75 84 18 71 50 8 20 23 45 84 41 63 45 89 71 29 48 62 7 76 89 55 21 64 17 37 59 71 22 94 78 2 66 93 27 35 72 37 50 67 9 59 46 67 82 22 36 15 38 23 44 36 68 45 34 39 41 5 76 70 71 49 14 71 85 28 43 48 74 91 86 89 88 27 16 54 17 28 68 67 27 67 93 90 84 97 49 65 24 28 26 34 56 52 50 37 44 53 26 32 56 20 52 48 89 39 95 87 34 80 18 76 67 80 62 71 0 25 33 72 7 93 98 41 40 84 32 42 92 21 16 73 50 55 
68 48 34 45 59 71 46 74 79 10 17 63 22 65 11 15 58 62 9 55 28 28 41 13 20 73 20 44 55 87 54 45 25 43 25 57 77 49 6 44 26 29 43 65 14 87 75 24 48 68 2 52 48 32 54 42 19 44 61 59 63 45 11 28 12 29 23 51 53 34 15 36 57 20 65 68 46 29 11 46 70 36 49 22 69 68 64 65 66 31 22 54 29 23 46 42 27 56 75 66 60 74 60 66 16 2 44 56 47 38 41 25 25 42 15 42 31 9 51 46 82 42 83 67 53 68 35 63 72 59 37 64 25 0 26 64 29 76 76 57 22 67 17 62 76 18 32 49 28 38 
56 24 19 27 46 72 32 60 57 29 23 59 5 52 37 29 43 56 31 38 51 28 34 38 41 51 21 34 33 60 39 30 30 32 39 46 56 23 30 35 18 4 27 39 13 62 49 34 35 70 27 37 47 5 29 51 24 26 41 34 52 41 33 21 30 13 47 34 35 12 41 9 39 32 43 41 56 53 25 52 52 17 26 39 43 64 58 65 60 12 17 28 21 48 41 53 8 34 61 68 63 70 38 39 11 27 32 48 23 19 17 6 18 20 41 22 39 32 24 19 57 18 62 58 39 47 26 43 46 51 51 39 33 26 0 40 30 60 70 40 49 51 12 50 59 12 24 51 27 24 
77 36 32 52 30 69 59 36 18 69 63 54 43 72 75 69 26 48 70 21 81 66 68 77 72 13 48 35 47 27 25 57 53 33 79 36 18 18 69 36 56 36 27 5 53 23 19 74 30 70 64 60 51 35 34 66 64 22 56 6 39 74 66 58 62 49 80 56 18 30 77 32 58 72 10 16 71 86 65 64 21 48 40 66 9 57 49 64 50 46 56 25 57 87 43 70 45 10 38 68 68 61 48 26 51 64 62 76 17 27 23 39 41 22 79 48 58 71 23 26 18 37 24 44 64 12 61 14 35 43 73 2 72 64 40 0 68 33 57 60 84 29 47 74 28 52 60 57 46 30 
40 37 48 25 75 97 22 90 85 20 11 86 30 39 32 15 73 84 23 68 56 2 13 30 49 80 42 62 37 83 69 22 50 61 15 75 85 50 26 63 12 34 57 66 21 88 72 9 65 95 31 28 72 34 43 70 10 56 39 62 81 16 40 9 41 18 50 28 65 42 40 35 34 12 73 64 74 55 17 73 82 21 36 51 69 91 86 90 88 21 13 48 10 35 67 70 23 64 91 92 86 97 42 58 23 31 18 28 52 49 46 34 44 50 33 25 58 25 47 43 84 33 91 86 27 77 10 73 60 79 66 66 7 29 30 68 0 90 98 33 46 82 32 35 89 19 9 75 50 53 
109 67 43 81 16 44 88 4 25 84 83 32 61 104 86 87 18 25 84 22 81 88 94 89 74 24 56 32 79 54 22 86 54 32 98 21 20 47 82 32 79 56 34 39 71 41 50 94 27 47 75 90 38 57 66 57 84 34 89 38 17 100 72 82 68 73 83 86 25 48 85 57 89 91 24 49 60 87 82 52 12 74 71 67 41 32 25 41 25 71 77 58 81 98 34 60 68 30 6 45 48 34 81 60 69 74 90 105 41 41 46 56 50 41 90 76 54 85 54 55 39 65 22 18 94 21 86 20 69 24 66 36 93 76 60 33 90 0 28 91 90 9 61 105 7 72 84 43 49 38 
124 84 51 96 28 18 102 24 53 86 88 14 68 120 84 90 32 14 85 38 72 96 105 88 67 50 57 35 96 81 35 100 51 38 101 24 48 65 82 35 88 67 44 63 76 69 76 98 35 22 75 105 28 69 85 43 89 47 106 60 19 111 69 91 65 84 75 102 43 60 81 71 106 95 48 73 44 78 85 37 38 87 88 60 66 9 12 18 9 82 85 77 91 96 30 46 78 50 22 21 27 7 99 82 75 74 102 118 58 52 61 64 54 55 88 91 47 85 73 72 66 81 50 13 109 46 97 43 92 18 53 60 98 76 70 57 98 28 0 107 84 28 65 120 35 79 94 29 48 46 
17 23 57 13 80 111 11 92 77 52 41 98 44 13 64 47 76 94 55 70 85 32 21 62 77 73 61 72 13 63 72 12 70 70 48 82 78 44 57 73 31 41 63 55 43 74 55 43 72 110 59 5 87 39 25 91 40 60 6 54 88 24 67 29 66 29 80 6 66 48 71 36 2 45 68 49 96 86 48 93 79 22 20 76 56 103 96 105 98 28 35 34 28 68 80 93 33 61 94 108 104 108 14 39 43 59 14 18 50 55 46 46 59 51 65 17 79 57 37 36 70 26 83 94 7 72 23 70 36 89 90 57 41 57 40 60 33 91 107 0 78 84 50 14 87 39 26 91 67 61 
86 71 53 66 73 74 67 88 98 26 37 70 44 85 14 31 73 72 23 72 14 46 59 16 17 92 36 58 77 109 70 66 35 58 35 69 95 71 21 57 47 52 60 86 37 108 97 38 63 70 21 73 56 54 77 42 38 63 82 80 75 62 18 49 23 51 9 72 71 55 7 58 78 34 84 90 44 10 30 48 87 58 72 24 90 75 73 69 75 54 43 77 50 16 57 40 49 75 88 68 61 80 82 89 39 21 64 74 67 57 63 47 43 62 13 64 37 21 73 68 103 65 101 77 73 87 55 81 95 69 32 84 40 22 49 84 46 90 84 78 0 81 38 81 92 40 52 55 41 56 
101 60 34 73 8 42 80 8 26 75 74 28 52 97 77 78 9 21 75 13 73 80 86 80 65 23 47 23 72 53 13 78 46 23 89 13 21 40 72 24 70 48 25 35 62 42 47 85 18 44 66 83 31 49 60 50 75 25 82 32 12 92 63 73 59 65 74 79 17 40 76 49 82 82 19 45 53 79 73 45 11 66 64 58 38 30 22 38 23 62 68 51 73 89 26 53 59 23 10 42 44 33 74 55 60 65 82 97 33 32 38 47 41 33 81 68 46 75 47 47 39 58 25 16 86 18 78 15 64 18 59 32 84 67 51 29 82 9 28 84 81 0 52 97 11 63 76 36 40 29 
65 36 18 37 45 64 41 60 62 23 22 53 7 61 28 26 43 51 24 39 39 30 41 30 29 56 10 30 45 70 39 39 19 29 37 43 60 32 22 31 23 13 27 48 10 70 59 33 34 63 17 46 40 16 41 40 24 28 52 42 50 46 21 26 18 21 35 44 37 17 31 20 49 30 48 51 45 42 21 43 54 27 38 27 52 59 53 58 56 22 20 39 26 40 35 42 17 39 61 60 55 64 50 51 9 16 40 55 29 21 24 8 11 25 32 33 28 25 35 30 65 30 66 54 48 52 33 46 58 47 40 46 32 17 12 47 32 61 65 50 38 52 0 59 60 13 30 43 18 23 
5 37 69 24 93 123 18 106 91 55 45 110 54 5 67 50 89 106 58 83 90 35 22 65 83 87 70 84 27 77 85 20 79 82 48 95 93 58 61 85 37 53 76 70 51 88 69 44 84 121 65 14 98 50 40 100 44 73 19 68 101 20 74 34 73 38 85 18 79 60 75 49 16 47 82 63 105 90 52 102 93 33 34 84 71 115 108 116 110 38 41 48 34 70 91 102 43 75 107 119 114 121 28 53 51 65 19 8 64 68 59 57 69 64 68 29 88 60 51 50 84 39 98 107 11 86 27 84 49 101 98 71 42 62 50 74 35 105 120 14 81 97 59 0 101 47 31 102 77 73 
105 63 42 78 19 50 85 11 18 84 82 38 60 100 87 86 18 31 84 21 84 87 91 90 76 17 57 34 74 47 22 82 56 34 97 24 13 43 82 34 77 55 33 33 70 34 44 93 28 53 76 87 42 55 62 61 83 33 84 33 22 98 74 80 69 71 85 83 24 47 86 54 85 90 18 43 64 90 81 57 7 71 67 69 35 38 31 48 32 68 76 53 79 99 37 65 66 26 13 52 54 41 76 54 68 75 87 102 38 40 43 55 50 39 91 73 57 85 50 51 32 62 15 25 90 15 84 16 63 29 70 31 92 76 59 28 89 7 35 87 92 11 60 101 0 71 82 48 50 37 
52 30 29 27 56 78 29 71 69 17 11 67 11 49 27 17 54 64 20 50 46 17 27 28 37 64 24 43 37 72 50 28 32 41 26 56 68 35 20 44 10 16 38 52 4 75 61 22 46 76 20 35 53 17 37 53 12 38 43 47 62 33 28 13 26 11 41 33 47 24 33 20 39 19 56 53 57 47 13 56 64 18 31 37 56 72 67 72 69 13 6 38 13 36 48 54 9 47 72 73 68 78 42 49 4 20 28 42 35 31 29 16 25 32 30 24 41 21 35 30 70 25 74 67 36 60 20 55 55 60 51 51 21 18 12 52 19 72 79 39 40 63 13 47 71 0 17 56 32 34 
36 28 43 16 70 95 15 84 78 26 15 83 26 33 38 21 67 80 29 62 60 7 10 36 52 73 41 59 28 74 63 14 49 56 24 71 78 42 31 59 7 28 52 58 20 80 63 18 60 93 34 21 70 27 34 70 14 50 31 54 77 16 43 3 42 11 54 20 59 36 45 28 26 19 66 56 74 60 22 73 75 13 27 53 61 88 82 88 85 14 10 39 3 43 64 71 16 57 86 90 85 94 33 49 21 34 12 25 45 44 39 30 41 43 39 16 58 31 38 34 75 24 84 82 21 70 3 66 51 76 67 58 16 32 24 60 9 84 94 26 52 76 30 31 82 17 0 73 48 48 
107 71 34 78 29 21 83 39 61 60 64 15 48 103 56 64 32 18 58 36 42 73 84 60 38 57 32 22 83 84 32 81 25 25 75 23 57 56 55 21 66 49 32 62 53 76 76 73 27 19 48 88 6 52 74 14 65 37 92 57 25 90 41 70 37 64 46 85 39 44 52 55 90 69 50 71 16 49 59 9 46 69 74 31 66 20 20 15 21 64 63 68 70 67 14 18 58 47 38 17 12 25 87 76 52 47 83 99 48 37 49 45 32 44 60 74 18 58 63 60 72 66 61 25 91 51 76 45 86 19 25 59 73 49 51 57 75 43 29 91 55 36 43 102 48 56 73 0 24 32 
83 49 15 54 32 46 59 47 58 37 40 35 23 79 37 41 32 34 37 31 35 49 59 41 26 52 8 16 60 73 29 57 6 17 52 29 54 38 34 16 41 26 19 49 28 69 62 50 22 44 27 64 21 29 53 24 41 23 68 43 35 65 23 45 18 39 35 61 31 23 36 32 66 46 43 56 29 40 36 25 46 44 52 19 54 41 36 40 39 39 38 49 45 49 18 27 34 36 47 41 36 47 64 59 27 26 58 74 32 19 30 21 8 26 41 50 13 37 44 40 64 43 60 39 66 46 51 40 68 31 27 47 50 28 27 46 50 49 48 67 41 40 18 77 50 32 48 24 0 16 
78 39 5 49 22 50 55 37 42 46 45 36 23 74 49 49 20 32 47 16 51 51 59 52 42 36 20 11 51 57 16 53 23 8 60 22 39 24 44 12 42 21 4 33 33 52 46 56 11 50 38 59 26 22 42 38 46 7 61 27 28 65 38 45 33 38 50 55 15 13 50 24 60 53 27 40 43 56 44 37 31 40 43 36 37 41 34 44 37 36 40 36 45 62 19 41 32 20 38 47 44 47 55 45 31 37 56 72 17 5 17 18 13 12 53 44 28 47 31 28 48 35 45 34 62 30 50 24 54 27 43 30 55 38 24 30 53 38 46 61 56 29 23 73 37 34 48 32 16 0 
12 9 14 16 10 6 2 8 20 15 4 1 14 18 6 3 7 10 13 19 17 13 8 2 6 11 12 11 5 10 5 17 19 11 20 20 12 20 13 1 19 2 16 20 13 4 4 10 4 6 10 1 11 6 5 17 17 3 10 10 6 13 16 17 6 2 6 11 18 7 9 2 13 3 5 3 9 5 4 2 12 14 10 2 14 4 16 10 8 11 1 10 2 5 19 4 6 18 6 9 19 10 18 19 9 19 4 4 3 4 14 18 3 2 4 7 13 11 10 10 4 10 7 10 3 4 16 16 13 1 3 14 7 19 20 19 14 19 17 15 12 17 4 10 6 19 3 7 20 1 
36 36 36 36 36 36 36 36 36 36 36 36 36 36 36 36 36 36 36 36 36 36 36 36 36 36 36 36 36 36 36 36 36 36 36 36 36 36 36 36 36 36 36 36 36 36 36 36 36 36 36 36 36 36 36 36 36 36 36 36 36 36 36 36 36 36 36 36 36 36 36 36 36 36 36 36 36 36 36 36 36 36 36 36 36 36 36 36 36 36 36 36 36 36 36 36 36 36 36 36 36 36 36 36 36 36 36 36 36 36 36 36 36 36 36 36 36 36 36 36 36 36 36 36 36 36 36 36 36 36 36 36 36 36 36 36 36 36 36 36 36 36 36 36 36 36 36 36 36 36 