6 25 150 50 9
0 93 27 70 92 44 38 90 85 28 33 81 64 46 71 78 41 50 72 59 45 69 78 35 33 85 2 12 12 17 98 91 49 48 57 26 80 39 41 45 32 12 33 55 89 51 64 68 76 67 34 69 30 56 16 69 23 74 43 37 51 46 58 45 13 98 26 62 91 62 46 75 83 79 10 64 15 57 83 22 89 89 50 41 46 73 23 30 62 88 36 82 38 78 46 61 71 9 54 22 48 47 46 35 25 61 24 84 9 52 80 83 34 88 46 10 54 69 76 31 26 77 33 47 32 24 76 89 79 38 55 30 36 47 76 74 4 76 88 72 74 25 75 73 57 76 18 74 5 35 
93 0 67 37 5 57 69 10 85 116 75 81 36 74 28 93 67 43 21 61 59 94 22 94 101 12 96 84 103 89 15 85 45 68 66 116 37 62 64 82 85 106 108 80 81 80 92 43 31 33 67 32 83 40 83 53 82 37 50 56 84 49 50 48 107 11 68 50 26 31 63 87 10 77 84 31 82 95 11 113 13 41 52 85 47 37 72 64 53 17 67 13 75 52 54 33 27 101 39 75 87 50 71 81 87 62 108 85 88 98 18 33 110 87 53 97 49 33 17 107 106 27 96 46 78 72 69 72 34 55 96 66 93 67 47 29 98 29 24 33 28 72 41 20 42 25 102 43 99 123 
27 67 0 51 65 18 31 65 80 54 31 76 37 43 44 78 20 26 46 36 33 72 51 46 49 61 29 22 38 22 74 85 22 41 36 52 61 14 31 46 38 39 53 40 83 51 67 42 55 40 12 42 22 29 16 55 28 55 20 12 53 25 42 22 40 73 1 36 69 36 23 73 58 72 17 37 14 63 58 49 65 71 24 31 21 54 16 13 48 65 14 57 22 63 30 38 44 35 28 19 52 20 27 24 23 38 47 80 20 60 53 63 55 84 30 29 37 48 50 51 47 55 46 21 34 17 68 80 59 16 62 5 46 39 60 52 31 54 66 45 47 6 57 47 37 54 41 57 32 61 
70 37 51 0 40 51 37 28 50 87 43 45 43 38 40 56 61 25 29 65 27 57 41 60 67 25 72 59 76 73 32 51 37 33 69 88 10 53 32 46 52 82 76 81 47 44 55 54 7 41 57 42 72 37 66 16 52 4 31 39 47 26 14 29 82 34 52 56 21 27 60 50 28 41 63 35 64 58 27 85 26 20 51 79 32 3 47 40 15 22 58 24 68 18 24 17 39 75 27 48 51 43 68 73 74 67 78 49 68 62 38 12 78 52 23 77 16 5 28 75 75 10 62 34 46 45 33 40 8 35 59 52 59 32 13 8 74 8 19 47 43 57 7 27 14 12 73 8 76 93 
92 5 65 40 0 53 69 15 88 115 75 84 32 75 23 96 63 42 19 56 60 97 17 94 101 15 94 83 101 87 21 89 43 69 61 115 41 59 64 83 85 104 108 75 85 82 94 38 34 29 63 27 79 37 81 56 81 40 49 54 85 49 52 47 105 17 66 45 31 29 59 90 12 80 82 28 80 97 13 111 18 46 48 81 45 40 71 63 55 22 63 16 72 55 55 33 23 99 38 74 88 47 66 77 84 57 107 88 86 100 13 37 110 91 54 95 50 35 15 107 105 30 96 44 78 71 72 76 37 54 97 63 93 68 50 32 96 32 29 28 23 69 44 19 43 28 101 46 97 122 
44 57 18 51 53 0 45 57 90 72 47 85 22 56 30 90 11 25 35 19 42 85 37 63 67 53 46 40 56 34 66 94 14 53 20 70 60 5 43 61 54 56 71 30 91 64 80 24 53 25 10 27 26 17 30 60 46 55 23 17 67 29 47 24 57 65 18 18 65 28 9 85 49 82 34 25 29 78 49 66 58 70 6 29 19 54 33 27 54 59 10 49 19 67 38 34 30 53 23 37 67 8 17 24 30 21 65 89 36 76 40 61 73 94 37 44 42 46 41 69 65 52 64 16 49 34 75 87 57 23 77 13 63 51 63 50 47 51 62 29 32 19 58 37 38 50 59 59 49 79 
38 69 31 37 69 45 0 62 49 50 6 45 54 11 57 46 51 29 51 64 9 40 62 24 31 58 40 26 41 47 68 55 38 10 65 51 45 43 5 16 15 48 39 71 52 19 35 63 43 55 43 57 53 44 40 31 15 40 25 27 21 22 22 26 47 70 32 60 58 42 53 41 58 42 34 49 38 33 58 48 61 53 49 63 31 39 17 18 25 58 45 55 54 40 14 36 56 40 35 16 22 41 58 56 51 66 41 48 39 33 62 49 41 53 15 47 21 38 54 38 38 46 26 34 9 15 39 52 45 22 32 36 24 9 40 43 42 44 56 62 60 36 39 51 26 46 37 38 43 56 
90 10 65 28 15 57 62 0 75 111 69 71 39 66 31 83 68 39 22 64 53 85 27 87 94 4 92 80 99 88 9 74 44 60 69 111 27 62 57 74 78 103 102 83 70 72 83 47 21 36 66 35 83 40 81 43 76 27 47 53 75 44 42 44 103 8 66 53 16 30 65 77 9 67 81 33 80 86 8 108 3 31 54 86 44 27 68 60 44 7 67 8 76 42 48 28 30 97 37 70 79 50 73 82 86 65 103 75 85 90 23 23 104 77 47 95 41 25 17 101 100 17 89 44 72 67 59 62 24 52 87 64 86 59 37 20 94 19 13 37 32 70 31 20 36 16 97 33 96 118 
85 85 80 50 88 90 49 75 0 86 52 5 90 39 89 12 99 66 78 108 48 22 91 54 61 73 86 73 84 96 75 7 79 39 111 89 48 90 49 40 53 92 69 119 7 33 25 101 54 89 91 91 102 82 90 34 61 49 67 73 34 61 44 66 91 79 81 102 61 75 99 11 77 8 83 83 88 34 76 87 72 46 93 112 71 49 67 67 38 68 93 73 103 33 52 64 88 84 71 65 38 84 106 105 101 110 78 1 88 41 88 52 70 3 53 95 48 55 78 70 73 58 57 75 52 65 16 16 51 67 36 84 53 41 38 57 88 57 62 96 92 86 44 77 54 61 76 42 89 88 
28 116 54 87 115 72 50 111 86 0 44 83 91 53 97 76 70 73 96 87 60 65 104 32 25 107 27 32 16 44 118 93 75 57 85 4 96 67 55 48 36 20 17 83 92 53 61 96 94 93 63 95 58 81 44 81 35 90 66 62 52 67 73 68 18 119 53 90 109 86 74 75 106 82 38 89 43 52 106 6 110 103 78 68 71 90 44 52 75 108 64 103 66 90 64 83 97 19 77 41 48 74 74 63 52 89 8 85 37 45 105 99 16 89 64 34 71 88 100 16 13 96 29 72 42 44 82 95 95 61 50 58 33 57 90 93 26 94 107 99 100 53 90 96 75 96 14 89 25 7 
33 75 31 43 75 47 6 69 52 44 0 48 58 13 62 47 52 34 57 66 16 40 67 18 25 65 35 21 35 44 74 58 42 15 67 45 51 44 11 15 9 43 33 72 56 19 35 67 50 59 43 61 51 48 38 37 10 46 29 30 21 27 28 30 42 76 32 63 64 48 54 43 64 45 31 53 36 31 64 42 67 59 52 62 35 45 16 19 31 65 46 61 54 46 20 42 61 35 40 13 20 44 59 55 49 68 35 51 35 29 67 55 35 55 21 43 27 44 59 32 32 53 21 38 3 14 43 56 51 26 30 36 18 14 46 49 37 50 63 66 65 36 46 56 32 53 30 45 38 50 
81 81 76 45 84 85 45 71 5 83 48 0 85 35 84 13 94 61 74 103 43 22 86 51 58 69 82 69 80 92 71 10 74 34 106 86 44 85 44 36 49 89 66 114 9 30 24 96 50 84 86 86 97 77 85 29 57 44 62 68 31 56 39 61 87 75 76 97 57 70 94 10 72 4 79 78 83 32 71 84 68 42 88 107 66 44 63 62 33 64 88 68 98 29 47 59 83 81 66 61 35 79 101 100 96 105 75 4 83 39 84 48 67 8 48 91 43 50 73 67 70 54 54 70 48 60 12 14 47 62 34 79 50 36 34 52 84 52 58 91 87 81 40 72 49 56 73 38 85 85 
64 36 37 43 32 22 54 39 90 91 58 85 0 63 8 93 31 25 17 25 47 90 15 76 81 35 66 58 75 56 48 93 16 59 30 90 50 27 50 70 67 77 87 44 89 71 87 11 42 3 32 5 47 10 51 56 60 46 29 29 74 32 46 28 78 46 38 14 50 15 27 87 30 81 54 7 50 86 31 86 40 59 16 48 23 45 48 40 52 42 32 31 39 61 41 26 9 73 19 52 76 17 34 45 52 26 84 89 57 87 18 49 89 93 40 65 42 37 22 86 83 39 78 20 61 48 74 83 47 32 86 34 76 56 56 38 68 40 47 8 10 40 50 19 35 37 77 51 70 98 
46 74 43 38 75 56 11 66 39 53 13 35 63 0 66 35 63 38 58 75 16 29 70 22 30 63 47 34 47 57 71 45 48 5 77 55 45 54 13 7 16 55 39 83 43 8 24 73 46 64 54 66 64 53 51 28 22 41 35 38 11 31 24 35 54 73 43 71 59 51 64 30 63 32 44 58 48 23 63 52 64 51 60 74 41 40 28 30 24 61 57 60 65 37 22 42 65 47 44 26 13 52 70 67 62 77 44 38 48 24 69 49 41 42 23 56 25 41 60 38 39 49 25 44 13 26 31 44 46 33 23 47 21 7 38 46 49 47 58 71 69 48 39 58 32 50 40 38 50 57 
71 28 44 40 23 30 57 31 89 97 62 84 8 66 0 93 39 28 12 33 50 92 7 81 86 28 73 65 82 64 40 91 22 61 38 96 46 36 53 73 71 84 93 52 87 74 88 16 38 5 41 4 56 15 59 55 65 42 33 35 77 35 46 31 85 38 45 22 44 15 35 87 22 80 61 8 58 89 24 93 33 55 25 57 27 42 54 45 51 35 40 25 48 59 44 25 1 80 22 57 79 24 43 54 61 34 90 89 65 90 10 45 95 92 43 73 42 34 15 91 89 35 82 25 65 54 72 80 43 37 89 41 80 59 53 34 75 36 41 7 3 48 47 14 35 32 84 48 77 104 
78 93 78 56 96 90 46 83 12 76 47 13 93 35 93 0 97 68 83 109 47 11 96 45 51 81 80 68 76 91 84 19 80 37 111 79 56 89 47 33 46 85 59 118 20 28 15 104 62 93 89 94 99 84 86 40 55 56 67 73 27 62 47 67 83 87 79 103 70 78 99 6 84 17 78 86 83 24 83 77 80 56 93 109 72 56 63 65 41 76 92 80 101 41 52 68 92 77 73 61 30 85 104 102 97 111 68 12 83 31 94 60 60 14 53 89 51 61 83 60 63 66 48 76 46 61 24 28 59 67 26 82 44 39 46 64 81 64 70 99 96 83 52 82 57 68 67 50 82 78 
41 67 20 61 63 11 51 68 99 70 52 94 31 63 39 97 0 36 46 17 50 92 47 66 69 64 43 41 53 28 77 103 25 60 16 67 71 8 50 67 58 52 72 20 100 71 87 30 64 34 8 36 17 28 25 70 49 65 32 25 73 38 57 34 53 75 20 22 76 39 5 92 59 90 32 35 26 83 60 64 69 81 14 18 30 64 36 33 63 70 6 60 8 77 47 45 40 50 34 40 72 19 7 14 22 19 65 98 32 81 50 72 74 102 46 38 52 57 51 70 66 63 66 27 54 38 85 96 68 31 82 15 67 58 73 61 44 62 73 37 41 18 68 48 49 61 59 69 45 77 
50 43 26 25 42 25 29 39 66 73 34 61 25 38 28 68 36 0 23 42 22 65 33 53 59 35 52 41 59 49 47 70 12 33 45 72 35 28 25 45 43 63 66 55 66 46 61 36 29 26 31 28 47 16 42 34 38 29 7 14 49 7 22 5 63 48 27 35 42 13 35 62 33 57 41 20 41 61 33 69 39 45 26 53 6 28 29 20 29 38 32 31 43 41 16 11 27 57 6 32 51 18 42 47 49 44 65 66 46 62 33 37 68 70 15 55 17 22 27 64 62 29 55 9 37 28 50 61 33 12 61 27 52 31 37 26 54 28 39 33 31 32 32 23 13 27 59 33 56 79 
72 21 46 29 19 35 51 22 78 96 57 74 17 58 12 83 46 23 0 43 42 83 12 75 82 18 74 63 82 68 31 80 23 53 47 95 34 40 46 66 66 85 89 61 76 66 80 27 26 15 45 15 61 18 61 44 62 31 30 34 69 29 37 28 85 29 46 32 32 9 43 77 13 69 62 11 60 81 14 92 23 43 32 64 25 30 52 43 41 24 45 14 54 47 37 16 10 79 18 55 71 28 51 60 65 44 88 78 66 83 11 33 91 81 36 75 34 23 5 88 86 23 78 25 60 51 62 69 31 34 81 44 75 51 42 22 76 24 29 19 14 50 35 2 27 20 82 37 77 103 
59 61 36 65 56 19 64 64 108 87 66 103 25 75 33 109 17 42 43 0 61 104 39 82 85 61 60 58 71 45 73 112 29 72 5 85 74 22 62 80 73 69 89 19 108 84 100 18 66 28 25 29 32 28 43 77 64 69 41 36 86 47 65 42 71 71 36 11 75 38 13 103 55 100 49 32 43 97 56 82 66 84 15 28 36 68 51 46 71 67 23 57 23 83 56 48 34 68 38 55 86 24 15 28 38 2 82 108 50 96 43 74 91 112 55 56 60 60 47 87 83 64 82 33 68 53 93 104 71 42 96 31 82 70 78 62 62 64 72 28 33 35 72 45 55 61 76 74 63 94 
45 59 33 27 60 42 9 53 48 60 16 43 47 16 50 47 50 22 42 61 0 43 54 34 41 49 47 33 50 51 58 53 33 11 63 61 35 42 5 23 25 56 49 71 49 24 39 57 34 48 43 50 55 38 45 24 25 30 20 25 27 15 13 20 56 60 34 56 48 35 51 42 49 40 40 42 42 39 48 58 51 44 46 64 25 29 23 19 17 48 45 46 55 33 6 27 49 49 28 23 29 37 58 57 55 63 51 47 45 40 53 39 51 51 7 54 11 28 45 48 48 36 36 29 19 21 34 47 35 19 39 36 33 9 31 33 49 34 46 55 53 38 30 42 17 36 46 29 50 66 
69 94 72 57 97 85 40 85 22 65 40 22 90 29 92 11 92 65 83 104 43 0 95 35 40 82 70 59 66 83 87 29 76 32 106 68 59 84 42 25 37 75 48 112 30 20 5 101 63 91 83 92 91 81 77 41 47 58 63 68 19 59 46 63 73 90 72 100 74 77 93 12 85 24 70 84 75 13 84 67 82 61 89 102 69 57 56 59 42 79 86 81 94 45 49 67 91 67 71 53 20 81 99 95 89 106 58 21 74 20 94 63 49 25 50 80 49 62 84 49 52 67 37 72 38 54 29 37 61 62 15 76 34 34 49 65 72 65 74 98 95 76 54 82 56 69 57 52 72 67 
78 22 51 41 17 37 62 27 91 104 67 86 15 70 7 96 47 33 12 39 54 95 0 86 92 24 80 71 89 72 35 92 29 65 44 103 46 43 57 77 77 91 99 58 88 78 92 21 37 12 48 10 63 22 66 56 71 42 39 41 81 40 49 37 92 32 52 28 41 19 42 90 18 82 68 14 65 93 20 99 29 53 32 64 33 42 60 51 54 32 48 22 55 59 48 28 7 87 27 63 83 31 50 61 68 40 96 90 72 94 4 44 101 93 47 80 46 35 13 97 95 34 88 31 70 60 74 81 42 43 93 48 86 63 54 34 82 35 38 11 6 55 47 13 39 31 90 49 84 111 
35 94 46 60 94 63 24 87 54 32 18 51 76 22 81 45 66 53 75 82 34 35 86 0 8 83 36 27 31 51 92 61 60 27 82 35 67 60 29 16 9 39 17 85 60 21 30 85 67 78 58 80 61 66 46 51 17 62 47 48 20 46 45 49 38 94 46 81 81 67 69 43 83 50 38 72 44 22 82 33 85 73 69 73 53 62 30 37 46 82 60 80 66 59 39 60 80 32 58 26 16 62 73 66 58 84 24 53 41 17 86 71 18 57 40 46 45 62 78 17 19 70 3 56 15 29 50 62 67 44 20 51 1 28 60 67 37 68 79 85 83 49 61 75 51 70 22 60 37 36 
33 101 49 67 101 67 31 94 61 25 25 58 81 30 86 51 69 59 82 85 41 40 92 8 0 90 34 28 26 50 100 68 65 35 85 28 75 63 36 24 15 35 8 86 67 29 36 89 75 83 60 85 62 71 47 59 21 70 53 52 27 52 53 55 33 101 49 85 89 73 72 50 90 57 39 78 45 27 89 26 92 81 73 73 59 70 34 41 54 90 62 87 68 67 46 67 86 28 64 30 23 66 74 66 57 87 17 60 41 21 92 79 10 64 47 43 52 69 85 9 12 77 5 61 22 33 58 70 75 49 25 54 8 36 68 74 34 75 87 90 89 50 69 82 58 78 17 68 34 28 
85 12 61 25 15 53 58 4 73 107 65 69 35 63 28 81 64 35 18 61 49 82 24 83 90 0 88 76 94 83 13 73 40 57 65 107 25 58 53 70 74 98 98 79 69 69 80 44 19 32 62 32 78 36 77 41 72 25 42 49 72 40 39 40 99 12 62 50 16 25 61 75 5 65 77 29 76 83 4 104 5 30 50 82 39 25 64 55 41 7 63 4 72 40 44 24 27 92 32 66 75 45 69 77 82 62 99 73 81 87 20 22 100 75 43 90 38 21 13 97 96 15 85 40 68 63 57 61 22 47 84 60 82 55 35 17 90 17 14 34 29 66 29 16 32 13 93 31 91 113 
2 96 29 72 94 46 40 92 86 27 35 82 66 47 73 80 43 52 74 60 47 70 80 36 34 88 0 14 11 17 100 93 51 50 58 24 82 40 43 46 33 10 33 56 91 52 65 70 78 69 36 71 31 58 17 71 25 76 45 39 52 48 60 47 11 100 28 64 93 64 47 76 85 80 12 66 16 58 86 21 91 91 52 41 49 75 25 32 64 90 37 84 39 80 48 64 73 8 56 24 50 49 47 36 25 62 23 85 10 53 82 85 34 90 49 9 57 71 78 30 26 80 34 49 34 26 78 91 81 40 56 32 37 49 79 76 2 78 90 74 76 26 77 75 59 79 18 76 3 34 
12 84 22 59 83 40 26 80 73 32 21 69 58 34 65 68 41 41 63 58 33 59 71 27 28 76 14 0 18 24 87 80 42 36 57 32 68 36 29 34 22 23 31 58 77 40 54 64 65 60 33 63 34 49 19 57 12 62 33 29 40 35 46 36 23 88 22 59 80 53 45 64 74 67 11 57 17 48 74 28 79 77 47 45 38 62 12 20 50 78 35 72 39 66 35 52 64 16 45 10 38 41 46 38 30 60 25 72 15 44 73 71 33 77 35 21 43 58 67 29 25 67 26 39 21 13 64 77 67 29 46 27 28 35 65 63 16 65 77 67 67 23 63 64 46 66 19 63 17 39 
12 103 38 76 101 56 41 99 84 16 35 80 75 47 82 76 53 59 82 71 50 66 89 31 26 94 11 18 0 28 106 90 60 50 69 14 86 50 45 44 31 8 23 67 89 50 61 80 83 78 46 80 42 66 28 73 25 80 52 47 49 54 63 54 7 107 38 74 98 72 58 73 92 79 22 75 27 53 92 10 98 94 62 52 56 79 30 38 66 96 48 90 50 82 52 70 82 3 63 28 46 58 58 47 36 73 13 83 21 47 91 89 24 87 53 19 60 76 86 21 16 85 28 57 34 31 78 91 85 47 51 42 31 49 81 81 10 83 95 84 85 37 80 82 64 84 9 80 9 23 
17 89 22 73 87 34 47 88 96 44 44 92 56 57 64 91 28 49 68 45 51 83 72 51 50 83 17 24 28 0 96 102 44 57 43 41 83 29 48 58 46 24 50 39 100 63 78 58 77 59 24 61 14 49 7 75 36 77 42 35 64 47 63 44 26 96 21 51 91 58 33 87 80 89 13 58 9 72 81 38 88 93 41 24 44 76 29 33 68 87 24 79 22 84 51 61 65 25 51 30 62 40 31 19 8 47 41 95 9 67 74 85 51 100 51 10 59 70 72 48 43 78 50 43 44 31 86 99 81 38 70 23 51 56 82 75 18 77 89 64 66 17 79 69 59 77 35 79 19 51 
98 15 74 32 21 66 68 9 75 118 74 71 48 71 40 84 77 47 31 73 58 87 35 92 100 13 100 87 106 96 0 74 53 65 78 118 28 71 63 78 84 110 108 92 70 76 86 56 25 45 75 44 91 49 90 45 82 30 55 61 79 52 47 52 110 4 75 62 14 38 74 78 18 67 89 42 88 90 17 115 8 29 63 95 52 30 75 67 47 9 76 17 85 42 54 36 39 104 45 78 83 58 82 91 95 74 109 75 93 94 31 23 110 77 53 103 47 30 26 107 106 22 95 53 77 74 59 61 26 59 91 73 91 64 38 25 102 24 13 46 41 79 33 29 42 21 104 35 103 124 
91 85 85 51 89 94 55 74 7 93 58 10 93 45 91 19 103 70 80 112 53 29 92 61 68 73 93 80 90 102 74 0 82 44 115 96 48 95 54 46 60 99 76 124 4 40 32 104 55 92 96 93 108 85 96 36 67 49 71 78 41 65 47 70 98 78 86 105 60 77 104 18 77 13 89 85 93 41 76 94 71 45 96 117 75 50 73 72 41 67 98 73 108 33 56 66 90 91 74 71 45 88 110 110 106 114 85 8 94 48 90 51 77 5 57 101 52 57 79 77 80 59 64 79 58 71 19 13 51 72 43 89 60 46 38 58 94 57 61 98 94 91 45 78 57 61 83 43 95 95 
49 45 22 37 43 14 38 44 79 75 42 74 16 48 22 80 25 12 23 29 33 76 29 60 65 40 51 42 60 44 53 82 0 44 32 74 46 18 34 54 51 62 71 43 79 57 72 25 39 18 22 20 38 6 38 47 44 40 13 13 59 17 35 13 63 52 23 23 51 14 23 74 36 70 39 14 37 71 37 70 44 56 14 43 7 39 31 23 41 45 23 36 33 54 27 20 22 57 9 35 60 6 31 38 42 31 67 78 43 71 31 47 73 82 26 52 30 32 28 69 66 38 61 4 45 32 63 74 43 16 71 20 60 42 49 35 53 37 48 25 25 26 44 25 25 36 61 45 55 82 
48 68 41 33 69 53 10 60 39 57 15 34 59 5 61 37 60 33 53 72 11 32 65 27 35 57 50 36 50 57 65 44 44 0 74 59 39 52 10 13 21 58 44 81 42 13 28 69 40 59 53 61 63 49 51 23 25 35 31 36 16 26 18 31 57 67 42 67 53 46 62 31 58 31 45 53 49 28 57 56 58 46 57 73 37 34 28 28 18 55 55 54 64 32 17 37 60 50 39 27 18 48 68 66 62 74 48 38 50 30 64 43 46 42 18 58 19 35 55 44 44 43 30 40 16 26 28 41 40 30 28 45 26 2 32 40 52 41 52 66 64 47 33 52 26 44 44 32 53 62 
57 66 36 69 61 20 65 69 111 85 67 106 30 77 38 111 16 45 47 5 63 106 44 82 85 65 58 57 69 43 78 115 32 74 0 83 78 22 63 81 74 67 88 14 111 85 101 23 70 33 24 34 29 32 41 80 65 72 43 38 87 49 67 44 68 76 35 16 80 43 12 105 60 102 48 37 42 98 61 80 70 88 18 24 39 72 52 47 74 72 22 61 20 86 58 52 39 66 41 56 87 26 11 25 35 5 81 110 48 96 48 78 90 114 58 53 62 64 52 86 82 68 82 36 69 53 96 107 75 43 97 31 82 72 82 66 60 68 76 33 38 34 76 50 58 66 75 77 61 93 
26 116 52 88 115 70 51 111 89 4 45 86 90 55 96 79 67 72 95 85 61 68 103 35 28 107 24 32 14 41 118 96 74 59 83 0 97 65 56 50 38 17 20 80 95 56 64 94 95 92 61 94 55 80 41 83 36 91 65 61 55 67 74 67 15 119 52 88 109 85 72 78 106 85 36 89 41 55 106 3 110 105 77 65 70 91 43 52 76 109 62 104 63 91 64 83 96 17 77 41 51 72 71 60 49 87 11 88 34 48 105 100 20 92 65 31 72 88 99 19 16 97 32 71 43 44 85 97 96 60 53 56 36 59 91 93 23 95 107 98 99 51 91 96 76 97 14 90 22 10 
80 37 61 10 41 60 45 27 48 96 51 44 50 45 46 56 71 35 34 74 35 59 46 67 75 25 82 68 86 83 28 48 46 39 78 97 0 63 40 52 60 92 83 90 44 49 57 61 8 48 66 49 82 46 76 17 60 6 41 49 52 36 22 39 91 31 62 64 14 35 69 50 29 40 73 42 74 62 28 93 24 10 60 88 41 7 57 50 21 20 68 25 78 15 33 26 45 84 37 58 56 52 77 83 84 76 87 48 78 67 43 4 85 50 33 87 25 13 32 83 83 11 70 44 54 55 32 36 3 45 63 62 66 39 10 12 84 10 14 53 48 67 5 32 24 14 82 7 85 101 
39 62 14 53 59 5 43 62 90 67 44 85 27 54 36 89 8 28 40 22 42 84 43 60 63 58 40 36 50 29 71 95 18 52 22 65 63 0 42 59 51 50 67 29 91 63 79 30 56 30 5 32 20 22 24 61 42 57 24 17 65 30 48 25 51 70 14 23 69 32 9 84 53 82 28 30 24 76 54 61 62 73 12 25 21 56 29 25 55 63 5 53 15 69 38 38 36 48 27 33 65 12 15 20 25 24 61 89 30 74 46 64 69 94 37 38 43 49 45 65 61 56 60 19 47 31 76 88 61 22 75 9 60 50 65 53 42 55 66 35 37 13 60 42 40 54 54 61 43 74 
41 64 31 32 64 43 5 57 49 55 11 44 50 13 53 47 50 25 46 62 5 42 57 29 36 53 43 29 45 48 63 54 34 10 63 56 40 42 0 20 20 52 44 70 51 22 38 60 39 51 42 53 53 40 42 28 20 35 21 25 24 18 17 22 51 65 32 57 53 38 51 42 53 41 36 45 39 36 53 53 56 49 47 63 27 34 19 17 21 53 44 50 53 37 9 31 52 44 31 19 26 38 57 56 52 64 46 48 41 37 57 44 46 53 10 50 16 33 49 43 43 41 31 30 14 17 37 50 40 20 36 35 29 8 36 38 45 39 51 58 56 36 35 46 21 41 41 34 46 61 
45 82 46 46 83 61 16 74 40 48 15 36 70 7 73 33 67 45 66 80 23 25 77 16 24 70 46 34 44 58 78 46 54 13 81 50 52 59 20 0 13 52 33 87 45 6 20 79 53 71 58 73 66 60 52 35 21 48 41 44 6 38 31 42 51 81 47 77 66 58 69 30 71 35 45 65 50 16 70 48 72 58 66 77 47 48 31 34 31 69 61 68 69 43 29 50 72 44 51 28 6 57 74 70 63 83 39 39 49 17 77 56 34 43 30 55 32 49 68 33 34 56 19 50 13 29 34 47 53 39 16 51 15 14 44 53 48 54 65 78 76 51 46 65 39 57 37 45 49 52 
32 85 38 52 85 54 15 78 53 36 9 49 67 16 71 46 58 43 66 73 25 37 77 9 15 74 33 22 31 46 84 60 51 21 74 38 60 51 20 13 0 39 24 77 58 19 32 76 59 68 50 71 55 57 41 44 10 55 38 39 19 37 37 40 38 86 38 72 73 57 61 43 74 48 33 63 38 26 74 35 76 67 60 66 44 54 22 28 39 74 52 71 59 53 30 51 71 31 49 18 16 53 65 59 52 76 27 52 37 22 77 64 26 56 31 42 36 53 69 23 23 62 11 47 6 20 47 60 60 35 24 43 9 21 53 58 35 60 72 75 74 41 54 66 42 62 24 53 35 41 
12 106 39 82 104 56 48 103 92 20 43 89 77 55 84 85 52 63 85 69 56 75 91 39 35 98 10 23 8 24 110 99 62 58 67 17 92 50 52 52 39 0 31 63 97 58 70 80 88 79 46 81 38 68 26 80 33 86 56 50 58 58 69 58 2 111 39 73 103 75 57 82 96 87 22 77 26 62 96 14 102 100 62 48 59 85 35 43 73 101 47 94 47 89 58 74 84 8 66 33 55 59 55 43 32 71 20 91 19 56 93 95 32 96 58 14 66 81 89 29 24 90 37 60 42 36 86 99 91 51 60 43 40 57 88 86 8 88 101 85 86 36 86 85 69 89 18 86 7 27 
33 108 53 76 108 71 39 102 69 17 33 66 87 39 93 59 72 66 89 89 49 48 99 17 8 98 33 31 23 50 108 76 71 44 88 20 83 67 44 33 24 31 0 88 75 38 44 94 83 89 64 91 63 77 48 67 27 79 60 58 36 59 61 61 29 109 53 89 97 80 76 58 97 66 40 84 46 35 97 20 100 90 77 74 65 78 39 47 62 98 66 95 70 76 54 75 92 26 71 35 32 71 77 68 58 91 11 68 41 28 99 87 2 72 55 42 60 77 92 2 7 86 13 67 30 38 67 79 84 55 33 58 17 44 77 82 33 84 96 96 95 54 78 89 66 86 14 77 32 19 
55 80 40 81 75 30 71 83 119 83 72 114 44 83 52 118 20 55 61 19 71 112 58 85 86 79 56 58 67 39 92 124 43 81 14 80 90 29 70 87 77 63 88 0 120 91 107 37 82 47 28 48 25 44 39 90 67 84 53 46 93 58 77 54 65 90 39 30 93 55 20 113 74 111 47 50 41 103 75 77 84 100 30 15 49 83 56 53 84 85 26 75 18 97 67 64 53 64 53 59 92 37 13 20 31 18 79 118 46 100 62 90 89 123 66 49 72 76 66 85 81 81 84 46 74 57 105 117 87 51 102 35 85 79 93 79 57 80 90 47 52 36 88 63 68 78 73 89 58 90 
89 81 83 47 85 91 52 70 7 92 56 9 89 43 87 20 100 66 76 108 49 30 88 60 67 69 91 77 89 100 70 4 79 42 111 95 44 91 51 45 58 97 75 120 0 39 32 100 51 88 93 89 105 81 93 32 65 45 68 74 40 62 43 67 96 74 83 101 56 73 100 18 73 10 87 81 91 41 72 93 67 41 93 114 72 46 70 69 37 63 95 69 105 29 53 62 86 89 71 69 44 84 107 107 104 111 84 8 92 48 86 47 76 7 54 99 48 53 75 76 79 55 63 75 56 68 15 9 47 69 43 86 59 43 34 54 92 53 57 94 90 88 41 74 54 57 82 39 93 95 
51 80 51 44 82 64 19 72 33 53 19 30 71 8 74 28 71 46 66 84 24 20 78 21 29 69 52 40 50 63 76 40 57 13 85 56 49 63 22 6 19 58 38 91 39 0 16 82 51 72 63 74 71 62 58 31 27 46 43 47 3 39 30 44 57 79 51 80 64 59 73 24 70 29 50 66 55 15 69 54 70 54 69 82 49 45 36 38 28 67 65 67 73 39 30 50 73 50 52 33 7 60 78 74 69 86 45 32 55 17 77 53 39 37 31 61 32 47 67 38 40 55 24 52 18 33 29 41 50 42 15 55 20 15 41 52 54 52 63 79 77 55 43 65 39 56 43 42 55 57 
64 92 67 55 94 80 35 83 25 61 35 24 87 24 88 15 87 61 80 100 39 5 92 30 36 80 65 54 61 78 86 32 72 28 101 64 57 79 38 20 32 70 44 107 32 16 0 97 61 87 79 89 86 77 73 40 42 56 59 63 14 55 43 59 68 89 67 95 72 73 89 14 82 25 65 81 70 9 81 62 80 60 85 97 65 55 51 54 39 77 81 78 89 44 45 64 87 62 67 48 15 76 94 90 84 102 53 24 69 16 91 62 45 28 46 75 46 59 81 45 48 65 32 68 33 49 29 38 60 58 11 71 29 30 48 63 67 63 72 94 91 71 52 79 53 67 52 50 67 63 
68 43 42 54 38 24 63 47 101 96 67 96 11 73 16 104 30 36 27 18 57 101 21 85 89 44 70 64 80 58 56 104 25 69 23 94 61 30 60 79 76 80 94 37 100 82 97 0 53 12 34 12 47 19 54 68 68 57 38 37 84 42 57 37 81 53 42 8 60 27 25 98 38 92 58 19 54 96 40 91 49 70 17 45 32 56 55 48 63 52 33 41 38 73 52 37 17 77 30 59 85 23 31 44 53 19 90 101 60 96 25 60 96 104 51 68 53 48 31 92 89 50 86 29 70 56 85 94 58 41 96 38 85 67 67 49 72 51 57 10 15 43 61 30 47 48 83 62 73 103 
76 31 55 7 34 53 43 21 54 94 50 50 42 46 38 62 64 29 26 66 34 63 37 67 75 19 78 65 83 77 25 55 39 40 70 95 8 56 39 53 59 88 83 82 51 51 61 53 0 40 60 41 76 38 71 22 58 6 35 43 54 30 22 33 88 27 56 56 14 27 62 56 22 46 68 34 69 65 21 91 18 17 52 81 35 6 53 46 22 15 61 18 71 22 30 18 36 81 29 55 58 45 70 76 78 68 85 54 73 69 34 8 85 57 30 82 22 7 24 82 82 4 70 37 53 51 38 43 5 39 66 56 66 39 16 3 80 2 12 45 40 61 10 24 19 6 80 12 82 100 
67 33 40 41 29 25 55 36 89 93 59 84 3 64 5 93 34 26 15 28 48 91 12 78 83 32 69 60 78 59 45 92 18 59 33 92 48 30 51 71 68 79 89 47 88 72 87 12 40 0 35 2 51 11 54 56 62 44 30 31 75 33 46 29 80 43 40 17 47 14 30 87 27 80 57 6 53 87 28 88 37 58 19 51 24 43 50 42 51 39 35 29 43 60 42 25 6 75 20 54 77 19 37 48 55 29 86 89 60 88 15 48 91 93 41 68 42 36 19 87 85 38 79 21 62 50 73 82 45 33 87 36 77 57 55 36 71 38 44 7 7 43 48 17 35 35 80 50 72 100 
34 67 12 57 63 10 43 66 91 63 43 86 32 54 41 89 8 31 45 25 43 83 48 58 60 62 36 33 46 24 75 96 22 53 24 61 66 5 42 58 50 46 64 28 93 63 79 34 60 35 0 37 16 26 19 63 40 61 26 18 64 32 50 28 47 74 11 27 73 36 12 84 58 83 24 35 19 75 59 57 67 77 17 22 25 60 28 24 57 67 2 58 12 71 39 42 41 43 31 31 64 17 15 16 20 27 57 90 26 73 51 68 66 95 39 33 46 53 50 62 58 60 58 23 46 29 77 90 64 24 74 7 58 50 68 57 38 59 70 40 42 10 63 47 43 58 51 64 39 70 
69 32 42 42 27 27 57 35 91 95 61 86 5 66 4 94 36 28 15 29 50 92 10 80 85 32 71 63 80 61 44 93 20 61 34 94 49 32 53 73 71 81 91 48 89 74 89 12 41 2 37 0 52 13 56 57 64 45 32 33 77 35 47 31 82 42 42 18 47 16 31 88 26 82 59 8 55 89 27 91 37 58 21 53 26 44 52 44 53 39 37 28 44 61 44 26 5 77 22 56 79 22 39 50 57 30 88 90 62 90 14 48 93 94 43 70 43 37 19 90 87 38 81 24 64 52 74 83 46 36 89 38 80 59 56 37 73 38 44 5 5 45 49 17 37 35 82 51 74 102 
30 83 22 72 79 26 53 83 102 58 51 97 47 64 56 99 17 47 61 32 55 91 63 61 62 78 31 34 42 14 91 108 38 63 29 55 82 20 53 66 55 38 63 25 105 71 86 47 76 51 16 52 0 43 15 77 45 76 41 33 72 46 64 43 40 90 21 39 89 53 21 94 74 95 23 51 17 81 75 52 83 92 31 11 41 75 35 35 70 83 15 74 9 86 53 58 56 39 47 38 71 33 17 5 6 34 54 101 21 78 66 84 65 106 52 24 60 69 66 61 56 76 61 39 53 37 90 102 80 38 80 20 62 61 82 73 32 75 86 54 57 16 78 63 58 74 49 79 33 65 
56 40 29 37 37 17 44 40 82 81 48 77 10 53 15 84 28 16 18 28 38 81 22 66 71 36 58 49 66 49 49 85 6 49 32 80 46 22 40 60 57 68 77 44 81 62 77 19 38 11 26 13 43 0 44 49 50 40 19 19 64 22 38 18 69 48 29 19 48 11 25 78 31 73 46 8 43 76 32 77 41 55 14 46 13 39 38 30 44 42 27 32 36 55 32 20 15 64 10 42 66 9 33 41 47 30 74 81 49 77 24 46 80 85 31 58 33 32 23 76 73 36 68 10 51 38 66 76 42 22 76 26 66 47 50 34 60 36 45 18 18 32 44 20 27 34 68 45 61 89 
16 83 16 66 81 30 40 81 90 44 38 85 51 51 59 86 25 42 61 43 45 77 66 46 47 77 17 19 28 7 90 96 38 51 41 41 76 24 42 52 41 26 48 39 93 58 73 54 71 54 19 56 15 44 0 68 31 70 35 28 59 40 56 38 27 89 15 47 85 52 30 81 74 83 8 52 2 67 74 38 81 86 36 26 37 69 22 26 61 81 21 73 22 77 44 54 59 25 44 24 57 34 30 19 11 45 40 89 7 63 69 78 50 93 44 14 52 63 66 46 41 71 46 37 39 25 79 92 74 31 65 17 47 49 75 68 18 70 82 59 61 11 72 63 52 70 34 72 19 51 
69 53 55 16 56 60 31 43 34 81 37 29 56 28 55 40 70 34 44 77 24 41 56 51 59 41 71 57 73 75 45 36 47 23 80 83 17 61 28 35 44 80 67 90 32 31 40 68 22 56 63 57 77 49 68 0 47 16 37 45 34 31 13 36 79 49 56 69 32 41 69 34 44 25 64 49 66 44 43 80 40 22 61 86 40 16 47 42 7 37 65 40 76 9 24 30 54 72 38 47 38 53 77 79 78 79 72 33 69 49 54 22 69 37 25 78 17 21 44 67 68 26 54 44 39 45 17 26 19 39 45 57 50 23 9 24 73 24 32 62 58 61 12 43 21 28 68 10 74 86 
23 82 28 52 81 46 15 76 61 35 10 57 60 22 65 55 49 38 62 64 25 47 71 17 21 72 25 12 25 36 82 67 44 25 65 36 60 42 20 21 10 33 27 67 65 27 42 68 58 62 40 64 45 50 31 47 0 55 32 31 28 32 38 34 32 84 29 64 73 52 52 51 71 55 23 57 29 36 71 33 74 69 52 56 38 54 13 20 41 73 43 68 49 56 28 48 65 25 44 9 26 45 55 49 42 67 26 60 27 32 72 64 29 64 29 34 36 52 65 25 24 61 18 40 9 12 53 66 60 28 34 33 17 24 55 57 27 59 71 69 68 31 55 62 40 60 21 54 28 41 
74 37 55 4 40 55 40 27 49 90 46 44 46 41 42 56 65 29 31 69 30 58 42 62 70 25 76 62 80 77 30 49 40 35 72 91 6 57 35 48 55 86 79 84 45 46 56 57 6 44 61 45 76 40 70 16 55 0 35 43 49 30 17 33 86 33 56 60 18 30 64 50 28 40 67 38 68 60 27 88 24 16 54 82 35 1 51 44 17 21 62 24 72 16 27 20 41 79 31 52 53 47 72 77 78 71 82 48 72 64 40 8 81 51 27 81 19 8 29 78 78 10 65 38 49 49 32 38 5 39 60 56 62 34 11 8 78 8 17 49 45 61 4 29 18 12 77 6 80 96 
43 50 20 31 49 23 25 47 67 66 29 62 29 35 33 67 32 7 30 41 20 63 39 47 53 42 45 33 52 42 55 71 13 31 43 65 41 24 21 41 38 56 60 53 68 43 59 38 35 30 26 32 41 19 35 37 32 35 0 8 46 5 24 2 56 55 21 36 49 20 32 62 40 58 34 25 34 58 40 62 46 51 26 48 6 34 22 13 31 45 28 38 38 45 15 18 32 50 11 25 47 17 39 42 43 43 58 66 39 58 39 43 62 70 14 48 19 28 33 58 56 35 49 9 32 21 52 64 39 5 57 21 47 29 41 32 47 34 46 37 36 26 37 30 17 34 52 37 49 73 
37 56 12 39 54 17 27 53 73 62 30 68 29 38 35 73 25 14 34 36 25 68 41 48 52 49 39 29 47 35 61 78 13 36 38 61 49 17 25 44 39 50 58 46 74 47 63 37 43 31 18 33 33 19 28 45 31 43 8 0 49 13 32 10 50 61 13 33 56 24 26 67 46 65 28 27 26 61 46 58 53 59 21 40 9 42 18 11 38 52 20 45 30 53 21 25 34 45 16 22 50 14 32 34 35 38 55 72 32 60 43 51 60 77 20 41 27 36 39 56 53 43 49 10 33 19 59 71 47 5 60 13 48 33 49 40 41 42 54 37 38 18 45 35 25 41 48 45 43 69 
51 84 53 47 85 67 21 75 34 52 21 31 74 11 77 27 73 49 69 86 27 19 81 20 27 72 52 40 49 64 79 41 59 16 87 55 52 65 24 6 19 58 36 93 40 3 14 84 54 75 64 77 72 64 59 34 28 49 46 49 0 42 33 46 57 82 53 82 67 62 75 24 73 30 51 69 56 12 73 53 73 57 71 83 52 48 37 40 31 70 67 70 75 41 33 53 76 50 55 34 4 63 80 76 70 88 44 33 55 14 80 56 37 37 34 62 35 50 71 36 39 58 23 55 19 35 31 42 53 44 12 57 19 18 43 55 54 55 66 82 80 57 46 68 42 59 42 45 55 55 
46 49 25 26 49 29 22 44 61 67 27 56 32 31 35 62 38 7 29 47 15 59 40 46 52 40 48 35 54 47 52 65 17 26 49 67 36 30 18 38 37 58 59 58 62 39 55 42 30 33 32 35 46 22 40 31 32 30 5 13 42 0 18 5 58 52 26 41 45 20 38 56 38 53 37 27 38 54 38 63 43 46 31 54 10 29 23 15 25 42 34 36 44 39 9 16 34 52 13 26 44 22 45 48 48 49 58 61 42 55 40 38 61 65 8 52 13 23 33 58 56 31 48 13 30 22 46 58 34 9 54 26 45 24 36 28 50 30 42 40 38 31 32 30 12 30 53 32 51 73 
58 50 42 14 52 47 22 42 44 73 28 39 46 24 46 47 57 22 37 65 13 46 49 45 53 39 60 46 63 63 47 47 35 18 67 74 22 48 17 31 37 69 61 77 43 30 43 57 22 46 50 47 64 38 56 13 38 17 24 32 33 18 0 23 69 49 43 58 36 31 57 41 40 35 52 39 54 45 39 71 40 31 49 73 28 17 35 30 6 37 52 36 63 21 12 21 45 62 27 35 36 41 64 66 65 67 64 43 57 48 48 26 63 47 12 66 5 17 38 60 60 25 48 31 31 33 28 39 22 26 45 44 44 17 19 21 62 23 34 52 49 48 17 36 10 25 59 16 63 78 
45 48 22 29 47 24 26 44 66 68 30 61 28 35 31 67 34 5 28 42 20 63 37 49 55 40 47 36 54 44 52 70 13 31 44 67 39 25 22 42 40 58 61 54 67 44 59 37 33 29 28 31 43 18 38 36 34 33 2 10 46 5 23 0 58 53 23 36 47 18 33 61 38 58 36 23 36 58 38 64 44 49 26 50 5 32 24 15 30 43 29 36 40 43 14 16 31 52 9 27 48 17 40 44 45 44 60 66 41 59 38 41 63 70 13 50 18 26 31 60 58 33 50 8 33 23 51 63 37 7 58 23 49 29 40 30 49 32 44 36 34 28 35 28 15 32 54 36 51 75 
13 107 40 82 105 57 47 103 91 18 42 87 78 54 85 83 53 63 85 71 56 73 92 38 33 99 11 23 7 26 110 98 63 57 68 15 91 51 51 51 38 2 29 65 96 57 68 81 88 80 47 82 40 69 27 79 32 86 56 50 57 58 69 58 0 111 40 75 103 75 58 81 96 86 23 77 27 60 97 12 102 100 64 50 60 85 35 43 73 101 48 95 48 88 58 74 85 7 67 33 53 60 57 45 34 72 18 90 21 54 94 95 30 94 58 16 66 81 90 27 22 90 35 60 41 36 85 98 91 51 58 44 39 56 87 86 9 88 101 86 87 38 86 86 69 89 16 86 8 25 
98 11 73 34 17 65 70 8 79 119 76 75 46 73 38 87 75 48 29 71 60 90 32 94 101 12 100 88 107 96 4 78 52 67 76 119 31 70 65 81 86 111 109 90 74 79 89 53 27 43 74 42 90 48 89 49 84 33 55 61 82 52 49 53 111 0 74 60 18 37 72 82 16 71 89 40 88 93 15 116 9 33 61 93 52 33 76 68 50 12 75 16 84 46 55 36 37 105 45 78 85 57 80 89 94 72 111 79 93 97 28 27 112 81 55 103 49 32 24 109 108 24 97 52 79 75 63 65 29 60 94 72 93 66 41 27 102 26 17 43 38 78 36 27 43 23 105 38 104 125 
26 68 1 52 66 18 32 66 81 53 32 76 38 43 45 79 20 27 46 36 34 72 52 46 49 62 28 22 38 21 75 86 23 42 35 52 62 14 32 47 38 39 53 39 83 51 67 42 56 40 11 42 21 29 15 56 29 56 21 13 53 26 43 23 40 74 0 36 70 37 23 74 59 73 16 38 13 63 59 48 66 72 25 30 22 55 16 14 49 66 13 58 21 64 31 39 45 35 29 20 53 20 26 23 22 38 47 80 19 61 54 64 55 85 31 28 38 49 51 51 47 56 46 21 34 18 68 81 60 17 62 5 46 40 61 53 30 55 67 46 47 5 58 48 38 55 41 58 32 61 
62 50 36 56 45 18 60 53 102 90 63 97 14 71 22 103 22 35 32 11 56 100 28 81 85 50 64 59 74 51 62 105 23 67 16 88 64 23 57 77 72 73 89 30 101 80 95 8 56 17 27 18 39 19 47 69 64 60 36 33 82 41 58 36 75 60 36 0 65 29 17 98 44 93 52 22 47 94 45 85 55 74 12 37 30 59 51 44 64 57 26 46 30 75 50 39 23 71 30 55 83 19 23 36 45 12 84 101 54 93 32 64 91 105 50 61 53 51 37 87 84 54 82 27 66 52 86 96 61 38 93 32 81 65 70 53 65 54 62 17 22 37 64 34 47 51 78 65 67 97 
91 26 69 21 31 65 58 16 61 109 64 57 50 59 44 70 76 42 32 75 48 74 41 81 89 16 93 80 98 91 14 60 51 53 80 109 14 69 53 66 73 103 97 93 56 64 72 60 14 47 73 47 89 48 85 32 73 18 49 56 67 45 36 47 103 18 70 65 0 37 73 64 22 53 83 43 83 77 21 106 13 15 62 94 48 19 68 60 35 9 74 19 84 28 45 31 42 96 42 69 71 57 81 89 91 77 100 61 87 81 37 10 99 63 44 97 37 21 28 97 96 13 84 50 67 66 45 47 13 53 78 69 80 53 24 16 95 14 3 51 45 74 20 30 34 15 95 21 96 114 
62 31 36 27 29 28 42 30 75 86 48 70 15 51 15 78 39 13 9 38 35 77 19 67 73 25 64 53 72 58 38 77 14 46 43 85 35 32 38 58 57 75 80 55 73 59 73 27 27 14 36 16 53 11 52 41 52 30 20 24 62 20 31 18 75 37 37 29 37 0 36 72 21 66 52 8 51 74 22 82 30 45 25 57 15 29 42 33 37 31 37 21 47 46 29 10 14 70 8 45 64 20 44 52 56 40 78 74 56 75 19 35 82 78 28 66 27 22 14 78 76 25 68 15 51 41 58 67 32 25 74 34 66 44 41 23 66 25 34 21 18 41 34 10 20 23 72 36 68 93 
46 63 23 60 59 9 53 65 99 74 54 94 27 64 35 99 5 35 43 13 51 93 42 69 72 61 47 45 58 33 74 104 23 62 12 72 69 9 51 69 61 57 76 20 100 73 89 25 62 30 12 31 21 25 30 69 52 64 32 26 75 38 57 33 58 72 23 17 73 36 0 93 56 91 36 32 31 85 57 69 66 80 11 21 29 63 39 34 63 67 10 57 13 77 47 43 36 55 32 43 75 17 8 18 27 15 69 99 37 84 46 70 78 103 46 43 52 55 48 74 70 61 70 25 57 41 85 96 67 31 85 18 70 60 72 58 49 60 70 33 36 22 67 45 48 59 63 68 50 82 
75 87 73 50 90 85 41 77 11 75 43 10 87 30 87 6 92 62 77 103 42 12 90 43 50 75 76 64 73 87 78 18 74 31 105 78 50 84 42 30 43 82 58 113 18 24 14 98 56 87 84 88 94 78 81 34 51 50 62 67 24 56 41 61 81 82 74 98 64 72 93 0 78 12 74 80 79 23 77 76 74 50 88 104 67 50 59 60 35 70 87 74 96 35 47 62 86 74 68 57 27 79 99 97 92 105 67 10 79 30 88 54 59 14 48 86 45 55 77 59 62 60 46 70 42 57 18 24 53 62 25 77 42 33 40 58 78 58 64 93 90 78 46 76 51 62 65 44 79 77 
83 10 58 28 12 49 58 9 77 106 64 72 30 63 22 84 59 33 13 55 49 85 18 83 90 5 85 74 92 80 18 77 36 58 60 106 29 53 53 71 74 96 97 74 73 70 82 38 22 27 58 26 74 31 74 44 71 28 40 46 73 38 40 38 96 16 59 44 22 21 56 78 0 68 74 24 72 85 1 102 10 36 45 77 36 28 62 53 43 13 58 4 68 44 43 22 21 90 29 65 76 41 64 73 78 56 97 77 78 88 15 26 100 79 43 87 38 23 8 96 95 18 85 37 67 61 60 65 26 45 85 56 82 56 39 20 88 20 19 29 23 63 32 11 32 16 92 34 89 112 
79 77 72 41 80 82 42 67 8 82 45 4 81 32 80 17 90 57 69 100 40 24 82 50 57 65 80 67 79 89 67 13 70 31 102 85 40 82 41 35 48 87 66 111 10 29 25 92 46 80 83 82 95 73 83 25 55 40 58 65 30 53 35 58 86 71 73 93 53 66 91 12 68 0 76 74 81 33 67 83 64 39 84 104 63 40 60 59 29 60 85 64 95 25 43 55 79 79 62 58 34 75 97 97 93 102 74 8 81 40 80 44 67 12 44 89 40 46 69 66 69 50 53 66 46 58 8 13 43 59 35 76 49 33 30 48 82 48 54 87 83 78 36 68 45 52 72 34 83 85 
10 84 17 63 82 34 34 81 83 38 31 79 54 44 61 78 32 41 62 49 40 70 68 38 39 77 12 11 22 13 89 89 39 45 48 36 73 28 36 45 33 22 40 47 87 50 65 58 68 57 24 59 23 46 8 64 23 67 34 28 51 37 52 36 23 89 16 52 83 52 36 74 74 76 0 54 6 59 74 32 80 82 40 34 37 66 17 22 57 80 26 73 29 73 40 53 61 19 44 18 49 37 37 27 19 51 33 82 5 55 70 75 42 87 40 14 48 61 67 38 34 69 38 37 31 19 73 86 71 29 58 20 39 43 71 66 14 68 80 62 64 14 68 63 49 68 27 68 15 45 
64 31 37 35 28 25 49 33 83 89 53 78 7 58 8 86 35 20 11 32 42 84 14 72 78 29 66 57 75 58 42 85 14 53 37 89 42 30 45 65 63 77 84 50 81 66 81 19 34 6 35 8 51 8 52 49 57 38 25 27 69 27 39 23 77 40 38 22 43 8 32 80 24 74 54 0 51 81 25 85 34 52 21 53 19 37 46 37 45 35 35 25 44 53 36 18 7 72 14 49 71 18 40 49 55 34 82 82 58 82 16 42 87 86 35 66 35 29 16 83 80 32 74 17 57 46 66 75 39 29 81 35 72 51 48 30 68 32 39 13 11 41 42 13 28 29 76 43 70 96 
15 82 14 64 80 29 38 80 88 43 36 83 50 48 58 83 26 41 60 43 42 75 65 44 45 76 16 17 27 9 88 93 37 49 42 41 74 24 39 50 38 26 46 41 91 55 70 54 69 53 19 55 17 43 2 66 29 68 34 26 56 38 54 36 27 88 13 47 83 51 31 79 72 81 6 51 0 65 73 38 80 84 36 28 36 67 20 24 59 79 21 72 23 75 42 52 58 24 43 22 55 33 31 21 13 45 39 87 6 61 68 76 48 91 42 15 50 62 65 44 40 70 44 35 37 22 77 90 72 29 63 16 45 47 73 66 18 68 80 59 60 10 70 61 50 68 33 70 19 50 
57 95 63 58 97 78 33 86 34 52 31 32 86 23 89 24 83 61 81 97 39 13 93 22 27 83 58 48 53 72 90 41 71 28 98 55 62 76 36 16 26 62 35 103 41 15 9 96 65 87 75 89 81 76 67 44 36 60 58 61 12 54 45 58 60 93 63 94 77 74 85 23 85 33 59 81 65 0 84 54 84 66 82 92 63 59 47 51 42 81 77 81 85 50 45 65 88 54 67 43 10 74 90 85 78 99 44 33 63 7 92 67 36 37 46 68 47 62 82 36 39 69 24 67 29 45 37 46 64 56 2 68 21 30 53 66 59 67 76 94 92 67 57 80 54 70 44 55 60 54 
83 11 58 27 13 49 58 8 76 106 64 71 31 63 24 83 60 33 14 56 48 84 20 82 89 4 86 74 92 81 17 76 37 57 61 106 28 54 53 70 74 96 97 75 72 69 81 40 21 28 59 27 75 32 74 43 71 27 40 46 73 38 39 38 97 15 59 45 21 22 57 77 1 67 74 25 73 84 0 102 9 34 46 78 37 27 62 53 42 12 59 3 68 43 43 22 22 90 30 65 76 42 65 74 79 58 97 75 78 87 16 25 99 78 42 88 38 22 9 96 95 17 85 37 67 61 59 64 25 45 85 57 82 56 37 19 88 19 18 30 25 63 31 12 31 15 91 33 89 112 
22 113 49 85 111 66 48 108 87 6 42 84 86 52 93 77 64 69 92 82 58 67 99 33 26 104 21 28 10 38 115 94 70 56 80 3 93 61 53 48 35 14 20 77 93 54 62 91 91 88 57 91 52 77 38 80 33 88 62 58 53 63 71 64 12 116 48 85 106 82 69 76 102 83 32 85 38 54 102 0 107 102 73 62 66 87 40 48 73 105 59 100 60 88 61 79 92 13 73 37 49 69 68 57 46 83 9 86 31 47 101 97 20 90 61 28 69 85 96 18 14 94 30 68 40 41 82 95 93 57 52 53 34 56 88 90 20 92 104 94 95 47 88 92 73 93 11 87 19 13 
89 13 65 26 18 58 61 3 72 110 67 68 40 64 33 80 69 39 23 66 51 82 29 85 92 5 91 79 98 88 8 71 44 58 70 110 24 62 56 72 76 102 100 84 67 70 80 49 18 37 67 37 83 41 81 40 74 24 46 53 73 43 40 44 102 9 66 55 13 30 66 74 10 64 80 34 80 84 9 107 0 27 55 87 44 25 67 59 41 4 67 9 77 39 46 27 32 96 37 69 76 50 74 82 86 67 101 72 85 88 25 20 102 74 45 94 40 23 18 99 99 15 87 44 70 66 56 59 21 51 85 64 84 57 34 18 94 17 10 39 34 70 28 21 34 14 96 30 95 116 
89 41 71 20 46 70 53 31 46 103 59 42 59 51 55 56 81 45 43 84 44 61 53 73 81 30 91 77 94 93 29 45 56 46 88 105 10 73 49 58 67 100 90 100 41 54 60 70 17 58 77 58 92 55 86 22 69 16 51 59 57 46 31 49 100 33 72 74 15 45 80 50 36 39 82 52 84 66 34 102 27 0 70 99 51 17 66 60 28 23 78 32 88 15 42 36 53 93 47 67 61 62 87 93 94 85 94 46 87 71 50 10 92 48 42 97 34 24 40 90 90 20 76 54 61 64 31 32 13 55 67 72 73 46 13 21 93 19 17 62 57 77 14 41 34 22 90 14 94 108 
50 52 24 51 48 6 49 54 93 78 52 88 16 60 25 93 14 26 32 15 46 89 32 69 73 50 52 47 62 41 63 96 14 57 18 77 60 12 47 66 60 62 77 30 93 69 85 17 52 19 17 21 31 14 36 61 52 54 26 21 71 31 49 26 64 61 25 12 62 25 11 88 45 84 40 21 36 82 46 73 55 70 0 32 21 53 39 32 55 56 16 46 23 68 41 34 25 60 23 43 72 8 19 29 36 17 72 92 43 82 35 60 79 96 40 50 44 46 37 75 72 50 70 17 54 40 77 88 57 26 82 20 69 55 63 48 54 50 59 23 26 25 58 34 39 48 66 59 55 86 
41 85 31 79 81 29 63 86 112 68 62 107 48 74 57 109 18 53 64 28 64 102 64 73 73 82 41 45 52 24 95 117 43 73 24 65 88 25 63 77 66 48 74 15 114 82 97 45 81 51 22 53 11 46 26 86 56 82 48 40 83 54 73 50 50 93 30 37 94 57 21 104 77 104 34 53 28 92 78 62 87 99 32 0 47 82 45 45 79 88 20 78 10 93 61 63 57 49 52 48 82 37 14 7 16 29 65 111 32 89 67 90 75 116 61 34 68 75 69 72 67 81 72 44 63 48 99 111 86 46 91 28 73 71 90 78 42 80 91 54 58 26 85 66 65 79 59 86 43 75 
46 47 21 32 45 19 31 44 71 71 35 66 23 41 27 72 30 6 25 36 25 69 33 53 59 39 49 38 56 44 52 75 7 37 39 70 41 21 27 47 44 59 65 49 72 49 65 32 35 24 25 26 41 13 37 40 38 35 6 9 52 10 28 5 60 52 22 30 48 15 29 67 36 63 37 19 36 63 37 66 44 51 21 47 0 34 26 18 34 43 26 35 36 47 20 17 26 54 7 30 53 12 36 41 43 39 63 71 41 64 34 43 67 75 19 51 23 28 29 64 61 35 55 3 38 26 56 67 39 9 63 21 53 34 43 32 51 34 45 31 30 26 38 26 19 33 57 39 52 77 
73 37 54 3 40 54 39 27 49 90 45 44 45 40 42 56 64 28 30 68 29 57 42 62 70 25 75 62 79 76 30 50 39 34 72 91 7 56 34 48 54 85 78 83 46 45 55 56 6 43 60 44 75 39 69 16 54 1 34 42 48 29 17 32 85 33 55 59 19 29 63 50 28 40 66 37 67 59 27 87 25 17 53 82 34 0 50 43 17 21 61 24 71 17 26 19 40 78 30 51 52 46 71 76 77 70 81 49 71 63 39 9 80 51 26 80 18 7 29 77 77 10 65 37 48 48 32 38 5 38 60 55 61 33 11 8 77 8 17 49 44 60 5 28 17 12 76 6 79 95 
23 72 16 47 71 33 17 68 67 44 16 63 48 28 54 63 36 29 52 51 23 56 60 30 34 64 25 12 30 29 75 73 31 28 52 43 57 29 19 31 22 35 39 56 70 36 51 55 53 50 28 52 35 38 22 47 13 51 22 18 37 23 35 24 35 76 16 51 68 42 39 59 62 60 17 46 20 47 62 40 67 66 39 45 26 50 0 8 40 66 30 60 38 56 23 39 53 28 33 4 36 32 43 38 33 54 36 66 22 44 61 60 41 71 23 31 31 46 55 37 34 55 31 28 18 2 56 69 55 17 46 21 30 26 54 51 27 53 65 56 56 20 52 52 34 54 30 51 28 51 
30 64 13 40 63 27 18 60 67 52 19 62 40 30 45 65 33 20 43 46 19 59 51 37 41 55 32 20 38 33 67 72 23 28 47 52 50 25 17 34 28 43 47 53 69 38 54 48 46 42 24 44 35 30 26 42 20 44 13 11 40 15 30 15 43 68 14 44 60 33 34 60 53 59 22 37 24 51 53 48 59 60 32 45 18 43 8 0 35 58 27 52 36 51 18 31 45 37 25 12 40 25 40 38 35 48 44 66 27 49 53 53 49 70 18 36 26 39 47 45 43 47 38 20 22 8 54 67 49 8 50 17 37 26 49 44 34 45 58 48 48 19 46 43 26 46 38 46 36 59 
62 53 48 15 55 54 25 44 38 75 31 33 52 24 51 41 63 29 41 71 17 42 54 46 54 41 64 50 66 68 47 41 41 18 74 76 21 55 21 31 39 73 62 84 37 28 39 63 22 51 57 53 70 44 61 7 41 17 31 38 31 25 6 30 73 50 49 64 35 37 63 35 43 29 57 45 59 42 42 73 41 28 55 79 34 17 40 35 0 38 59 39 69 16 17 26 50 65 33 40 35 47 70 72 71 73 66 37 62 46 52 25 64 41 18 71 11 20 42 62 62 26 49 38 33 38 22 33 22 33 43 51 45 18 14 23 66 24 34 58 54 54 15 40 16 27 62 14 67 80 
88 17 65 22 22 59 58 7 68 108 65 64 42 61 35 76 70 38 24 67 48 79 32 82 90 7 90 78 96 87 9 67 45 55 72 109 20 63 53 69 74 101 98 85 63 67 77 52 15 39 67 39 83 42 81 37 73 21 45 52 70 42 37 43 101 12 66 57 9 31 67 70 13 60 80 35 79 81 12 105 4 23 56 88 43 21 66 58 38 0 68 10 78 35 44 26 34 94 36 68 73 51 75 83 86 69 99 68 84 84 28 16 100 70 43 94 37 20 20 97 96 12 85 44 67 64 52 55 17 50 81 64 82 54 30 15 93 14 6 42 37 70 24 22 32 12 94 26 94 114 
36 67 14 58 63 10 45 67 93 64 46 88 32 57 40 92 6 32 45 23 45 86 48 60 62 63 37 35 48 24 76 98 23 55 22 62 68 5 44 61 52 47 66 26 95 65 81 33 61 35 2 37 15 27 21 65 43 62 28 20 67 34 52 29 48 75 13 26 74 37 10 87 58 85 26 35 21 77 59 59 67 78 16 20 26 61 30 27 59 68 0 59 10 73 41 43 41 45 32 34 66 17 13 15 20 25 59 92 27 75 51 69 68 97 41 34 47 54 50 64 60 61 60 24 48 32 79 91 65 26 76 9 60 53 69 58 39 60 71 39 42 12 65 47 45 59 53 65 40 72 
82 13 57 24 16 49 55 8 73 103 61 68 31 60 25 80 60 31 14 57 46 81 22 80 87 4 84 72 90 79 17 73 36 54 61 104 25 53 50 68 71 94 95 75 69 67 78 41 18 29 58 28 74 32 73 40 68 24 38 45 70 36 36 36 95 16 58 46 19 21 57 74 4 64 73 25 72 81 3 100 9 32 46 78 35 24 60 52 39 10 59 0 68 40 41 20 23 89 28 62 73 41 65 73 78 58 95 72 77 84 18 22 97 75 40 86 35 19 9 94 92 14 82 36 64 59 56 61 22 43 82 56 79 53 34 16 86 16 16 31 26 62 28 12 29 12 89 30 87 110 
38 75 22 68 72 19 54 76 103 66 54 98 39 65 48 101 8 43 54 23 55 94 55 66 68 72 39 39 50 22 85 108 33 64 20 63 78 15 53 69 59 47 70 18 105 73 89 38 71 43 12 44 9 36 22 76 49 72 38 30 75 44 63 40 48 84 21 30 84 47 13 96 68 95 29 44 23 85 68 60 77 88 23 10 36 71 38 36 69 78 10 68 0 83 51 53 49 47 42 41 74 27 8 5 15 24 62 102 29 82 58 79 71 106 51 33 58 64 60 67 63 71 66 34 56 40 89 102 76 36 84 18 67 62 80 68 40 70 81 46 49 18 75 56 55 69 56 76 41 73 
78 52 63 18 55 67 40 42 33 90 46 29 61 37 59 41 77 41 47 83 33 45 59 59 67 40 80 66 82 84 42 33 54 32 86 91 15 69 37 43 53 89 76 97 29 39 44 73 22 60 71 61 86 55 77 9 56 16 45 53 41 39 21 43 88 46 64 75 28 46 77 35 44 25 73 53 75 50 43 88 39 15 68 93 47 17 56 51 16 35 73 40 83 0 33 35 57 81 45 56 46 60 84 87 86 85 81 33 78 55 56 19 78 35 33 87 25 24 46 76 76 25 62 51 48 54 17 21 18 48 51 66 58 32 5 25 82 24 29 66 61 69 12 45 28 28 77 10 83 94 
46 54 30 24 55 38 14 48 52 64 20 47 41 22 44 52 47 16 37 56 6 49 48 39 46 44 48 35 52 51 54 56 27 17 58 64 33 38 9 29 30 58 54 67 53 30 45 52 30 42 39 44 53 32 44 24 28 27 15 21 33 9 12 14 58 55 31 50 45 29 47 47 43 43 40 36 42 45 43 61 46 42 41 61 20 26 23 18 17 44 41 41 51 33 0 21 43 51 22 24 35 32 54 55 53 58 55 51 45 46 48 36 56 55 1 54 8 24 39 53 52 32 41 23 23 21 38 50 32 15 45 33 38 15 31 29 50 30 43 49 47 36 28 36 12 32 50 28 52 70 
61 33 38 17 33 34 36 28 64 83 42 59 26 42 25 68 45 11 16 48 27 67 28 60 67 24 64 52 70 61 36 66 20 37 52 83 26 38 31 50 51 74 75 64 62 50 64 37 18 25 42 26 58 20 54 30 48 20 18 25 53 16 21 16 74 36 39 39 31 10 43 62 22 55 53 18 52 65 22 79 27 36 34 63 17 19 39 31 26 26 43 20 53 35 21 0 24 68 11 42 55 26 51 58 60 50 75 63 57 67 27 26 77 67 20 67 18 12 18 74 72 18 63 19 45 38 47 56 23 23 65 38 60 35 30 15 66 17 28 31 28 43 24 15 11 16 69 25 67 89 
71 27 44 39 23 30 56 30 88 97 61 83 9 65 1 92 40 27 10 34 49 91 7 80 86 27 73 64 82 65 39 90 22 60 39 96 45 36 52 72 71 84 92 53 86 73 87 17 36 6 41 5 56 15 59 54 65 41 32 34 76 34 45 31 85 37 45 23 42 14 36 86 21 79 61 7 58 88 22 92 32 53 25 57 26 40 53 45 50 34 41 23 49 57 43 24 0 80 21 57 78 24 43 54 61 35 89 87 65 89 9 43 94 91 42 73 41 33 14 91 88 33 82 25 64 53 71 79 41 36 88 41 80 58 52 33 75 34 39 8 4 48 45 12 34 31 83 47 77 104 
9 101 35 75 99 53 40 97 84 19 35 81 73 47 80 77 50 57 79 68 49 67 87 32 28 92 8 16 3 25 104 91 57 50 66 17 84 48 44 44 31 8 26 64 89 50 62 77 81 75 43 77 39 64 25 72 25 79 50 45 50 52 62 52 7 105 35 71 96 70 55 74 90 79 19 72 24 54 90 13 96 93 60 49 54 78 28 37 65 94 45 89 47 81 51 68 80 0 61 26 47 56 55 44 33 70 15 83 18 48 88 88 27 88 51 16 59 75 84 23 18 83 30 55 34 30 78 91 84 45 52 39 33 49 80 80 7 81 94 81 82 34 79 80 62 83 11 79 6 26 
54 39 28 27 38 23 35 37 71 77 40 66 19 44 22 73 34 6 18 38 28 71 27 58 64 32 56 45 63 51 45 74 9 39 41 77 37 27 31 51 49 66 71 53 71 52 67 30 29 20 31 22 47 10 44 38 44 31 11 16 55 13 27 9 67 45 29 30 42 8 32 68 29 62 44 14 43 67 30 73 37 47 23 52 7 30 33 25 33 36 32 28 42 45 22 11 21 61 0 36 57 15 40 47 50 40 69 71 48 68 28 37 73 74 21 58 22 23 22 70 68 29 60 8 43 33 55 65 34 16 67 27 58 37 40 26 58 28 39 27 25 33 34 19 17 27 63 35 59 84 
22 75 19 48 74 37 16 70 65 41 13 61 52 26 57 61 40 32 55 55 23 53 63 26 30 66 24 10 28 30 78 71 35 27 56 41 58 33 19 28 18 33 35 59 69 33 48 59 55 54 31 56 38 42 24 47 9 52 25 22 34 26 35 27 33 78 20 55 69 45 43 57 65 58 18 49 22 43 65 37 69 67 43 48 30 51 4 12 40 68 34 62 41 56 24 42 57 26 36 0 33 36 47 41 35 58 33 64 22 41 65 61 37 69 25 31 32 48 59 33 31 56 27 32 14 3 55 68 57 20 42 25 26 25 54 53 26 55 67 60 60 23 53 55 35 56 27 52 27 47 
48 87 52 51 88 67 22 79 38 48 20 35 76 13 79 30 72 51 71 86 29 20 83 16 23 75 50 38 46 62 83 45 60 18 87 51 56 65 26 6 16 55 32 92 44 7 15 85 58 77 64 79 71 66 57 38 26 53 47 50 4 44 36 48 53 85 53 83 71 64 75 27 76 34 49 71 55 10 76 49 76 61 72 82 53 52 36 40 35 73 66 73 74 46 35 55 78 47 57 33 0 64 79 75 68 88 40 37 53 11 82 60 33 41 36 59 38 54 73 32 35 61 19 56 18 34 35 47 57 45 10 57 15 20 48 58 51 59 70 84 82 56 50 71 45 62 38 49 52 51 
47 50 20 43 47 8 41 50 84 74 44 79 17 52 24 85 19 18 28 24 37 81 31 62 66 45 49 41 58 40 58 88 6 48 26 72 52 12 38 57 53 59 71 37 84 60 76 23 45 19 17 22 33 9 34 53 45 47 17 14 63 22 41 17 60 57 20 19 57 20 17 79 41 75 37 18 33 74 42 69 50 62 8 37 12 46 32 25 47 51 17 41 27 60 32 26 24 56 15 36 64 0 25 32 37 26 67 83 40 74 34 53 73 87 31 48 36 38 33 69 66 44 63 9 47 33 69 80 50 18 74 16 62 46 55 41 51 43 54 25 26 23 50 30 31 42 61 51 52 81 
46 71 27 68 66 17 58 73 106 74 59 101 34 70 43 104 7 42 51 15 58 99 50 73 74 69 47 46 58 31 82 110 31 68 11 71 77 15 57 74 65 55 77 13 107 78 94 31 70 37 15 39 17 33 30 77 55 72 39 32 80 45 64 40 57 80 26 23 81 44 8 99 64 97 37 40 31 90 65 68 74 87 19 14 36 71 43 40 70 75 13 65 8 84 54 51 43 55 40 47 79 25 0 13 24 16 70 105 37 88 53 78 79 109 53 41 59 63 56 75 71 69 73 33 61 45 92 103 75 38 89 22 73 65 80 66 48 68 78 39 43 24 75 53 55 67 64 76 49 81 
35 81 24 73 77 24 56 82 105 63 55 100 45 67 54 102 14 47 60 28 57 95 61 66 66 77 36 38 47 19 91 110 38 66 25 60 83 20 56 70 59 43 68 20 107 74 90 44 76 48 16 50 5 41 19 79 49 77 42 34 76 48 66 44 45 89 23 36 89 52 18 97 73 97 27 49 21 85 74 57 82 93 29 7 41 76 38 38 72 83 15 73 5 87 55 58 54 44 47 41 75 32 13 0 11 29 59 104 26 82 64 84 69 109 54 29 61 69 65 65 61 76 65 39 56 41 92 105 80 39 84 21 66 64 84 73 37 75 86 51 55 19 79 62 59 74 53 80 38 70 
25 87 23 74 84 30 51 86 101 52 49 96 52 62 61 97 22 49 65 38 55 89 68 58 57 82 25 30 36 8 95 106 42 62 35 49 84 25 52 63 52 32 58 31 104 69 84 53 78 55 20 57 6 47 11 78 42 78 43 35 70 48 65 45 34 94 22 45 91 56 27 92 78 93 19 55 13 78 79 46 86 94 36 16 43 77 33 35 71 86 20 78 15 86 53 60 61 33 50 35 68 37 24 11 0 40 49 100 16 74 71 86 59 104 53 18 60 71 70 55 51 78 57 41 50 35 89 102 82 39 77 22 58 60 83 75 26 77 88 59 62 17 80 67 60 76 43 80 27 59 
61 62 38 67 57 21 66 65 110 89 68 105 26 77 34 111 19 44 44 2 63 106 40 84 87 62 62 60 73 47 74 114 31 74 5 87 76 24 64 83 76 71 91 18 111 86 102 19 68 29 27 30 34 30 45 79 67 71 43 38 88 49 67 44 72 72 38 12 77 40 15 105 56 102 51 34 45 99 58 83 67 85 17 29 39 70 54 48 73 69 25 58 24 85 58 50 35 70 40 58 88 26 16 29 40 0 84 110 52 98 44 76 93 114 58 57 62 62 49 89 85 66 85 35 71 55 95 106 72 44 99 33 84 72 80 64 63 66 74 29 34 37 74 46 57 63 78 76 65 96 
24 108 47 78 107 65 41 103 78 8 35 75 84 44 90 68 65 65 88 82 51 58 96 24 17 99 23 25 13 41 109 85 67 48 81 11 87 61 46 39 27 20 11 79 84 45 53 90 85 86 57 88 54 74 40 72 26 82 58 55 44 58 64 60 18 111 47 84 100 78 69 67 97 74 33 82 39 44 97 9 101 94 72 65 63 81 36 44 66 99 59 95 62 81 55 75 89 15 69 33 40 67 70 59 49 84 0 77 33 38 97 90 12 81 55 32 62 79 92 9 5 88 21 64 33 36 74 86 87 53 42 52 25 48 81 84 23 86 98 92 93 47 81 88 67 87 6 80 22 14 
84 85 80 49 88 89 48 75 1 85 51 4 89 38 89 12 98 66 78 108 47 21 90 53 60 73 85 72 83 95 75 8 78 38 110 88 48 89 48 39 52 91 68 118 8 32 24 101 54 89 90 90 101 81 89 33 60 48 66 72 33 61 43 66 90 79 80 101 61 74 99 10 77 8 82 82 87 33 75 86 72 46 92 111 71 49 66 66 37 68 92 72 102 33 51 63 87 83 71 64 37 83 105 104 100 110 77 0 87 40 88 52 69 4 52 94 48 55 77 69 72 58 56 74 51 64 16 16 51 67 35 83 52 40 38 57 87 56 62 95 91 85 44 76 54 61 75 42 88 87 
9 88 20 68 86 36 39 85 88 37 35 83 57 48 65 83 32 46 66 50 45 74 72 41 41 81 10 15 21 9 93 94 43 50 48 34 78 30 41 49 37 19 41 46 92 55 69 60 73 60 26 62 21 49 7 69 27 72 39 32 55 42 57 41 21 93 19 54 87 56 37 79 78 81 5 58 6 63 78 31 85 87 43 32 41 71 22 27 62 84 27 77 29 78 45 57 65 18 48 22 53 40 37 26 16 52 33 87 0 58 74 80 43 91 45 9 53 66 71 39 34 74 40 41 36 24 78 91 76 34 61 23 42 48 76 71 11 73 85 65 67 17 73 67 54 73 27 73 13 44 
52 98 60 62 100 76 33 90 41 45 29 39 87 24 90 31 81 62 83 96 40 20 94 17 21 87 53 44 47 67 94 48 71 30 96 48 67 74 37 17 22 56 28 100 48 17 16 96 69 88 73 90 78 77 63 49 32 64 58 60 14 55 48 59 54 97 61 93 81 75 84 30 88 40 55 82 61 7 87 47 88 71 82 89 64 63 44 49 46 84 75 84 82 55 46 67 89 48 68 41 11 74 88 82 74 98 38 40 58 0 94 71 29 44 47 63 49 65 85 29 33 72 18 67 27 43 43 53 68 55 5 65 16 31 58 69 54 70 81 95 93 64 61 82 56 73 38 59 54 47 
80 18 53 38 13 40 62 23 88 105 67 84 18 69 10 94 50 33 11 43 53 94 4 86 92 20 82 73 91 74 31 90 31 64 48 105 43 46 57 77 77 93 99 62 86 77 91 25 34 15 51 14 66 24 69 54 72 40 39 43 80 40 48 38 94 28 54 32 37 19 46 88 15 80 70 16 68 92 16 101 25 50 35 67 34 39 61 53 52 28 51 18 58 56 48 27 9 88 28 65 82 34 53 64 71 44 97 88 74 94 0 40 101 91 47 83 45 33 10 98 96 31 88 33 70 61 72 78 39 44 92 51 86 62 51 31 84 32 34 15 10 57 44 12 38 28 91 46 86 112 
83 33 63 12 37 61 49 23 52 99 55 48 49 49 45 60 72 37 33 74 39 63 44 71 79 22 85 71 89 85 23 51 47 43 78 100 4 64 44 56 64 95 87 90 47 53 62 60 8 48 68 48 84 46 78 22 64 8 43 51 56 38 26 41 95 27 64 64 10 35 70 54 26 44 75 42 76 67 25 97 20 10 60 90 43 9 60 53 25 16 69 22 79 19 36 26 43 88 37 61 60 53 78 84 86 76 90 52 80 71 40 0 90 54 36 90 28 15 30 87 87 10 74 45 58 58 36 39 4 47 68 64 70 43 14 11 87 9 10 52 47 69 10 31 26 12 86 11 88 105 
34 110 55 78 110 73 41 104 70 16 35 67 89 41 95 60 74 68 91 91 51 49 101 18 10 100 34 33 24 51 110 77 73 46 90 20 85 69 46 34 26 32 2 89 76 39 45 96 85 91 66 93 65 80 50 69 29 81 62 60 37 61 63 63 30 112 55 91 99 82 78 59 100 67 42 87 48 36 99 20 102 92 79 75 67 80 41 49 64 100 68 97 71 78 56 77 94 27 73 37 33 73 79 69 59 93 12 69 43 29 101 90 0 73 57 43 63 80 95 4 8 88 15 69 32 41 68 80 86 57 34 60 19 46 79 84 34 86 98 98 98 56 80 91 68 88 16 79 34 18 
88 87 84 52 91 94 53 77 3 89 55 8 93 42 92 14 102 70 81 112 51 25 93 57 64 75 90 77 87 100 77 5 82 42 114 92 50 94 53 43 56 96 72 123 7 37 28 104 57 93 95 94 106 85 93 37 64 51 70 77 37 65 47 70 94 81 85 105 63 78 103 14 79 12 87 86 91 37 78 90 74 48 96 116 75 51 71 70 41 70 97 75 106 35 55 67 91 88 74 69 41 87 109 109 104 114 81 4 91 44 91 54 73 0 56 99 52 58 80 73 76 61 60 78 55 68 19 16 53 71 39 88 56 44 40 60 91 59 64 99 95 89 47 80 57 63 79 45 92 91 
46 53 30 23 54 37 15 47 53 64 21 48 40 23 43 53 46 15 36 55 7 50 47 40 47 43 49 35 53 51 53 57 26 18 58 65 33 37 10 30 31 58 55 66 54 31 46 51 30 41 39 43 52 31 44 25 29 27 14 20 34 8 12 13 58 55 31 50 44 28 46 48 43 44 40 35 42 46 42 61 45 42 40 61 19 26 23 18 18 43 41 40 51 33 1 20 42 51 21 25 36 31 53 54 53 58 55 52 45 47 47 36 57 56 0 54 8 23 38 54 53 32 42 22 24 22 38 50 32 15 46 33 39 16 31 28 51 30 42 48 46 36 28 35 11 31 50 28 52 70 
10 97 29 77 95 44 47 95 95 34 43 91 65 56 73 89 38 55 75 56 54 80 80 46 43 90 9 21 19 10 103 101 52 58 53 31 87 38 50 55 42 14 42 49 99 61 75 68 82 68 33 70 24 58 14 78 34 81 48 41 62 52 66 50 16 103 28 61 97 66 43 86 87 89 14 66 15 68 88 28 94 97 50 34 51 80 31 36 71 94 34 86 33 87 54 67 73 16 58 31 59 48 41 29 18 57 32 94 9 63 83 90 43 99 54 0 62 75 80 40 35 84 44 50 43 33 86 99 86 43 66 31 47 56 85 80 9 82 94 73 75 25 82 76 63 82 27 82 9 41 
54 49 37 16 50 42 21 41 48 71 27 43 42 25 42 51 52 17 34 60 11 49 46 45 52 38 57 43 60 59 47 52 30 19 62 72 25 43 16 32 36 66 60 72 48 32 46 53 22 42 46 43 60 33 52 17 36 19 19 27 35 13 5 18 66 49 38 53 37 27 52 45 38 40 48 35 50 47 38 69 40 34 44 68 23 18 31 26 11 37 47 35 58 25 8 18 41 59 22 32 38 36 59 61 60 62 62 48 53 49 45 28 63 52 8 62 0 17 35 60 59 25 47 26 30 30 33 44 24 22 47 40 44 18 23 21 59 23 35 48 45 43 20 33 7 25 57 20 60 77 
69 33 48 5 35 46 38 25 55 88 44 50 37 41 34 61 57 22 23 60 28 62 35 62 69 21 71 58 76 70 30 57 32 35 64 88 13 49 33 49 53 81 77 76 53 47 59 48 7 36 53 37 69 32 63 21 52 8 28 36 50 23 17 26 81 32 49 51 21 22 55 55 23 46 61 29 62 62 22 85 23 24 46 75 28 7 46 39 20 20 54 19 64 24 24 12 33 75 23 48 54 38 63 69 71 62 79 55 66 65 33 15 80 58 23 75 17 0 22 77 76 8 64 30 47 45 38 46 11 32 62 49 61 34 19 5 73 6 19 41 37 54 12 21 12 8 74 14 75 94 
76 17 50 28 15 41 54 17 78 100 59 73 22 60 15 83 51 27 5 47 45 84 13 78 85 13 78 67 86 72 26 79 28 55 52 99 32 45 49 68 69 89 92 66 75 67 81 31 24 19 50 19 66 23 66 44 65 29 33 39 71 33 38 31 90 24 51 37 28 14 48 77 8 69 67 16 65 82 9 96 18 40 37 69 29 29 55 47 42 20 50 9 60 46 39 18 14 84 22 59 73 33 56 65 70 49 92 77 71 85 10 30 95 80 38 80 35 22 0 91 89 20 80 29 63 55 61 67 28 38 83 49 78 53 40 21 81 21 25 22 17 55 34 3 28 18 86 35 82 106 
31 107 51 75 107 69 38 101 70 16 32 67 86 38 91 60 70 64 88 87 48 49 97 17 9 97 30 29 21 48 107 77 69 44 86 19 83 65 43 33 23 29 2 85 76 38 45 92 82 87 62 90 61 76 46 67 25 78 58 56 36 58 60 60 27 109 51 87 97 78 74 59 96 66 38 83 44 36 96 18 99 90 75 72 64 77 37 45 62 97 64 94 67 76 53 74 91 23 70 33 32 69 75 65 55 89 9 69 39 29 98 87 4 73 54 40 60 77 91 0 5 85 13 66 29 37 67 79 83 54 34 56 18 44 76 82 30 83 95 94 94 52 77 88 65 85 12 76 30 18 
26 106 47 75 105 65 38 100 73 13 32 70 83 39 89 63 66 62 86 83 48 52 95 19 12 96 26 25 16 43 106 80 66 44 82 16 83 61 43 34 23 24 7 81 79 40 48 89 82 85 58 87 56 73 41 68 24 78 56 53 39 56 60 58 22 108 47 84 96 76 70 62 95 69 34 80 40 39 95 14 99 90 72 67 61 77 34 43 62 96 60 92 63 76 52 72 88 18 68 31 35 66 71 61 51 85 5 72 34 33 96 87 8 76 53 35 59 76 89 5 0 84 16 63 29 34 69 82 83 51 37 52 20 44 77 81 25 82 95 91 91 48 77 86 64 84 7 76 25 18 
77 27 55 10 30 52 46 17 58 96 53 54 39 49 35 66 63 29 23 64 36 67 34 70 77 15 80 67 85 78 22 59 38 43 68 97 11 56 41 56 62 90 86 81 55 55 65 50 4 38 60 38 76 36 71 26 61 10 35 43 58 31 25 33 90 24 56 54 13 25 61 60 18 50 69 32 70 69 17 94 15 20 50 81 35 10 55 47 26 12 61 14 71 25 32 18 33 83 29 56 61 44 69 76 78 66 88 58 74 72 31 10 88 61 32 84 25 8 20 85 84 0 73 37 55 53 42 47 8 40 70 56 69 42 20 3 82 2 10 42 37 61 14 21 21 2 82 16 83 102 
33 96 46 62 96 64 26 89 57 29 21 54 78 25 82 48 66 55 78 82 36 37 88 3 5 85 34 26 28 50 95 64 61 30 82 32 70 60 31 19 11 37 13 84 63 24 32 86 70 79 58 81 61 68 46 54 18 65 49 49 23 48 48 50 35 97 46 82 84 68 70 46 85 53 38 74 44 24 85 30 87 76 70 72 55 65 31 38 49 85 60 82 66 62 41 63 82 30 60 27 19 63 73 65 57 85 21 56 40 18 88 74 15 60 42 44 47 64 80 13 16 73 0 57 17 30 53 66 70 45 22 51 4 31 63 69 35 70 82 86 85 49 64 77 53 73 19 63 35 32 
47 46 21 34 44 16 34 44 75 72 38 70 20 44 25 76 27 9 25 33 29 72 31 56 61 40 49 39 57 43 53 79 4 40 36 71 44 19 30 50 47 60 67 46 75 52 68 29 37 21 23 24 39 10 37 44 40 38 9 10 55 13 31 8 60 52 21 27 50 15 25 70 37 66 37 17 35 67 37 68 44 54 17 44 3 37 28 20 38 44 24 36 34 51 23 19 25 55 8 32 56 9 33 39 41 35 64 74 41 67 33 45 69 78 22 50 26 30 29 66 63 37 57 0 41 28 60 71 41 12 66 19 56 38 46 34 51 36 47 28 28 26 41 26 22 35 58 42 53 79 
32 78 34 46 78 49 9 72 52 42 3 48 61 13 65 46 54 37 60 68 19 38 70 15 22 68 34 21 34 44 77 58 45 16 69 43 54 47 14 13 6 42 30 74 56 18 33 70 53 62 46 64 53 51 39 39 9 49 32 33 19 30 31 33 41 79 34 66 67 51 57 42 67 46 31 57 37 29 67 40 70 61 54 63 38 48 18 22 33 67 48 64 56 48 23 45 64 34 43 14 18 47 61 56 50 71 33 51 36 27 70 58 32 55 24 43 30 47 63 29 29 55 17 41 0 16 44 57 54 29 28 38 15 15 48 52 36 53 65 69 68 38 48 60 35 55 28 47 37 47 
24 72 17 45 71 34 15 67 65 44 14 60 48 26 54 61 38 28 51 53 21 54 60 29 33 63 26 13 31 31 74 71 32 26 53 44 55 31 17 29 20 36 38 57 68 33 49 56 51 50 29 52 37 38 25 45 12 49 21 19 35 22 33 23 36 75 18 52 66 41 41 57 61 58 19 46 22 45 61 41 66 64 40 48 26 48 2 8 38 64 32 59 40 54 21 38 53 30 33 3 34 33 45 41 35 55 36 64 24 43 61 58 41 68 22 33 30 45 55 37 34 53 30 28 16 0 54 67 54 17 44 22 29 24 52 50 29 51 64 57 57 22 50 52 32 53 30 50 30 51 
76 69 68 33 72 75 39 59 16 82 43 12 74 31 72 24 85 50 62 93 34 29 74 50 58 57 78 64 78 86 59 19 63 28 96 85 32 76 37 34 47 86 67 105 15 29 29 85 38 73 77 74 90 66 79 17 53 32 52 59 31 46 28 51 85 63 68 86 45 58 85 18 60 8 73 66 77 37 59 82 56 31 77 99 56 32 56 54 22 52 79 56 89 17 38 47 71 78 55 55 35 69 92 92 89 95 74 16 78 43 72 36 68 19 38 86 33 38 61 67 69 42 53 60 44 54 0 13 35 53 38 71 49 29 22 40 80 40 46 79 75 73 28 60 38 44 71 26 81 86 
89 72 80 40 76 87 52 62 16 95 56 14 83 44 80 28 96 61 69 104 47 37 81 62 70 61 91 77 91 99 61 13 74 41 107 97 36 88 50 47 60 99 79 117 9 41 38 94 43 82 90 83 102 76 92 26 66 38 64 71 42 58 39 63 98 65 81 96 47 67 96 24 65 13 86 75 90 46 64 95 59 32 88 111 67 38 69 67 33 55 91 61 102 21 50 56 79 91 65 68 47 80 103 105 102 106 86 16 91 53 78 39 80 16 50 99 44 46 67 79 82 47 66 71 57 67 13 0 39 65 48 83 61 42 27 46 93 46 48 87 83 86 34 67 48 50 84 32 94 98 
79 34 59 8 37 57 45 24 51 95 51 47 47 46 43 59 68 33 31 71 35 61 42 67 75 22 81 67 85 81 26 51 43 40 75 96 3 61 40 53 60 91 84 87 47 50 60 58 5 45 64 46 80 42 74 19 60 5 39 47 53 34 22 37 91 29 60 61 13 32 67 53 26 43 71 39 72 64 25 93 21 13 57 86 39 5 55 49 22 17 65 22 76 18 32 23 41 84 34 57 57 50 75 80 82 72 87 51 76 68 39 4 86 53 32 86 24 11 28 83 83 8 70 41 54 54 35 39 0 43 65 60 67 39 13 8 83 7 12 50 45 65 7 29 22 10 82 9 84 101 
38 55 16 35 54 23 22 52 67 61 26 62 32 33 37 67 31 12 34 42 19 62 43 44 49 47 40 29 47 38 59 72 16 30 43 60 45 22 20 39 35 51 55 51 69 42 58 41 39 33 24 36 38 22 31 39 28 39 5 5 44 9 26 7 51 60 17 38 53 25 31 62 45 59 29 29 29 56 45 57 51 55 26 46 9 38 17 8 33 50 26 43 36 48 15 23 36 45 16 20 45 18 38 39 39 44 53 67 34 55 44 47 57 71 15 43 22 32 38 54 51 40 45 12 29 17 53 65 43 0 55 18 44 28 44 37 42 39 51 40 40 22 41 35 21 39 47 41 44 68 
55 96 62 59 97 77 32 87 36 50 30 34 86 23 89 26 82 61 81 96 39 15 93 20 25 84 56 46 51 70 91 43 71 28 97 53 63 75 36 16 24 60 33 102 43 15 11 96 66 87 74 89 80 76 65 45 34 60 57 60 12 54 45 58 58 94 62 93 78 74 85 25 85 35 58 81 63 2 85 52 85 67 82 91 63 60 46 50 43 81 76 82 84 51 45 65 88 52 67 42 10 74 89 84 77 99 42 35 61 5 92 68 34 39 46 66 47 62 83 34 37 70 22 66 28 44 38 48 65 55 0 67 19 30 54 67 57 67 77 94 92 66 58 80 54 71 42 56 58 52 
30 66 5 52 63 13 36 64 84 58 36 79 34 47 41 82 15 27 44 31 36 76 48 51 54 60 32 27 42 23 73 89 20 45 31 56 62 9 35 51 43 43 58 35 86 55 71 38 56 36 7 38 20 26 17 57 33 56 21 13 57 26 44 23 44 72 5 32 69 34 18 77 56 76 20 35 16 68 57 53 64 72 20 28 21 55 21 17 51 64 9 56 18 66 33 38 41 39 27 25 57 16 22 21 22 33 52 83 23 65 51 64 60 88 33 31 40 49 49 56 52 56 51 19 38 22 71 83 60 18 67 0 51 43 62 53 34 55 66 42 43 6 58 45 38 54 46 59 36 65 
36 93 46 59 93 63 24 86 53 33 18 50 76 21 80 44 67 52 75 82 33 34 86 1 8 82 37 28 31 51 91 60 60 26 82 36 66 60 29 15 9 40 17 85 59 20 29 85 66 77 58 80 62 66 47 50 17 62 47 48 19 45 44 49 39 93 46 81 80 66 70 42 82 49 39 72 45 21 82 34 84 73 69 73 53 61 30 37 45 82 60 79 67 58 38 60 80 33 58 26 15 62 73 66 58 84 25 52 42 16 86 70 19 56 39 47 44 61 78 18 20 69 4 56 15 29 49 61 67 44 19 51 0 27 59 66 38 67 79 84 83 49 60 75 50 70 23 59 38 37 
47 67 39 32 68 51 9 59 41 57 14 36 56 7 59 39 58 31 51 70 9 34 63 28 36 55 49 35 49 56 64 46 42 2 72 59 39 50 8 14 21 57 44 79 43 15 30 67 39 57 50 59 61 47 49 23 24 34 29 33 18 24 17 29 56 66 40 65 53 44 60 33 56 33 43 51 47 30 56 56 57 46 55 71 34 33 26 26 18 54 53 53 62 32 15 35 58 49 37 25 20 46 65 64 60 72 48 40 48 31 62 43 46 44 16 56 18 34 53 44 44 42 31 38 15 24 29 42 39 28 30 43 27 0 32 39 51 40 51 64 62 45 33 50 24 43 44 32 52 62 
76 47 60 13 50 63 40 37 38 90 46 34 56 38 53 46 73 37 42 78 31 49 54 60 68 35 79 65 81 82 38 38 49 32 82 91 10 65 36 44 53 88 77 93 34 41 48 67 16 55 68 56 82 50 75 9 55 11 41 49 43 36 19 40 87 41 61 70 24 41 72 40 39 30 71 48 73 53 37 88 34 13 63 90 43 11 54 49 14 30 69 34 80 5 31 30 52 80 40 54 48 55 80 84 83 80 81 38 76 58 51 14 79 40 31 85 23 19 40 76 77 20 63 46 48 52 22 27 13 44 54 62 59 32 0 19 81 18 24 60 56 66 6 40 24 23 77 5 82 95 
74 29 52 8 32 50 43 20 57 93 49 52 38 46 34 64 61 26 22 62 33 65 34 67 74 17 76 63 81 75 25 58 35 40 66 93 12 53 38 53 58 86 82 79 54 52 63 49 3 36 57 37 73 34 68 24 57 8 32 40 55 28 21 30 86 27 53 53 16 23 58 58 20 48 66 30 66 66 19 90 18 21 48 78 32 8 51 44 23 15 58 16 68 25 29 15 33 80 26 53 58 41 66 73 75 64 84 57 71 69 31 11 84 60 28 80 21 5 21 82 81 3 69 34 52 50 40 46 8 37 67 53 66 39 19 0 78 2 14 41 37 58 13 20 17 4 79 14 80 99 
4 98 31 74 96 47 42 94 88 26 37 84 68 49 75 81 44 54 76 62 49 72 82 37 34 90 2 16 10 18 102 94 53 52 60 23 84 42 45 48 35 8 33 57 92 54 67 72 80 71 38 73 32 60 18 73 27 78 47 41 54 50 62 49 9 102 30 65 95 66 49 78 88 82 14 68 18 59 88 20 94 93 54 42 51 77 27 34 66 93 39 86 40 82 50 66 75 7 58 26 51 51 48 37 26 63 23 87 11 54 84 87 34 91 51 9 59 73 81 30 25 82 35 51 36 29 80 93 83 42 57 34 38 51 81 78 0 80 93 76 78 28 79 77 61 81 18 79 1 33 
76 29 54 8 32 51 44 19 57 94 50 52 40 47 36 64 62 28 24 64 34 65 35 68 75 17 78 65 83 77 24 57 37 41 68 95 10 55 39 54 60 88 84 80 53 52 63 51 2 38 59 38 75 36 70 24 59 8 34 42 55 30 23 32 88 26 55 54 14 25 60 58 20 48 68 32 68 67 19 92 17 19 50 80 34 8 53 45 24 14 60 16 70 24 30 17 34 81 28 55 59 43 68 75 77 66 86 56 73 70 32 9 86 59 30 82 23 6 21 83 82 2 70 36 53 51 40 46 7 39 67 55 67 40 18 2 80 0 12 43 38 60 12 22 19 4 80 14 81 100 
88 24 66 19 29 62 56 13 62 107 63 58 47 58 41 70 73 39 29 72 46 74 38 79 87 14 90 77 95 89 13 61 48 52 76 107 14 66 51 65 72 101 96 90 57 63 72 57 12 44 70 44 86 45 82 32 71 17 46 54 66 42 34 44 101 17 67 62 3 34 70 64 19 54 80 39 80 76 18 104 10 17 59 91 45 17 65 58 34 6 71 16 81 29 43 28 39 94 39 67 70 54 78 86 88 74 98 62 85 81 34 10 98 64 42 94 35 19 25 95 95 10 82 47 65 64 46 48 12 51 77 66 79 51 24 14 93 12 0 48 42 72 19 27 31 12 93 21 94 113 
72 33 45 47 28 29 62 37 96 99 66 91 8 71 7 99 37 33 19 28 55 98 11 85 90 34 74 67 84 64 46 98 25 66 33 98 53 35 58 78 75 85 96 47 94 79 94 10 45 7 40 5 54 18 59 62 69 49 37 37 82 40 52 36 86 43 46 17 51 21 33 93 29 87 62 13 59 94 30 94 39 62 23 54 31 49 56 48 58 42 39 31 46 66 49 31 8 81 27 60 84 25 39 51 59 29 92 95 65 95 15 52 98 99 48 73 48 41 22 94 91 42 86 28 69 57 79 87 50 40 94 42 84 64 60 41 76 43 48 0 5 48 54 21 42 39 86 55 78 106 
74 28 47 43 23 32 60 32 92 100 65 87 10 69 3 96 41 31 14 33 53 95 6 83 89 29 76 67 85 66 41 94 25 64 38 99 48 37 56 76 74 86 95 52 90 77 91 15 40 7 42 5 57 18 61 58 68 45 36 38 80 38 49 34 87 38 47 22 45 18 36 90 23 83 64 11 60 92 25 95 34 57 26 58 30 44 56 48 54 37 42 26 49 61 47 28 4 82 25 60 82 26 43 55 62 34 93 91 67 93 10 47 98 95 46 75 45 37 17 94 91 37 85 28 68 57 75 83 45 40 92 43 83 62 56 37 78 38 42 5 0 50 49 16 38 34 86 51 79 107 
25 72 6 57 69 19 36 70 86 53 36 81 40 48 48 83 18 32 50 35 38 76 55 49 50 66 26 23 37 17 79 91 26 47 34 51 67 13 36 51 41 36 54 36 88 55 71 43 61 43 10 45 16 32 11 61 31 61 26 18 57 31 48 28 38 78 5 37 74 41 22 78 63 78 14 41 10 67 63 47 70 77 25 26 26 60 20 19 54 70 12 62 18 69 36 43 48 34 33 23 56 23 24 19 17 37 47 85 17 64 57 69 56 89 36 25 43 54 55 52 48 61 49 26 38 22 73 86 65 22 66 6 49 45 66 58 28 60 72 48 50 0 63 51 43 60 41 63 30 60 
75 41 57 7 44 58 39 31 44 90 46 40 50 39 47 52 68 32 35 72 30 54 47 61 69 29 77 63 80 79 33 45 44 33 76 91 5 60 35 46 54 86 78 88 41 43 52 61 10 48 63 49 78 44 72 12 55 4 37 45 46 32 17 35 86 36 58 64 20 34 67 46 32 36 68 42 70 57 31 88 28 14 58 85 38 5 52 46 15 24 65 28 75 12 28 24 45 79 34 53 50 50 75 79 80 74 81 44 73 61 44 10 80 47 28 82 20 12 34 77 77 14 64 41 48 50 28 34 7 41 58 58 60 33 6 13 79 12 19 54 49 63 0 33 20 16 76 2 80 95 
73 20 47 27 19 37 51 20 77 96 56 72 19 58 14 82 48 23 2 45 42 82 13 75 82 16 75 64 82 69 29 78 25 52 50 96 32 42 46 65 66 85 89 63 74 65 79 30 24 17 47 17 63 20 63 43 62 29 30 35 68 30 36 28 86 27 48 34 30 10 45 76 11 68 63 13 61 80 12 92 21 41 34 66 26 28 52 43 40 22 47 12 56 45 36 15 12 80 19 55 71 30 53 62 67 46 88 76 67 82 12 31 91 80 35 76 33 21 3 88 86 21 77 26 60 52 60 67 29 35 80 45 75 50 40 20 77 22 27 21 16 51 33 0 26 18 82 35 78 103 
57 42 37 14 43 38 26 36 54 75 32 49 35 32 35 57 49 13 27 55 17 56 39 51 58 32 59 46 64 59 42 57 25 26 58 76 24 40 21 39 42 69 66 68 54 39 53 47 19 35 43 37 58 27 52 21 40 18 17 25 42 12 10 15 69 43 38 47 34 20 48 51 32 45 49 28 50 54 31 73 34 34 39 65 19 17 34 26 16 32 45 29 55 28 12 11 34 62 17 35 45 31 55 59 60 57 67 54 54 56 38 26 68 57 11 63 7 12 28 65 64 21 53 22 35 32 38 48 22 21 54 38 50 24 24 17 61 19 31 42 38 43 20 26 0 20 61 20 62 82 
76 25 54 12 28 50 46 16 61 96 53 56 37 50 32 68 61 27 20 61 36 69 31 70 78 13 79 66 84 77 21 61 36 44 66 97 14 54 41 57 62 89 86 78 57 56 67 48 6 35 58 35 74 34 70 28 60 12 34 41 59 30 25 32 89 23 55 51 15 23 59 62 16 52 68 29 68 70 15 93 14 22 48 79 33 12 54 46 27 12 59 12 69 28 32 16 31 83 27 56 62 42 67 74 76 63 87 61 73 73 28 12 88 63 31 82 25 8 18 85 84 2 73 35 55 53 44 50 10 39 71 54 70 43 23 4 81 4 12 39 34 60 16 18 20 0 82 18 82 102 
18 102 41 73 101 59 37 97 76 14 30 73 77 40 84 67 59 59 82 76 46 57 90 22 17 93 18 19 9 35 104 83 61 44 75 14 82 54 41 37 24 18 14 73 82 43 52 83 80 80 51 82 49 68 34 68 21 77 52 48 42 53 59 54 16 105 41 78 95 72 63 65 92 72 27 76 33 44 91 11 96 90 66 59 57 76 30 38 62 94 53 89 56 77 50 69 83 11 63 27 38 61 64 53 43 78 6 75 27 38 91 86 16 79 50 27 57 74 86 12 7 82 19 58 28 30 71 84 82 47 42 46 23 44 77 79 18 80 93 86 86 41 76 82 61 82 0 76 18 20 
74 43 57 8 46 59 38 33 42 89 45 38 51 38 48 50 69 33 37 74 29 52 49 60 68 31 76 63 80 79 35 43 45 32 77 90 7 61 34 45 53 86 77 89 39 42 50 62 12 50 64 51 79 45 72 10 54 6 37 45 45 32 16 36 86 38 58 65 21 36 68 44 34 34 68 43 70 55 33 87 30 14 59 86 39 6 51 46 14 26 65 30 76 10 28 25 47 79 35 52 49 51 76 80 80 76 80 42 73 59 46 11 79 45 28 82 20 14 35 76 76 16 63 42 47 50 26 32 9 41 56 59 59 32 5 14 79 14 21 55 51 63 2 35 20 18 76 0 80 94 
5 99 32 76 97 49 43 96 89 25 38 85 70 50 77 82 45 56 77 63 50 72 84 37 34 91 3 17 9 19 103 95 55 53 61 22 85 43 46 49 35 7 32 58 93 55 67 73 82 72 39 74 33 61 19 74 28 80 49 43 55 51 63 51 8 104 32 67 96 68 50 79 89 83 15 70 19 60 89 19 95 94 55 43 52 79 28 36 67 94 40 87 41 83 52 67 77 6 59 27 52 52 49 38 27 65 22 88 13 54 86 88 34 92 52 9 60 75 82 30 25 83 35 53 37 30 81 94 84 44 58 36 38 52 82 80 1 81 94 78 79 30 80 78 62 82 18 80 0 32 
35 123 61 93 122 79 56 118 88 7 50 85 98 57 104 78 77 79 103 94 66 67 111 36 28 113 34 39 23 51 124 95 82 62 93 10 101 74 61 52 41 27 19 90 95 57 63 103 100 100 70 102 65 89 51 86 41 96 73 69 55 73 78 75 25 125 61 97 114 93 82 77 112 85 45 96 50 54 112 13 116 108 86 75 77 95 51 59 80 114 72 110 73 94 70 89 104 26 84 47 51 81 81 70 59 96 14 87 44 47 112 105 18 91 70 41 77 94 106 18 18 102 32 79 47 51 86 98 101 68 52 65 37 62 95 99 33 100 113 106 107 60 95 103 82 102 20 94 32 0 
17 6 14 3 3 11 6 13 9 11 1 10 6 11 13 6 17 8 13 1 7 15 7 11 7 3 1 15 14 1 18 3 4 2 17 6 15 6 3 14 2 6 7 15 8 11 20 13 7 8 7 19 18 7 4 18 19 5 4 15 4 2 3 9 2 2 2 8 7 20 13 15 15 7 19 9 15 2 8 13 8 18 9 12 4 20 6 4 6 20 15 19 13 20 20 5 4 11 5 12 15 14 7 16 20 16 12 16 19 6 5 3 5 4 10 6 5 3 12 13 14 1 11 9 6 2 1 17 14 4 3 4 14 19 7 16 1 7 7 13 10 15 1 14 17 2 3 8 7 15 
36 36 36 36 36 36 36 36 36 36 36 36 36 36 36 36 36 36 36 36 36 36 36 36 36 36 36 36 36 36 36 36 36 36 36 36 36 36 36 36 36 36 36 36 36 36 36 36 36 36 36 36 36 36 36 36 36 36 36 36 36 36 36 36 36 36 36 36 36 36 36 36 36 36 36 36 36 36 36 36 36 36 36 36 36 36 36 36 36 36 36 36 36 36 36 36 36 36 36 36 36 36 36 36 36 36 36 36 36 36 36 36 36 36 36 36 36 36 36 36 36 36 36 36 36 36 36 36 36 36 36 36 36 36 36 36 36 36 36 36 36 36 36 36 36 36 36 36 36 36 