7 9 50 20 21
0 29 67 41 46 76 56 63 30 63 62 8 8 17 33 46 63 39 61 40 31 37 60 18 66 34 50 24 13 19 16 71 60 49 54 37 60 35 44 58 25 46 52 21 34 14 35 66 4 27 
29 0 82 17 62 67 68 81 38 72 40 21 21 13 21 20 39 18 65 20 2 14 37 17 46 17 21 43 42 36 43 48 32 21 29 62 55 18 65 41 30 54 46 8 31 17 13 40 33 56 
67 82 0 79 21 60 15 9 44 17 84 67 70 71 98 102 90 75 30 102 82 96 85 66 80 70 101 43 68 49 54 88 99 90 112 39 50 70 26 72 52 29 52 76 53 66 95 121 68 54 
41 17 79 0 62 53 64 80 36 66 23 32 33 23 37 26 22 4 57 34 14 28 20 23 29 9 22 47 54 40 52 31 21 11 37 68 42 8 66 24 30 50 34 21 25 26 27 43 45 65 
46 62 21 62 0 57 13 18 26 21 71 47 49 51 77 82 76 58 28 82 62 76 72 46 69 53 82 22 48 28 34 77 83 73 92 23 44 53 10 60 32 16 42 56 37 46 75 102 47 35 
76 67 60 53 57 0 48 66 47 43 39 69 72 65 88 79 46 50 30 87 65 81 43 60 32 50 73 62 86 61 75 39 62 59 89 77 15 49 67 29 51 42 23 67 41 64 80 93 79 85 
56 68 15 64 13 48 0 19 30 8 69 55 58 58 85 87 75 60 17 88 68 83 70 52 65 55 86 33 60 37 46 74 84 75 98 36 37 55 22 57 38 14 37 62 38 53 81 106 58 49 
63 81 9 80 18 66 19 0 44 23 87 64 67 69 95 101 93 76 36 100 81 95 88 64 84 71 100 39 62 46 49 92 101 91 111 32 56 71 19 75 50 31 56 74 54 64 93 121 63 47 
30 38 44 36 26 47 30 44 0 35 48 27 30 27 55 57 52 32 31 58 37 52 48 21 47 26 56 15 39 13 28 55 57 47 67 35 31 27 31 38 7 17 25 32 12 23 51 77 33 38 
63 72 17 66 21 43 8 23 35 0 68 61 64 62 90 90 74 62 13 93 71 87 70 57 64 58 89 40 67 44 53 72 85 77 101 44 34 58 30 56 42 18 36 67 41 58 85 109 65 57 
62 40 84 23 71 39 69 87 48 68 0 54 55 46 60 44 7 23 56 54 37 49 4 43 8 28 37 62 76 57 70 8 23 22 53 83 36 27 78 12 45 56 31 44 36 47 49 54 67 83 
8 21 67 32 47 69 55 64 27 61 54 0 3 9 30 40 55 30 58 36 23 31 52 10 57 25 43 25 22 18 22 62 52 41 48 42 54 26 46 50 20 43 46 13 28 6 30 60 13 34 
8 21 70 33 49 72 58 67 30 64 55 3 0 9 27 39 56 32 61 34 23 30 53 12 59 27 42 27 21 21 23 64 52 41 47 43 57 28 49 52 23 46 48 13 31 8 28 59 12 35 
17 13 71 23 51 65 58 69 27 62 46 9 9 0 27 32 46 22 57 30 14 25 43 6 50 17 34 30 31 23 30 54 43 32 41 49 51 19 52 43 20 44 42 5 25 5 24 53 21 43 
33 21 98 37 77 88 85 95 55 90 60 30 27 27 0 21 57 39 84 10 23 11 56 33 66 38 29 55 42 48 49 67 45 38 24 70 76 39 76 62 47 72 67 23 51 31 11 37 35 60 
46 20 102 26 82 79 87 101 57 90 44 40 39 32 21 0 39 30 82 12 19 11 40 37 51 32 7 63 58 56 62 50 25 21 10 82 69 33 85 50 50 73 60 27 49 37 12 20 50 74 
63 39 90 22 76 46 75 93 52 74 7 55 56 46 57 39 0 24 63 51 36 46 4 45 14 30 32 66 77 60 73 11 17 18 48 87 43 28 83 19 49 62 38 44 40 49 46 48 68 86 
39 18 75 4 58 50 60 76 32 62 23 30 32 22 39 30 24 0 53 37 15 31 21 20 28 6 26 43 52 37 49 32 25 15 41 64 38 5 62 22 26 46 30 21 21 24 30 47 43 62 
61 65 30 57 28 30 17 36 31 13 56 58 61 57 84 82 63 53 0 86 64 80 58 51 51 50 79 40 68 42 55 59 74 67 93 50 21 49 38 44 38 16 24 61 33 54 79 100 64 61 
40 20 102 34 82 87 88 100 58 93 54 36 34 30 10 12 51 37 86 0 22 6 51 36 61 37 20 60 50 53 57 62 37 32 14 78 75 38 82 58 50 75 66 26 52 35 7 27 43 68 
31 2 82 14 62 65 68 81 37 71 37 23 23 14 23 19 36 15 64 22 0 16 34 17 43 15 20 43 44 36 44 46 29 19 30 63 53 16 65 38 30 54 44 10 30 18 15 39 35 57 
37 14 96 28 76 81 83 95 52 87 49 31 30 25 11 11 46 31 80 6 16 0 46 30 56 31 17 55 48 48 53 57 34 27 17 73 69 32 77 53 44 69 60 20 46 30 1 29 40 65 
60 37 85 20 72 43 70 88 48 70 4 52 53 43 56 40 4 21 58 51 34 46 0 42 12 26 33 62 74 56 69 11 19 18 49 83 38 25 78 14 45 57 33 42 36 46 45 50 65 82 
18 17 66 23 46 60 52 64 21 57 43 10 12 6 33 37 45 20 51 36 17 30 42 0 47 15 38 26 32 19 29 52 44 33 46 46 45 16 48 39 14 39 36 10 19 4 29 57 23 42 
66 46 80 29 69 32 65 84 47 64 8 57 59 50 66 51 14 28 51 61 43 56 12 47 0 32 45 62 79 58 72 8 31 30 61 83 30 31 77 9 46 53 27 49 36 51 56 62 70 84 
34 17 70 9 53 50 55 71 26 58 28 25 27 17 38 32 30 6 50 37 15 31 26 15 32 0 30 37 47 31 43 37 31 20 43 58 38 1 57 25 21 41 29 17 17 19 30 51 38 56 
50 21 101 22 82 73 86 100 56 89 37 43 42 34 29 7 32 26 79 20 20 17 33 38 45 30 0 64 63 57 65 43 17 15 16 84 64 30 85 44 50 72 56 30 47 39 18 20 54 77 
24 43 43 47 22 62 33 39 15 40 62 25 27 30 55 63 66 43 40 60 43 55 62 26 62 37 64 0 27 7 14 70 68 57 72 21 46 38 21 53 17 24 40 35 26 25 54 83 25 23 
13 42 68 54 48 86 60 62 39 67 76 22 21 31 42 58 77 52 68 50 44 48 74 32 79 47 63 27 0 25 14 84 73 63 64 32 71 48 43 71 35 51 63 34 45 28 47 77 9 19 
19 36 49 40 28 61 37 46 13 44 57 18 21 23 48 56 60 37 42 53 36 48 56 19 58 31 57 7 25 0 15 65 62 51 65 27 45 32 29 49 11 27 38 28 22 18 47 76 21 26 
16 43 54 52 34 75 46 49 28 53 70 22 23 30 49 62 73 49 55 57 44 53 69 29 72 43 65 14 14 15 0 79 73 62 70 21 60 44 29 63 26 38 53 35 37 26 51 82 15 13 
71 48 88 31 77 39 74 92 55 72 8 62 64 54 67 50 11 32 59 62 46 57 11 52 8 37 43 70 84 65 79 0 28 29 59 90 38 35 85 17 53 61 36 53 43 56 56 59 75 91 
60 32 99 21 83 62 84 101 57 85 23 52 52 43 45 25 17 25 74 37 29 34 19 44 31 31 17 68 73 62 73 28 0 11 31 89 56 30 88 33 52 70 50 39 46 47 34 31 64 86 
49 21 90 11 73 59 75 91 47 77 22 41 41 32 38 21 18 15 67 32 19 27 18 33 30 20 15 57 63 51 62 29 11 0 31 78 50 20 78 29 41 61 43 28 36 36 27 34 53 75 
54 29 112 37 92 89 98 111 67 101 53 48 47 41 24 10 48 41 93 14 30 17 49 46 61 43 16 72 64 65 70 59 31 31 0 90 79 43 94 60 60 84 71 36 60 46 18 13 57 81 
37 62 39 68 23 77 36 32 35 44 83 42 43 49 70 82 87 64 50 78 63 73 83 46 83 58 84 21 32 27 21 90 89 78 90 0 63 59 13 73 38 35 58 54 47 44 72 102 36 15 
60 55 50 42 44 15 37 56 31 34 36 54 57 51 76 69 43 38 21 75 53 69 38 45 30 38 64 46 71 45 60 38 56 50 79 63 0 37 53 24 35 28 9 53 26 49 68 85 64 69 
35 18 70 8 53 49 55 71 27 58 27 26 28 19 39 33 28 5 49 38 16 32 25 16 31 1 30 38 48 32 44 35 30 20 43 59 37 0 57 24 21 41 28 18 16 20 31 51 39 57 
44 65 26 66 10 67 22 19 31 30 78 46 49 52 76 85 83 62 38 82 65 77 78 48 77 57 85 21 43 29 29 85 88 78 94 13 53 57 0 68 36 25 50 57 42 47 76 105 44 28 
58 41 72 24 60 29 57 75 38 56 12 50 52 43 62 50 19 22 44 58 38 53 14 39 9 25 44 53 71 49 63 17 33 29 60 73 24 24 68 0 37 44 19 43 27 43 52 63 62 75 
25 30 52 30 32 51 38 50 7 42 45 20 23 20 47 50 49 26 38 50 30 44 45 14 46 21 50 17 35 11 26 53 52 41 60 38 35 21 36 37 0 24 27 24 10 16 43 70 28 38 
46 54 29 50 16 42 14 31 17 18 56 43 46 44 72 73 62 46 16 75 54 69 57 39 53 41 72 24 51 27 38 61 70 61 84 35 28 41 25 44 24 0 26 49 24 40 68 92 48 45 
52 46 52 34 42 23 37 56 25 36 31 46 48 42 67 60 38 30 24 66 44 60 33 36 27 29 56 40 63 38 53 36 50 43 71 58 9 28 50 19 27 26 0 44 17 40 59 77 56 63 
21 8 76 21 56 67 62 74 32 67 44 13 13 5 23 27 44 21 61 26 10 20 42 10 49 17 30 35 34 28 35 53 39 28 36 54 53 18 57 43 24 49 44 0 28 10 19 48 25 47 
34 31 53 25 37 41 38 54 12 41 36 28 31 25 51 49 40 21 33 52 30 46 36 19 36 17 47 26 45 22 37 43 46 36 60 47 26 16 42 27 10 24 17 28 0 22 45 68 38 48 
14 17 66 26 46 64 53 64 23 58 47 6 8 5 31 37 49 24 54 35 18 30 46 4 51 19 39 25 28 18 26 56 47 36 46 44 49 20 47 43 16 40 40 10 22 0 29 57 19 39 
35 13 95 27 75 80 81 93 51 85 49 30 28 24 11 12 46 30 79 7 15 1 45 29 56 30 18 54 47 47 51 56 34 27 18 72 68 31 76 52 43 68 59 19 45 29 0 30 38 63 
66 40 121 43 102 93 106 121 77 109 54 60 59 53 37 20 48 47 100 27 39 29 50 57 62 51 20 83 77 76 82 59 31 34 13 102 85 51 105 63 70 92 77 48 68 57 30 0 69 94 
4 33 68 45 47 79 58 63 33 65 67 13 12 21 35 50 68 43 64 43 35 40 65 23 70 38 54 25 9 21 15 75 64 53 57 36 64 39 44 62 28 48 56 25 38 19 38 69 0 25 
27 56 54 65 35 85 49 47 38 57 83 34 35 43 60 74 86 62 61 68 57 65 82 42 84 56 77 23 19 26 13 91 86 75 81 15 69 57 28 75 38 45 63 47 48 39 63 94 25 0 
2 17 7 5 12 13 16 12 18 8 8 4 12 20 11 3 5 12 20 4 6 13 19 7 3 2 13 7 4 9 3 8 20 4 4 6 18 3 16 17 14 19 20 20 17 20 19 14 19 6 
30 30 30 30 30 30 30 30 30 30 30 30 30 30 30 30 30 30 30 30 30 30 30 30 30 30 30 30 30 30 30 30 30 30 30 30 30 30 30 30 30 30 30 30 30 30 30 30 30 30 