7 3 50 20 17
0 65 78 68 3 38 39 66 49 71 91 64 72 98 26 53 68 99 48 88 80 27 87 39 81 76 33 41 86 50 48 66 45 89 22 83 90 84 65 15 53 98 43 74 93 59 51 38 14 41 
65 0 13 45 67 78 62 46 60 37 28 23 39 46 65 46 15 53 17 28 15 41 23 63 32 23 45 57 43 51 22 38 31 40 52 24 31 32 25 66 26 41 47 45 41 31 23 56 67 67 
78 13 0 45 80 86 70 47 73 34 14 24 36 36 79 50 14 44 30 16 3 52 9 76 37 28 54 70 36 56 31 49 38 31 63 13 30 36 25 77 32 40 60 54 30 34 30 64 80 74 
68 45 45 0 71 55 38 3 91 11 46 22 10 37 83 15 31 35 42 40 48 43 46 89 77 68 34 85 22 21 31 80 26 30 46 37 74 78 20 58 23 85 77 88 34 15 27 34 77 41 
3 67 80 71 0 41 43 69 47 74 93 66 75 100 23 56 70 102 50 90 82 30 89 37 81 77 36 39 88 53 50 65 48 92 25 85 91 85 68 18 56 98 42 73 96 62 54 41 11 44 
38 78 86 55 41 0 17 52 85 64 94 64 63 91 64 40 72 90 62 89 89 40 92 77 103 97 33 77 77 34 55 94 47 84 28 85 108 106 64 23 54 118 76 103 88 55 55 22 52 14 
39 62 70 38 43 17 0 35 81 46 77 47 46 74 63 23 55 73 49 72 73 29 75 74 90 83 19 73 60 17 40 84 31 66 21 68 94 92 47 25 38 103 70 92 71 38 39 6 53 4 
66 46 47 3 69 52 35 0 91 14 49 24 13 40 82 13 33 38 42 43 51 41 49 88 79 70 33 84 25 18 32 81 25 33 43 40 76 79 22 55 23 87 77 89 37 16 27 31 75 38 
49 60 73 91 47 85 81 91 0 89 88 75 90 106 25 81 72 112 51 89 73 53 83 11 53 54 64 8 100 82 60 32 65 99 60 84 67 57 77 63 69 70 14 35 101 77 65 76 37 84 
71 37 34 11 74 64 46 14 89 0 35 14 2 28 84 23 22 28 38 29 38 45 35 87 69 60 39 83 14 29 29 74 26 20 50 26 65 69 12 63 20 75 74 81 24 13 24 42 79 50 
91 28 14 46 93 94 77 49 88 35 0 30 36 25 93 55 23 34 43 6 14 64 5 91 48 40 64 85 30 62 43 62 48 23 74 9 37 46 30 88 40 47 75 67 21 39 40 72 94 81 
64 23 24 22 66 64 47 24 75 14 30 0 16 34 72 26 9 38 24 25 27 36 28 75 55 46 34 70 24 32 17 59 19 26 45 21 52 55 2 59 11 63 61 67 29 9 12 41 70 51 
72 39 36 10 75 63 46 13 90 2 36 16 0 28 85 23 24 27 39 30 40 46 36 89 71 62 39 84 14 29 30 76 28 20 51 28 66 71 14 64 21 77 76 83 25 14 25 42 80 49 
98 46 36 37 100 91 74 40 106 28 25 34 28 0 106 51 34 9 56 20 38 70 29 108 72 64 66 102 14 57 51 85 52 8 77 23 63 71 32 91 44 72 92 90 5 39 47 70 104 77 
26 65 79 83 23 64 63 82 25 84 93 72 85 106 0 70 73 110 50 92 80 40 89 14 70 68 50 19 97 69 55 51 57 98 42 87 82 73 74 41 63 87 26 57 101 71 60 60 12 65 
53 46 50 15 56 40 23 13 81 23 55 26 23 51 70 0 35 50 37 50 53 30 54 77 77 68 20 74 37 6 26 76 18 43 31 46 77 78 25 42 19 87 68 84 47 16 23 19 63 26 
68 15 14 31 70 72 55 33 72 22 23 9 24 34 73 35 0 39 22 20 18 41 20 73 47 38 40 68 28 41 20 53 25 26 50 15 43 47 10 64 17 54 58 60 28 19 17 49 72 59 
99 53 44 35 102 90 73 38 112 28 34 38 27 9 110 50 39 0 61 28 46 73 37 112 80 72 67 107 13 56 54 92 54 13 78 31 71 79 36 91 47 81 98 97 13 40 50 69 107 76 
48 17 30 42 50 62 49 42 51 38 43 24 39 56 50 37 22 61 0 42 32 24 39 51 41 34 29 45 48 41 11 39 19 49 36 37 46 43 26 49 19 55 37 47 51 27 15 42 50 53 
88 28 16 40 90 89 72 43 89 29 6 25 30 20 92 50 20 28 42 0 17 61 9 91 52 44 59 85 24 56 40 65 44 17 70 5 43 51 25 84 36 53 75 70 15 34 37 67 92 76 
80 15 3 48 82 89 73 51 73 38 14 27 40 38 80 53 18 46 32 17 0 55 9 77 34 26 57 71 39 60 34 48 42 33 66 15 27 33 28 80 35 37 60 52 32 37 34 67 82 77 
27 41 52 43 30 40 29 41 53 45 64 36 46 70 40 30 41 73 24 61 55 0 60 47 63 57 11 45 59 30 21 55 18 62 12 56 70 66 38 25 25 78 41 63 65 32 24 24 34 33 
87 23 9 46 89 92 75 49 83 35 5 28 36 29 89 54 20 37 39 9 9 60 0 86 43 35 61 80 32 60 39 58 45 26 70 8 34 42 28 84 38 44 70 62 24 38 37 69 89 79 
39 63 76 89 37 77 74 88 11 87 91 75 89 108 14 77 73 112 51 91 77 47 86 0 61 61 58 7 99 78 58 40 62 100 52 86 75 65 77 54 67 78 17 45 102 75 63 70 26 76 
81 32 37 77 81 103 90 79 53 69 48 55 71 72 70 77 47 80 41 52 34 63 43 61 0 9 71 54 72 82 51 21 60 68 75 50 15 4 57 87 57 17 44 21 67 63 54 84 76 94 
76 23 28 68 77 97 83 70 54 60 40 46 62 64 68 68 38 72 34 44 26 57 35 61 9 0 64 54 64 73 43 24 52 59 69 41 14 9 48 81 49 21 44 26 59 54 45 76 73 87 
33 45 54 34 36 33 19 33 64 39 64 34 39 66 50 20 40 67 29 59 57 11 61 58 71 64 0 56 53 19 22 64 15 58 11 55 75 73 35 25 23 84 52 73 62 27 23 13 43 23 
41 57 70 85 39 77 73 84 8 83 85 70 84 102 19 74 68 107 45 85 71 45 80 7 54 54 56 0 94 75 54 33 58 95 52 80 68 58 72 55 63 71 10 39 96 71 59 68 30 76 
86 43 36 22 88 77 60 25 100 14 30 24 14 14 97 37 28 13 48 24 39 59 32 99 72 64 53 94 0 43 41 81 40 8 65 24 66 72 22 78 33 76 85 88 12 26 36 56 93 63 
50 51 56 21 53 34 17 18 82 29 62 32 29 57 69 6 41 56 41 56 60 30 60 78 82 73 19 75 43 0 30 79 21 50 28 53 83 83 32 38 25 93 70 87 54 22 28 13 61 20 
48 22 31 31 50 55 40 32 60 29 43 17 30 51 55 26 20 54 11 40 34 21 39 58 51 43 22 54 41 30 0 50 8 43 31 35 53 53 18 45 8 63 46 58 46 17 5 33 53 44 
66 38 49 80 65 94 84 81 32 74 62 59 76 85 51 76 53 92 39 65 48 55 58 40 21 24 64 33 81 79 50 0 58 79 66 61 36 25 62 75 58 38 25 8 79 65 54 78 59 88 
45 31 38 26 48 47 31 25 65 26 48 19 28 52 57 18 25 54 19 44 42 18 45 62 60 52 15 58 40 21 8 58 0 44 26 39 62 62 20 40 8 72 51 66 47 13 8 25 52 36 
89 40 31 30 92 84 66 33 99 20 23 26 20 8 98 43 26 13 49 17 33 62 26 100 68 59 58 95 8 50 43 79 44 0 69 18 60 67 24 83 36 70 85 85 4 31 39 62 96 70 
22 52 63 46 25 28 21 43 60 50 74 45 51 77 42 31 50 78 36 70 66 12 70 52 75 69 11 52 65 28 31 66 26 69 0 65 82 78 46 14 34 90 49 74 73 38 33 17 33 24 
83 24 13 37 85 85 68 40 84 26 9 21 28 23 87 46 15 31 37 5 15 56 8 86 50 41 55 80 24 53 35 61 39 18 65 0 42 49 21 79 31 52 71 67 17 30 32 62 87 72 
90 31 30 74 91 108 94 76 67 65 37 52 66 63 82 77 43 71 46 43 27 70 34 75 15 14 75 68 66 83 53 36 62 60 82 42 0 11 54 94 57 10 58 36 58 62 55 87 88 98 
84 32 36 78 85 106 92 79 57 69 46 55 71 71 73 78 47 79 43 51 33 66 42 65 4 9 73 58 72 83 53 25 62 67 78 49 11 0 57 90 58 13 48 24 66 64 55 86 80 97 
65 25 25 20 68 64 47 22 77 12 30 2 14 32 74 25 10 36 26 25 28 38 28 77 57 48 35 72 22 32 18 62 20 24 46 21 54 57 0 60 12 64 63 69 27 9 14 41 71 51 
15 66 77 58 18 23 25 55 63 63 88 59 64 91 41 42 64 91 49 84 80 25 84 54 87 81 25 55 78 38 45 75 40 83 14 79 94 90 60 0 48 102 55 83 87 52 47 25 29 26 
53 26 32 23 56 54 38 23 69 20 40 11 21 44 63 19 17 47 19 36 35 25 38 67 57 49 23 63 33 25 8 58 8 36 34 31 57 58 12 48 0 68 55 66 40 8 4 31 59 42 
98 41 40 85 98 118 103 87 70 75 47 63 77 72 87 87 54 81 55 53 37 78 44 78 17 21 84 71 76 93 63 38 72 70 90 52 10 13 64 102 68 0 61 35 68 72 65 97 93 108 
43 47 60 77 42 76 70 77 14 74 75 61 76 92 26 68 58 98 37 75 60 41 70 17 44 44 52 10 85 70 46 25 51 85 49 71 58 48 63 55 55 61 0 31 87 63 51 65 34 73 
74 45 54 88 73 103 92 89 35 81 67 67 83 90 57 84 60 97 47 70 52 63 62 45 21 26 73 39 88 87 58 8 66 85 74 67 36 24 69 83 66 35 31 0 85 73 62 86 66 96 
93 41 30 34 96 88 71 37 101 24 21 29 25 5 101 47 28 13 51 15 32 65 24 102 67 59 62 96 12 54 46 79 47 4 73 17 58 66 27 87 40 68 87 85 0 35 42 66 99 74 
59 31 34 15 62 55 38 16 77 13 39 9 14 39 71 16 19 40 27 34 37 32 38 75 63 54 27 71 26 22 17 65 13 31 38 30 62 64 9 52 8 72 63 73 35 0 12 32 66 42 
51 23 30 27 54 55 39 27 65 24 40 12 25 47 60 23 17 50 15 37 34 24 37 63 54 45 23 59 36 28 5 54 8 39 33 32 55 55 14 47 4 65 51 62 42 12 0 33 57 43 
38 56 64 34 41 22 6 31 76 42 72 41 42 70 60 19 49 69 42 67 67 24 69 70 84 76 13 68 56 13 33 78 25 62 17 62 87 86 41 25 31 97 65 86 66 32 33 0 50 10 
14 67 80 77 11 52 53 75 37 79 94 70 80 104 12 63 72 107 50 92 82 34 89 26 76 73 43 30 93 61 53 59 52 96 33 87 88 80 71 29 59 93 34 66 99 66 57 50 0 54 
41 67 74 41 44 14 4 38 84 50 81 51 49 77 65 26 59 76 53 76 77 33 79 76 94 87 23 76 63 20 44 88 36 70 24 72 98 97 51 26 42 108 73 96 74 42 43 10 54 0 
1 19 16 6 5 10 12 1 16 7 8 2 13 10 4 11 13 16 13 16 4 4 13 18 17 20 1 11 2 3 12 3 19 8 12 15 14 3 9 4 17 20 1 20 1 16 9 9 18 10 
30 30 30 30 30 30 30 30 30 30 30 30 30 30 30 30 30 30 30 30 30 30 30 30 30 30 30 30 30 30 30 30 30 30 30 30 30 30 30 30 30 30 30 30 30 30 30 30 30 30 