7 16 100 40 13
0 96 38 44 41 77 72 92 52 28 17 109 45 22 77 88 6 47 63 46 58 34 57 71 47 84 63 47 73 46 54 75 16 24 58 13 42 32 23 48 76 58 90 92 66 60 50 65 72 52 55 43 29 93 66 30 51 77 69 58 99 12 80 87 55 49 50 12 43 69 86 44 84 75 88 57 75 78 50 62 10 40 69 3 55 37 25 75 55 39 70 51 85 58 21 23 45 61 41 73 
96 0 72 59 57 29 23 4 45 67 88 15 71 76 23 48 100 57 46 56 77 61 38 33 68 29 58 60 56 87 45 30 105 78 43 82 54 63 108 81 48 46 38 61 65 74 49 42 31 80 41 52 78 61 34 91 45 26 79 41 21 94 48 16 83 85 46 95 61 64 16 56 18 30 17 86 36 24 57 40 105 58 27 94 67 69 70 33 43 56 64 50 10 38 101 89 53 39 83 40 
38 72 0 46 18 64 52 69 28 25 22 82 7 36 49 51 39 47 59 46 72 21 36 40 57 72 25 12 35 19 46 62 38 14 51 32 34 24 38 15 74 53 55 54 73 23 44 32 42 18 32 34 47 55 37 19 29 63 82 49 68 29 43 59 22 18 27 30 10 75 58 43 55 44 59 25 42 49 52 53 42 17 45 35 63 48 21 43 44 26 32 21 63 34 31 50 20 52 61 67 
44 59 46 0 30 35 37 55 30 22 46 74 51 21 49 73 50 2 19 3 27 25 29 48 13 41 58 43 65 64 14 33 58 40 16 31 12 21 64 61 32 14 69 83 27 66 10 48 47 64 30 14 19 83 43 57 29 36 36 18 70 49 66 57 68 65 28 49 40 29 56 4 54 51 58 71 55 51 7 19 55 31 38 44 18 10 27 53 17 20 67 36 48 33 59 30 31 20 25 29 
41 57 18 30 0 47 35 54 12 16 31 69 21 28 36 49 44 31 41 30 58 8 19 29 43 54 28 12 36 37 28 44 48 21 33 30 18 12 50 32 56 35 49 55 57 35 27 25 30 34 16 17 38 56 25 34 12 45 67 31 57 37 41 46 38 36 10 38 9 59 46 26 43 34 47 41 34 37 36 35 49 1 29 39 48 35 16 34 26 10 38 10 47 18 43 44 4 34 50 49 
77 29 64 35 47 0 18 25 37 50 74 44 67 55 33 64 82 32 17 32 48 47 29 40 41 7 62 56 64 83 22 2 89 65 19 64 35 47 94 78 19 20 56 77 36 76 26 46 37 79 33 34 54 77 37 81 36 3 49 18 46 79 60 35 83 82 37 80 55 34 34 33 34 40 36 86 46 36 31 15 87 48 26 77 38 44 54 43 22 41 71 45 20 33 88 65 44 15 56 11 
72 23 52 37 35 18 0 20 23 44 66 37 52 52 15 46 77 35 28 34 58 38 15 21 48 24 45 41 46 69 23 17 82 56 23 59 31 40 86 63 36 26 39 58 49 60 27 28 19 63 19 29 56 59 19 70 23 15 63 20 33 72 42 20 67 67 24 72 41 49 19 33 18 22 21 70 28 18 37 20 82 36 8 71 48 47 47 25 20 33 53 30 12 18 79 66 31 19 62 27 
92 4 69 55 54 25 20 0 42 64 85 19 69 72 22 49 97 53 42 52 73 58 35 32 64 25 58 58 56 86 41 26 102 75 40 79 51 60 105 79 44 42 39 62 61 73 45 41 29 79 38 49 75 62 33 88 42 22 75 37 24 91 48 16 82 83 43 92 59 60 16 52 18 30 17 85 36 24 53 36 102 56 25 91 63 66 67 33 39 53 64 48 7 36 98 85 50 35 79 36 
52 45 28 30 12 37 23 42 0 24 43 57 30 36 25 43 56 30 35 28 57 17 8 20 43 44 28 19 34 46 22 35 60 33 26 40 18 20 62 41 49 30 41 52 54 40 23 18 20 42 4 16 43 53 15 46 1 35 65 23 46 49 36 35 46 45 2 50 18 55 34 26 31 24 35 49 26 26 34 27 60 13 17 50 47 38 26 25 19 14 38 8 35 6 55 52 8 26 54 41 
28 67 25 22 16 50 44 64 24 0 25 81 32 12 49 65 33 24 39 23 46 8 29 44 31 57 43 27 52 43 27 48 39 18 32 15 14 4 44 41 53 33 65 72 49 48 24 41 45 44 27 15 22 73 39 35 24 50 56 31 71 29 57 59 48 44 22 30 23 51 58 20 56 48 60 51 50 51 29 35 38 15 40 27 38 22 5 49 27 11 53 26 57 30 38 28 20 34 36 48 
17 88 22 46 31 74 66 85 43 25 0 100 29 27 67 73 17 48 64 47 66 27 50 59 53 81 47 32 57 28 52 72 17 10 57 18 39 27 20 31 78 58 76 76 72 42 49 53 61 35 47 40 37 77 56 14 43 74 77 56 87 7 65 77 37 31 41 8 29 75 77 44 74 64 78 39 63 68 53 60 20 29 60 13 61 43 20 63 51 33 54 39 78 49 13 36 35 59 52 73 
109 15 82 74 69 44 37 19 57 81 100 0 80 90 33 49 113 72 61 71 92 74 51 42 83 42 66 70 61 96 60 45 118 90 59 96 68 77 120 89 62 61 39 62 80 81 64 51 40 88 53 67 93 62 45 101 58 41 93 56 19 107 51 23 91 93 59 108 72 78 24 71 26 38 23 93 42 33 72 55 118 71 40 108 82 84 83 40 57 69 69 61 25 51 113 104 65 54 98 55 
45 71 7 51 21 67 52 69 30 32 29 80 0 43 48 45 46 52 63 51 78 26 38 38 63 74 18 11 28 16 50 65 44 21 54 39 39 30 44 11 78 57 50 47 78 15 49 29 40 12 34 39 54 48 36 22 31 65 88 52 65 36 38 57 16 15 30 37 12 80 56 48 54 42 57 19 38 47 58 56 49 21 45 42 69 54 29 40 47 31 25 22 63 34 37 58 23 55 68 70 
22 76 36 21 28 55 52 72 36 12 27 90 43 0 60 77 28 24 40 23 39 20 39 56 26 61 56 39 65 51 32 53 37 24 36 10 21 16 43 50 54 35 77 84 45 59 28 53 56 54 38 23 11 85 51 40 35 55 50 36 82 29 70 69 58 53 34 29 35 48 68 22 66 60 70 60 62 62 27 39 33 27 50 23 34 16 14 61 33 22 65 38 65 41 39 16 32 39 25 50 
77 23 49 49 36 33 15 22 25 49 67 33 48 60 0 30 81 47 43 46 73 42 21 10 61 38 35 37 34 64 35 32 85 57 37 65 40 45 87 57 52 40 23 43 64 51 39 18 7 57 22 38 66 44 12 68 26 30 78 33 21 74 27 10 60 61 27 75 39 64 9 45 6 8 10 62 14 2 50 35 86 38 11 76 62 59 51 11 32 38 42 28 18 19 80 75 32 34 74 43 
88 48 51 73 49 64 46 49 43 65 73 49 45 77 30 0 90 72 72 71 99 57 44 25 86 68 26 41 17 57 62 63 90 64 65 79 61 61 89 50 82 68 10 13 93 39 64 25 27 48 42 59 86 13 30 68 44 60 106 61 30 81 8 32 49 53 45 82 45 93 32 68 31 24 31 50 18 28 76 64 93 50 39 85 89 81 65 21 58 56 24 39 47 40 82 94 45 62 97 73 
6 100 39 50 44 82 77 97 56 33 17 113 46 28 81 90 0 52 69 52 64 38 62 74 53 89 64 49 74 44 60 80 10 25 64 18 47 36 17 47 82 64 92 93 72 59 56 68 75 51 59 48 35 94 70 28 55 83 75 64 102 10 82 91 53 47 54 9 45 75 90 50 87 78 91 55 78 82 56 67 5 43 73 5 61 43 30 78 60 44 71 54 90 62 17 29 49 67 47 79 
47 57 47 2 31 32 35 53 30 24 48 72 52 24 47 72 52 0 16 1 27 26 27 47 13 38 58 44 64 66 12 30 61 42 13 34 13 23 66 62 30 12 68 82 26 66 8 48 46 65 29 14 22 83 42 59 28 33 36 15 68 51 65 55 69 66 28 52 41 28 54 4 52 50 56 72 54 49 5 17 57 31 36 47 17 13 29 52 15 21 67 36 46 32 61 33 32 17 27 26 
63 46 59 19 41 17 28 42 35 39 64 61 63 40 43 72 69 16 0 17 31 39 29 46 23 22 64 53 68 78 13 16 77 56 8 50 25 37 82 74 15 6 66 84 21 75 15 50 44 75 32 25 38 84 42 73 34 20 34 11 61 68 67 48 80 77 34 68 51 21 47 19 46 48 49 83 53 46 14 8 74 42 33 63 21 28 43 51 16 33 73 43 36 34 77 48 40 9 38 10 
46 56 46 3 30 32 34 52 28 23 47 71 51 23 46 71 52 1 17 0 29 25 26 45 15 38 56 42 63 65 11 30 60 41 13 33 11 22 66 61 31 12 67 80 27 65 7 46 44 64 28 12 22 81 40 58 27 33 37 14 67 51 64 54 68 65 27 51 39 29 53 3 51 49 55 71 52 48 6 16 57 30 35 46 19 13 28 50 14 20 66 35 45 30 60 33 30 17 28 26 
58 77 72 27 58 48 58 73 57 46 66 92 78 39 73 99 64 27 31 29 0 51 55 74 15 50 85 70 92 89 37 47 74 63 35 48 40 47 81 87 33 32 95 110 13 93 34 75 72 90 57 41 29 110 69 79 56 51 11 39 91 67 93 79 94 90 56 67 67 17 78 31 76 76 80 97 81 75 23 38 68 58 62 60 10 24 50 79 41 48 95 64 67 59 77 35 59 39 17 37 
34 61 21 25 8 47 38 58 17 8 27 74 26 20 42 57 38 26 39 25 51 0 23 36 36 54 36 20 44 40 26 45 43 18 31 22 14 4 47 36 54 33 57 64 52 41 24 33 37 39 21 14 29 65 32 34 17 46 61 29 64 33 49 52 43 40 15 33 16 54 51 21 49 41 53 46 42 44 31 33 43 7 34 33 42 28 8 41 25 6 45 18 51 23 40 36 12 32 43 47 
57 38 36 29 19 29 15 35 8 29 50 51 38 39 21 44 62 27 29 26 55 23 0 19 41 36 34 27 39 54 17 27 67 40 21 45 19 25 70 49 42 24 40 55 49 47 20 21 18 50 4 17 45 56 14 54 7 27 62 17 42 56 38 30 54 53 8 57 26 50 29 24 26 22 31 57 26 23 31 21 67 21 11 56 44 38 32 24 14 18 44 16 28 5 63 54 16 19 53 33 
71 33 40 48 29 40 21 32 20 44 59 42 38 56 10 25 74 47 46 45 74 36 19 0 61 45 25 28 24 54 36 38 77 49 39 59 37 40 78 47 57 43 21 37 67 41 39 8 3 46 18 35 63 38 5 59 21 37 80 35 28 66 20 19 49 51 22 67 30 68 18 43 16 4 19 52 7 9 50 38 78 31 14 69 63 57 45 5 33 34 32 20 28 15 71 72 25 36 73 48 
47 68 57 13 43 41 48 64 43 31 53 83 63 26 61 86 53 13 23 15 15 36 41 61 0 46 70 55 78 75 25 39 62 49 25 36 25 32 69 72 32 22 82 96 19 78 21 61 60 75 43 27 18 96 56 65 42 43 25 28 81 55 79 68 79 76 41 55 52 22 67 17 65 64 69 82 68 63 11 28 57 43 50 48 8 10 36 66 28 33 80 49 58 46 65 27 44 29 14 32 
84 29 72 41 54 7 24 25 44 57 81 42 74 61 38 68 89 38 22 38 50 54 36 45 46 0 69 63 70 90 29 9 96 73 25 70 42 54 101 85 19 26 60 81 38 83 33 52 43 86 40 41 60 82 43 88 43 9 51 25 48 86 65 38 90 89 44 87 62 36 37 39 37 45 39 93 51 40 36 22 94 55 32 84 42 50 61 48 29 48 77 52 22 40 95 71 51 22 60 13 
63 58 25 58 28 62 45 58 28 43 47 66 18 56 35 26 64 58 64 56 85 36 34 25 70 69 0 16 10 31 51 60 63 39 55 55 45 40 62 24 77 58 32 29 82 15 52 17 28 22 31 43 66 30 26 41 30 60 94 52 48 54 19 43 25 28 30 55 20 84 43 53 40 28 43 27 23 34 63 55 67 28 37 60 75 63 42 25 48 37 9 21 53 30 55 72 26 54 79 68 
47 60 12 43 12 56 41 58 19 27 32 70 11 39 37 41 49 44 53 42 70 20 27 28 55 63 16 0 26 27 39 54 50 23 44 38 31 24 50 22 67 47 43 45 69 22 39 20 30 23 23 30 49 46 25 31 20 54 80 41 56 40 33 47 27 26 19 41 4 71 46 39 44 32 47 30 30 37 49 45 52 12 34 44 61 48 25 31 37 22 25 11 52 23 43 55 12 44 63 59 
73 56 35 65 36 64 46 56 34 52 57 61 28 65 34 17 74 64 68 63 92 44 39 24 78 70 10 26 0 40 56 63 73 49 60 64 52 49 72 33 81 63 24 19 88 21 58 18 27 30 36 50 74 20 27 51 36 61 100 57 42 64 10 40 32 36 36 65 30 89 40 60 38 26 39 34 20 32 69 60 77 37 38 70 82 71 51 23 53 45 8 28 52 34 65 81 34 58 87 72 
46 87 19 64 37 83 69 86 46 43 28 96 16 51 64 57 44 66 78 65 89 40 54 54 75 90 31 27 40 0 65 81 39 27 70 45 53 43 36 7 93 72 63 55 92 19 63 45 56 9 50 53 63 56 52 15 47 81 100 68 80 34 50 73 10 4 46 34 28 94 73 61 70 57 73 11 54 63 71 72 45 36 61 42 82 65 38 56 63 45 33 39 80 51 30 64 39 71 77 86 
54 45 46 14 28 22 23 41 22 27 52 60 50 32 35 62 60 12 13 11 37 26 17 36 25 29 51 39 56 65 0 20 67 44 5 41 13 25 72 60 28 7 57 73 31 62 4 38 35 62 20 12 33 74 31 60 21 23 44 4 56 57 56 43 66 64 21 57 37 32 42 11 40 39 44 69 43 38 14 7 65 29 24 54 26 24 32 41 3 20 61 30 34 22 65 44 27 7 39 21 
75 30 62 33 44 2 17 26 35 48 72 45 65 53 32 63 80 30 16 30 47 45 27 38 39 9 60 54 63 81 20 0 87 63 17 61 33 45 92 76 20 18 55 76 35 74 24 44 36 77 31 32 52 76 35 79 34 4 49 16 47 77 59 34 81 80 35 78 53 34 34 31 33 39 36 84 45 35 29 13 85 46 24 75 37 43 52 42 20 39 69 43 20 31 85 63 42 13 54 11 
16 105 38 58 48 89 82 102 60 39 17 118 44 37 85 90 10 61 77 60 74 43 67 77 62 96 63 50 73 39 67 87 0 27 71 27 54 42 7 44 91 72 93 91 81 57 63 70 78 48 64 55 45 92 73 24 60 89 85 71 105 10 82 95 49 43 58 9 46 85 94 58 91 81 95 50 80 85 65 74 7 47 77 14 70 52 35 81 67 49 69 57 95 66 9 39 52 74 57 87 
24 78 14 40 21 65 56 75 33 18 10 90 21 24 57 64 25 42 56 41 63 18 40 49 49 73 39 23 49 27 44 63 27 0 49 18 31 19 29 27 71 50 67 68 66 37 41 43 51 30 37 32 36 69 46 17 33 65 74 48 78 17 56 67 34 29 31 17 19 69 67 38 64 54 68 36 53 58 47 51 29 19 50 21 56 39 13 53 43 24 46 29 68 39 22 37 25 51 50 65 
58 43 51 16 33 19 23 40 26 32 57 59 54 36 37 65 64 13 8 13 35 31 21 39 25 25 55 44 60 70 5 17 71 49 0 45 17 30 76 65 23 3 59 76 28 67 8 42 37 67 24 17 35 77 34 65 25 20 41 3 56 61 59 43 71 69 26 62 42 29 42 14 41 41 44 74 46 39 14 3 69 34 26 58 25 26 37 44 7 25 65 34 33 26 70 46 32 4 39 16 
13 82 32 31 30 64 59 79 40 15 18 96 39 10 65 79 18 34 50 33 48 22 45 59 36 70 55 38 64 45 41 61 27 18 45 0 29 19 33 45 64 45 79 84 55 55 37 55 60 49 43 30 19 85 55 32 39 64 59 45 86 19 71 75 52 47 38 19 34 58 74 31 71 64 75 55 64 66 37 48 23 29 56 13 44 26 14 64 41 26 63 40 72 46 29 19 34 48 33 60 
42 54 34 12 18 35 31 51 18 14 39 68 39 21 40 61 47 13 25 11 40 14 19 37 25 42 45 31 52 53 13 33 54 31 17 29 0 12 59 50 40 19 59 70 38 53 10 36 37 52 19 2 26 71 32 48 17 35 49 17 61 44 54 49 56 53 16 44 28 40 48 8 45 41 49 59 44 42 18 20 52 18 29 41 30 19 19 42 12 8 55 24 43 22 52 35 19 20 35 33 
32 63 24 21 12 47 40 60 20 4 27 77 30 16 45 61 36 23 37 22 47 4 25 40 32 54 40 24 49 43 25 45 42 19 30 19 12 0 47 40 52 31 61 68 49 46 22 37 41 43 23 13 25 69 35 36 19 47 57 29 67 32 53 55 47 43 18 33 20 51 54 19 52 44 56 50 46 47 28 32 41 12 36 31 39 24 7 45 24 7 50 22 53 26 40 32 16 32 38 46 
23 108 38 64 50 94 86 105 62 44 20 120 44 43 87 89 17 66 82 66 81 47 70 78 69 101 62 50 72 36 72 92 7 29 76 33 59 47 0 41 97 77 93 90 88 54 68 71 80 45 67 59 52 91 75 21 63 94 92 76 106 14 82 97 46 40 61 14 48 91 96 63 93 83 97 47 81 87 71 79 15 49 80 21 77 59 39 82 71 53 67 58 98 69 7 46 55 79 64 92 
48 81 15 61 32 78 63 79 41 41 31 89 11 50 57 50 47 62 74 61 87 36 49 47 72 85 24 22 33 7 60 76 44 27 65 45 50 40 41 0 88 68 56 49 88 13 59 38 50 4 45 49 62 50 46 20 42 76 97 63 73 37 43 66 7 4 41 38 23 91 66 58 63 51 66 10 47 56 68 67 49 31 55 44 79 63 37 49 58 41 26 33 73 45 35 64 34 66 76 81 
76 48 74 32 56 19 36 44 49 53 78 62 78 54 52 82 82 30 15 31 33 54 42 57 32 19 77 67 81 93 28 20 91 71 23 64 40 52 97 88 0 21 75 95 19 89 30 62 55 90 46 40 49 95 54 88 48 23 32 25 66 82 78 54 94 92 48 82 65 17 54 33 53 58 56 97 64 55 26 21 87 57 43 77 26 39 58 61 30 48 86 57 40 47 91 59 55 23 46 9 
58 46 53 14 35 20 26 42 30 33 58 61 57 35 40 68 64 12 6 12 32 33 24 43 22 26 58 47 63 72 7 18 72 50 3 45 19 31 77 68 21 0 63 80 24 70 9 45 41 70 27 19 34 80 38 67 28 21 37 7 59 62 63 46 74 72 29 62 45 25 45 13 44 45 48 77 50 43 11 6 69 36 29 58 21 24 38 47 10 27 68 38 36 29 71 45 34 7 36 15 
90 38 55 69 49 56 39 39 41 65 76 39 50 77 23 10 92 68 66 67 95 57 40 21 82 60 32 43 24 63 57 55 93 67 59 79 59 61 93 56 75 63 0 23 87 46 60 24 22 54 39 57 84 23 26 73 42 53 101 56 20 83 13 23 56 60 43 84 47 87 23 65 23 18 21 58 15 20 72 58 96 50 33 87 84 78 65 16 54 55 32 39 38 36 86 93 45 56 94 66 
92 61 54 83 55 77 58 62 52 72 76 62 47 84 43 13 93 82 84 80 110 64 55 37 96 81 29 45 19 55 73 76 91 68 76 84 70 68 90 49 95 80 23 0 104 36 75 34 39 45 53 68 93 1 41 68 53 73 117 72 43 83 16 46 46 51 54 84 49 105 46 78 45 36 44 46 30 41 86 75 96 56 51 89 99 90 70 33 69 64 22 47 60 50 83 100 52 74 106 86 
66 65 73 27 57 36 49 61 54 49 72 80 78 45 64 93 72 26 21 27 13 52 49 67 19 38 82 69 88 92 31 35 81 66 28 55 38 49 88 88 19 24 87 104 0 92 30 70 66 91 52 39 37 105 63 83 52 39 13 32 82 74 87 69 95 92 52 74 67 3 68 30 67 69 70 98 75 67 20 29 76 57 54 67 11 29 53 72 35 47 92 61 56 54 84 45 57 31 29 25 
60 74 23 66 35 76 60 73 40 48 42 81 15 59 51 39 59 66 75 65 93 41 47 41 78 83 15 22 21 19 62 74 57 37 67 55 53 46 54 13 89 70 46 36 92 0 62 32 43 9 43 52 70 37 41 33 41 74 102 64 64 49 32 59 10 15 41 50 25 94 59 62 56 43 58 12 39 50 72 68 62 35 52 56 84 70 44 41 59 45 14 32 68 43 48 74 35 66 84 81 
50 49 44 10 27 26 27 45 23 24 49 64 49 28 39 64 56 8 15 7 34 24 20 39 21 33 52 39 58 63 4 24 63 41 8 37 10 22 68 59 30 9 60 75 30 62 0 40 38 61 22 10 29 76 34 58 21 27 42 8 60 53 58 47 65 63 22 54 37 32 46 6 44 42 48 68 46 41 11 11 61 27 28 50 24 20 29 44 7 18 61 30 38 24 62 39 26 11 35 24 
65 42 32 48 25 46 28 41 18 41 53 51 29 53 18 25 68 48 50 46 75 33 21 8 61 52 17 20 18 45 38 44 70 43 42 55 36 37 71 38 62 45 24 34 70 32 40 0 11 38 18 34 61 35 9 51 19 43 83 38 35 60 17 27 41 42 20 61 23 71 27 44 24 12 27 43 9 17 52 42 72 26 20 63 65 56 41 10 35 31 24 15 36 16 64 69 21 40 72 53 
72 31 42 47 30 37 19 29 20 45 61 40 40 56 7 27 75 46 44 44 72 37 18 3 60 43 28 30 27 56 35 36 78 51 37 60 37 41 80 50 55 41 22 39 66 43 38 11 0 49 18 35 63 40 5 61 21 34 79 34 26 68 23 17 52 54 22 69 32 66 16 43 13 4 16 55 9 7 49 36 80 32 12 70 62 56 46 6 31 34 35 21 25 15 73 72 26 35 72 46 
52 80 18 64 34 79 63 79 42 44 35 88 12 54 57 48 51 65 75 64 90 39 50 46 75 86 22 23 30 9 62 77 48 30 67 49 52 43 45 4 90 70 54 45 91 9 61 38 49 0 46 51 65 46 45 24 43 77 100 64 71 41 41 65 4 5 42 42 24 93 65 60 62 50 65 7 45 55 70 68 53 33 55 49 82 66 40 47 60 44 23 34 73 46 39 68 35 67 80 82 
55 41 32 30 16 33 19 38 4 27 47 53 34 38 22 42 59 29 32 28 57 21 4 18 43 40 31 23 36 50 20 31 64 37 24 43 19 23 67 45 46 27 39 53 52 43 22 18 18 46 0 17 45 53 13 51 4 31 64 21 43 53 36 31 50 49 5 54 22 53 30 26 28 22 32 53 25 23 33 24 64 17 13 54 46 39 30 23 17 16 40 12 31 3 60 54 12 23 54 37 
43 52 34 14 17 34 29 49 16 15 40 67 39 23 38 59 48 14 25 12 41 14 17 35 27 41 43 30 50 53 12 32 55 32 17 30 2 13 59 49 40 19 57 68 39 52 10 34 35 51 17 0 28 69 30 48 15 34 50 16 59 45 52 47 55 53 14 45 27 41 46 9 43 39 47 59 42 40 19 19 53 18 27 43 31 21 20 40 11 8 53 22 42 20 53 37 17 19 37 33 
29 78 47 19 38 54 56 75 43 22 37 93 54 11 66 86 35 22 38 22 29 29 45 63 18 60 66 49 74 63 33 52 45 36 35 19 26 25 52 62 49 34 84 93 37 70 29 61 63 65 45 28 0 94 58 51 42 56 40 37 87 38 78 74 69 64 41 38 45 40 73 22 71 67 75 72 69 68 24 39 39 37 55 31 25 9 25 68 35 29 75 47 68 48 48 10 41 39 14 48 
93 61 55 83 56 77 59 62 53 73 77 62 48 85 44 13 94 83 84 81 110 65 56 38 96 82 30 46 20 56 74 76 92 69 77 85 71 69 91 50 95 80 23 1 105 37 76 35 40 46 53 69 94 0 42 69 54 74 118 73 43 84 17 46 47 52 55 85 50 106 46 79 45 37 45 47 31 41 87 76 97 57 52 90 100 91 71 34 70 65 23 47 61 51 84 101 53 74 106 86 
66 34 37 43 25 37 19 33 15 39 56 45 36 51 12 30 70 42 42 40 69 32 14 5 56 43 26 25 27 52 31 35 73 46 34 55 32 35 75 46 54 38 26 41 63 41 34 9 5 45 13 30 58 42 0 56 16 34 76 31 32 62 24 21 49 50 17 63 27 63 21 38 18 9 22 52 12 12 46 33 74 26 11 64 58 52 41 10 28 29 33 16 27 10 68 67 21 32 67 44 
30 91 19 57 34 81 70 88 46 35 14 101 22 40 68 68 28 59 73 58 79 34 54 59 65 88 41 31 51 15 60 79 24 17 65 32 48 36 21 20 88 67 73 68 83 33 58 51 61 24 51 48 51 69 56 0 46 80 90 64 87 18 60 78 25 19 45 19 29 86 77 55 75 63 78 27 61 68 64 68 30 33 63 27 73 55 30 62 59 40 46 40 82 52 15 50 38 67 65 82 
51 45 29 29 12 36 23 42 1 24 43 58 31 35 26 44 55 28 34 27 56 17 7 21 42 43 30 20 36 47 21 34 60 33 25 39 17 19 63 42 48 28 42 53 52 41 21 19 21 43 4 15 42 54 16 46 0 34 64 22 47 49 37 35 47 46 1 50 19 53 34 24 32 25 36 50 27 27 33 26 60 13 17 50 46 37 25 26 17 13 40 9 35 6 56 51 8 25 52 39 
77 26 63 36 45 3 15 22 35 50 74 41 65 55 30 60 83 33 20 33 51 46 27 37 43 9 60 54 61 81 23 4 89 65 20 64 35 47 94 76 23 21 53 73 39 74 27 43 34 77 31 34 56 74 34 80 34 0 53 19 43 79 57 31 81 80 35 80 53 38 30 34 30 37 33 84 43 32 33 16 88 47 23 77 41 46 54 40 22 40 68 43 17 31 87 66 42 16 58 14 
69 79 82 36 67 49 63 75 65 56 77 93 88 50 78 106 75 36 34 37 11 61 62 80 25 51 94 80 100 100 44 49 85 74 41 59 49 57 92 97 32 37 101 117 13 102 42 83 79 100 64 50 40 118 76 90 64 53 0 44 95 78 100 83 104 101 64 78 77 15 82 40 81 83 84 107 87 80 31 42 79 67 67 71 18 34 61 85 47 57 104 72 70 66 88 46 68 44 28 38 
58 41 49 18 31 18 20 37 23 31 56 56 52 36 33 61 64 15 11 14 39 29 17 35 28 25 52 41 57 68 4 16 71 48 3 45 17 29 76 63 25 7 56 72 32 64 8 38 34 64 21 16 37 73 31 64 22 19 44 0 53 61 55 40 69 67 23 61 40 32 39 15 37 38 41 72 43 36 17 4 69 32 22 58 28 28 36 40 5 23 61 31 30 22 69 48 29 3 42 18 
99 21 68 70 57 46 33 24 46 71 87 19 65 82 21 30 102 68 61 67 91 64 42 28 81 48 48 56 42 80 56 47 105 78 56 86 61 67 106 73 66 59 20 43 82 64 60 35 26 71 43 59 87 43 32 87 47 43 95 53 0 95 32 13 74 77 48 95 58 81 14 66 16 23 12 76 26 20 70 53 106 59 32 97 81 80 73 24 53 60 51 48 26 40 99 97 53 52 95 58 
12 94 29 49 37 79 72 91 49 29 7 107 36 29 74 81 10 51 68 51 67 33 56 66 55 86 54 40 64 34 57 77 10 17 61 19 44 32 14 37 82 62 83 83 74 49 53 60 68 41 53 45 38 84 62 18 49 79 78 61 95 0 73 84 43 37 48 1 36 77 83 48 81 71 84 45 70 75 56 64 13 36 67 9 63 45 25 70 56 39 61 46 84 56 10 34 42 64 51 77 
80 48 43 66 41 60 42 48 36 57 65 51 38 70 27 8 82 65 67 64 93 49 38 20 79 65 19 33 10 50 56 59 82 56 59 71 54 53 82 43 78 63 13 16 87 32 58 17 23 41 36 52 78 17 24 60 37 57 100 55 32 73 0 32 43 46 38 73 37 88 32 62 30 20 31 44 13 25 70 58 85 42 35 77 82 74 57 17 52 49 18 31 45 33 75 86 37 57 90 69 
87 16 59 57 46 35 20 16 35 59 77 23 57 69 10 32 91 55 48 54 79 52 30 19 68 38 43 47 40 73 43 34 95 67 43 75 49 55 97 66 54 46 23 46 69 59 47 27 17 65 31 47 74 46 21 78 35 31 83 40 13 84 32 0 68 70 37 85 49 68 1 53 3 15 1 71 20 10 57 41 96 48 19 85 68 67 61 18 40 48 48 38 15 29 90 84 42 39 82 46 
55 83 22 68 38 83 67 82 46 48 37 91 16 58 60 49 53 69 80 68 94 43 54 49 79 90 25 27 32 10 66 81 49 34 71 52 56 47 46 7 94 74 56 46 95 10 65 41 52 4 50 55 69 47 49 25 47 81 104 69 74 43 43 68 0 6 46 44 28 97 68 65 65 53 68 3 48 59 74 72 55 37 59 51 86 70 44 50 64 48 25 38 77 50 40 71 39 71 83 86 
49 85 18 65 36 82 67 83 45 44 31 93 15 53 61 53 47 66 77 65 90 40 53 51 76 89 28 26 36 4 64 80 43 29 69 47 53 43 40 4 92 72 60 51 92 15 63 42 54 5 49 53 64 52 50 19 46 80 101 67 77 37 46 70 6 0 45 38 27 94 70 61 67 55 70 8 51 60 71 71 49 35 59 45 82 66 39 53 62 45 29 37 77 49 34 66 38 70 79 85 
50 46 27 28 10 37 24 43 2 22 41 59 30 34 27 45 54 28 34 27 56 15 8 22 41 44 30 19 36 46 21 35 58 31 26 38 16 18 61 41 48 29 43 54 52 41 22 20 22 42 5 14 41 55 17 45 1 35 64 23 48 48 38 37 46 45 0 48 18 54 36 24 33 26 37 49 28 28 33 26 59 12 19 48 46 36 24 27 18 12 39 8 37 8 54 50 7 25 52 40 
12 95 30 49 38 80 72 92 50 30 8 108 37 29 75 82 9 52 68 51 67 33 57 67 55 87 55 41 65 34 57 78 9 17 62 19 44 33 14 38 82 62 84 84 74 50 54 61 69 42 54 45 38 85 63 19 50 80 78 61 95 1 73 85 44 38 48 0 37 77 84 49 81 72 85 46 71 76 56 65 12 37 68 8 63 45 25 71 57 39 62 47 85 56 10 34 43 64 51 78 
43 61 10 40 9 55 41 59 18 23 29 72 12 35 39 45 45 41 51 39 67 16 26 30 52 62 20 4 30 28 37 53 46 19 42 34 28 20 48 23 65 45 47 49 67 25 37 23 32 24 22 27 45 50 27 29 19 53 77 40 58 36 37 49 28 27 18 37 0 68 48 36 45 35 49 32 33 39 46 44 49 9 34 40 58 44 21 34 35 19 29 11 53 23 40 51 11 43 59 58 
69 64 75 29 59 34 49 60 55 51 75 78 80 48 64 93 75 28 21 29 17 54 50 68 22 36 84 71 89 94 32 34 85 69 29 58 40 51 91 91 17 25 87 105 3 94 32 71 66 93 53 41 40 106 63 86 53 38 15 32 81 77 88 68 97 94 54 77 68 0 68 32 67 70 70 100 75 67 22 29 80 59 54 71 14 32 56 72 36 49 93 62 55 55 87 49 59 31 33 23 
86 16 58 56 46 34 19 16 34 58 77 24 56 68 9 32 90 54 47 53 78 51 29 18 67 37 43 46 40 73 42 34 94 67 42 74 48 54 96 66 54 45 23 46 68 59 46 27 16 65 30 46 73 46 21 77 34 30 82 39 14 83 32 1 68 70 36 84 48 68 0 52 2 15 2 70 20 9 56 40 95 47 18 85 67 66 60 17 39 47 48 37 15 28 89 83 41 38 81 45 
44 56 43 4 26 33 33 52 26 20 44 71 48 22 45 68 50 4 19 3 31 21 24 43 17 39 53 39 60 61 11 31 58 38 14 31 8 19 63 58 33 13 65 78 30 62 6 44 43 60 26 9 22 79 38 55 24 34 40 15 66 48 62 53 65 61 24 49 36 32 52 0 50 47 54 68 50 47 9 17 55 27 34 44 22 14 25 49 13 17 63 32 45 28 57 33 27 17 29 29 
84 18 55 54 43 34 18 18 31 56 74 26 54 66 6 31 87 52 46 51 76 49 26 16 65 37 40 44 38 70 40 33 91 64 41 71 45 52 93 63 53 44 23 45 67 56 44 24 13 62 28 43 71 45 18 75 32 30 81 37 16 81 30 3 65 67 33 81 45 67 2 50 0 12 4 68 18 6 54 38 92 44 16 82 65 64 58 15 37 44 46 34 15 25 86 81 38 37 79 44 
75 30 44 51 34 40 22 30 24 48 64 38 42 60 8 24 78 50 48 49 76 41 22 4 64 45 28 32 26 57 39 39 81 54 41 64 41 44 83 51 58 45 18 36 69 43 42 12 4 50 22 39 67 37 9 63 25 37 83 38 23 71 20 15 53 55 26 72 35 70 15 47 12 0 15 55 6 6 53 40 83 35 15 73 66 60 50 3 35 38 34 24 26 19 75 76 29 38 76 49 
88 17 59 58 47 36 21 17 35 60 78 23 57 70 10 31 91 56 49 55 80 53 31 19 69 39 43 47 39 73 44 36 95 68 44 75 49 56 97 66 56 48 21 44 70 58 48 27 16 65 32 47 75 45 22 78 36 33 84 41 12 84 31 1 68 70 37 85 49 70 2 54 4 15 0 70 19 9 58 42 96 48 20 86 69 68 62 17 41 49 47 38 17 29 90 85 42 41 83 47 
57 86 25 71 41 86 70 85 49 51 39 93 19 60 62 50 55 72 83 71 97 46 57 52 82 93 27 30 34 11 69 84 50 36 74 55 59 50 47 10 97 77 58 46 98 12 68 43 55 7 53 59 72 47 52 27 50 84 107 72 76 45 44 71 3 8 49 46 32 100 70 68 68 55 70 0 50 61 78 76 57 41 62 53 89 73 47 53 67 51 26 41 79 53 41 74 42 74 86 89 
75 36 42 55 34 46 28 36 26 50 63 42 38 62 14 18 78 54 53 52 81 42 26 7 68 51 23 30 20 54 43 45 80 53 46 64 44 46 81 47 64 50 15 30 75 39 46 9 9 45 25 42 69 31 12 61 27 43 87 43 26 70 13 20 48 51 28 71 33 75 20 50 18 6 19 50 0 12 58 45 82 35 21 73 70 64 50 3 40 40 28 24 32 22 74 78 30 44 79 55 
78 24 49 51 37 36 18 24 26 51 68 33 47 62 2 28 82 49 46 48 75 44 23 9 63 40 34 37 32 63 38 35 85 58 39 66 42 47 87 56 55 43 20 41 67 50 41 17 7 55 23 40 68 41 12 68 27 32 80 36 20 75 25 10 59 60 28 76 39 67 9 47 6 6 9 61 12 0 52 38 86 38 13 76 64 61 52 9 34 40 40 28 20 20 80 77 33 36 76 46 
50 57 52 7 36 31 37 53 34 29 53 72 58 27 50 76 56 5 14 6 23 31 31 50 11 36 63 49 69 71 14 29 65 47 14 37 18 28 71 68 26 11 72 86 20 72 11 52 49 70 33 19 24 87 46 64 33 33 31 17 70 56 70 57 74 71 33 56 46 22 56 9 54 53 58 78 58 52 0 17 61 37 39 51 12 14 34 55 18 26 72 41 47 36 65 34 37 18 25 24 
62 40 53 19 35 15 20 36 27 35 60 55 56 39 35 64 67 17 8 16 38 33 21 38 28 22 55 45 60 72 7 13 74 51 3 48 20 32 79 67 21 6 58 75 29 68 11 42 36 68 24 19 39 76 33 68 26 16 42 4 53 64 58 41 72 71 26 65 44 29 40 17 38 40 42 76 45 38 17 0 72 36 24 61 27 29 39 42 9 27 65 35 30 26 73 50 33 1 42 14 
10 105 42 55 49 87 82 102 60 38 20 118 49 33 86 93 5 57 74 57 68 43 67 78 57 94 67 52 77 45 65 85 7 29 69 23 52 41 15 49 87 69 96 96 76 62 61 72 80 53 64 53 39 97 74 30 60 88 79 69 106 13 85 96 55 49 59 12 49 80 95 55 92 83 96 57 82 86 61 72 0 47 78 10 65 48 34 82 65 48 74 58 95 67 16 33 53 72 51 84 
40 58 17 31 1 48 36 56 13 15 29 71 21 27 38 50 43 31 42 30 58 7 21 31 43 55 28 12 37 36 29 46 47 19 34 29 18 12 49 31 57 36 50 56 57 35 27 26 32 33 17 18 37 57 26 33 13 47 67 32 59 36 42 48 37 35 12 37 9 59 47 27 44 35 48 41 35 38 37 36 47 0 31 38 49 35 15 35 27 10 38 11 49 19 42 44 5 35 50 50 
69 27 45 38 29 26 8 25 17 40 60 40 45 50 11 39 73 36 33 35 62 34 11 14 50 32 37 34 38 61 24 24 77 50 26 56 29 36 80 55 43 29 33 51 54 52 28 20 12 55 13 27 55 52 11 63 17 23 67 22 32 67 35 19 59 59 19 68 34 54 18 34 16 15 20 62 21 13 39 24 78 31 0 67 51 48 43 18 21 29 45 23 18 11 73 65 25 23 63 34 
3 94 35 44 39 77 71 91 50 27 13 108 42 23 76 85 5 47 63 46 60 33 56 69 48 84 60 44 70 42 54 75 14 21 58 13 41 31 21 44 77 58 87 89 67 56 50 63 70 49 54 43 31 90 64 27 50 77 71 58 97 9 77 85 51 45 48 8 40 71 85 44 82 73 86 53 73 76 51 61 10 38 67 0 56 38 24 73 54 38 67 49 84 56 18 26 43 61 43 73 
55 67 63 18 48 38 48 63 47 38 61 82 69 34 62 89 61 17 21 19 10 42 44 63 8 42 75 61 82 82 26 37 70 56 25 44 30 39 77 79 26 21 84 99 11 84 24 65 62 82 46 31 25 100 58 73 46 41 18 28 81 63 82 68 86 82 46 63 58 14 67 22 65 66 69 89 70 64 12 27 65 49 51 56 0 18 43 68 30 38 85 54 57 49 73 34 49 28 19 28 
37 69 48 10 35 44 47 66 38 22 43 84 54 16 59 81 43 13 28 13 24 28 38 57 10 50 63 48 71 65 24 43 52 39 26 26 19 24 59 63 39 24 78 90 29 70 20 56 56 66 39 21 9 91 52 55 37 46 34 28 80 45 74 67 70 66 36 45 44 32 66 14 64 60 68 73 64 61 14 29 48 35 48 38 18 0 26 62 27 26 73 43 59 41 55 20 37 30 15 38 
25 70 21 27 16 54 47 67 26 5 20 83 29 14 51 65 30 29 43 28 50 8 32 45 36 61 42 25 51 38 32 52 35 13 37 14 19 7 39 37 58 38 65 70 53 44 29 41 46 40 30 20 25 71 41 30 25 54 61 36 73 25 57 61 44 39 24 25 21 56 60 25 58 50 62 47 50 52 34 39 34 15 43 24 43 26 0 50 31 14 51 26 60 32 33 30 20 39 39 53 
75 33 43 53 34 43 25 33 25 49 63 40 40 61 11 21 78 52 51 50 79 41 24 5 66 48 25 31 23 56 41 42 81 53 44 64 42 45 82 49 61 47 16 33 72 41 44 10 6 47 23 40 68 34 10 62 26 40 85 40 24 70 17 18 50 53 27 71 34 72 17 49 15 3 17 53 3 9 55 42 82 35 18 73 68 62 50 0 38 39 31 24 29 20 74 77 29 41 78 52 
55 43 44 17 26 22 20 39 19 27 51 57 47 33 32 58 60 15 16 14 41 25 14 33 28 29 48 37 53 63 3 20 67 43 7 41 12 24 71 58 30 10 54 69 35 59 7 35 31 60 17 11 35 70 28 59 17 22 47 5 53 56 52 40 64 62 18 57 35 36 39 13 37 35 41 67 40 34 18 9 65 27 21 54 30 27 31 38 0 18 57 27 32 19 65 46 24 8 42 23 
39 56 26 20 10 41 33 53 14 11 33 69 31 22 38 56 44 21 33 20 48 6 18 34 33 48 37 22 45 45 20 39 49 24 25 26 8 7 53 41 48 27 55 64 47 45 18 31 34 44 16 8 29 65 29 40 13 40 57 23 60 39 49 48 48 45 12 39 19 49 47 17 44 38 49 51 40 40 26 27 48 10 29 38 38 26 14 39 18 0 47 17 46 19 47 38 11 26 41 41 
70 64 32 67 38 71 53 64 38 53 54 69 25 65 42 24 71 67 73 66 95 45 44 32 80 77 9 25 8 33 61 69 69 46 65 63 55 50 67 26 86 68 32 22 92 14 61 24 35 23 40 53 75 23 33 46 40 68 104 61 51 61 18 48 25 29 39 62 29 93 48 63 46 34 47 26 28 40 72 65 74 38 45 67 85 73 51 31 57 47 0 31 60 39 61 81 36 64 88 77 
51 50 21 36 10 45 30 48 8 26 39 61 22 38 28 39 54 36 43 35 64 18 16 20 49 52 21 11 28 39 30 43 57 29 34 40 24 22 58 33 57 38 39 47 61 32 30 15 21 34 12 22 47 47 16 40 9 43 72 31 48 46 31 38 38 37 8 47 11 62 37 32 34 24 38 41 24 28 41 35 58 11 23 49 54 43 26 24 27 17 31 0 41 12 51 54 6 34 59 49 
85 10 63 48 47 20 12 7 35 57 78 25 63 65 18 47 90 46 36 45 67 51 28 28 58 22 53 52 52 80 34 20 95 68 33 72 43 53 98 73 40 36 38 60 56 68 38 36 25 73 31 42 68 61 27 82 35 17 70 30 26 84 45 15 77 77 37 85 53 55 15 45 15 26 17 79 32 20 47 30 95 49 18 84 57 59 60 29 32 46 60 41 0 29 91 78 43 29 72 31 
58 38 34 33 18 33 18 36 6 30 49 51 34 41 19 40 62 32 34 30 59 23 5 15 46 40 30 23 34 51 22 31 66 39 26 46 22 26 69 45 47 29 36 50 54 43 24 16 15 46 3 20 48 51 10 52 6 31 66 22 40 56 33 29 50 49 8 56 23 55 28 28 25 19 29 53 22 20 36 26 67 19 11 56 49 41 32 20 19 19 39 12 29 0 62 57 14 24 57 38 
21 101 31 59 43 88 79 98 55 38 13 113 37 39 80 82 17 61 77 60 77 40 63 71 65 95 55 43 65 30 65 85 9 22 70 29 52 40 7 35 91 71 86 83 84 48 62 64 73 39 60 53 48 84 68 15 56 87 88 69 99 10 75 90 40 34 54 10 40 87 89 57 86 75 90 41 74 80 65 73 16 42 73 18 73 55 33 74 65 47 61 51 91 62 0 44 48 73 61 86 
23 89 50 30 44 65 66 85 52 28 36 104 58 16 75 94 29 33 48 33 35 36 54 72 27 71 72 55 81 64 44 63 39 37 46 19 35 32 46 64 59 45 93 100 45 74 39 69 72 68 54 37 10 101 67 50 51 66 46 48 97 34 86 84 71 66 50 34 51 49 83 33 81 76 85 74 78 77 34 50 33 44 65 26 34 20 30 77 46 38 81 54 78 57 44 0 48 50 18 58 
45 53 20 31 4 44 31 50 8 20 35 65 23 32 32 45 49 32 40 30 59 12 16 25 44 51 26 12 34 39 27 42 52 25 32 34 19 16 55 34 55 34 45 52 57 35 26 21 26 35 12 17 41 53 21 38 8 42 68 29 53 42 37 42 39 38 7 43 11 59 41 27 38 29 42 42 30 33 37 33 53 5 25 43 49 37 20 29 24 11 36 6 43 14 48 48 0 32 53 47 
61 39 52 20 34 15 19 35 26 34 59 54 55 39 34 62 67 17 9 17 39 32 19 36 29 22 54 44 58 71 7 13 74 51 4 48 20 32 79 66 23 7 56 74 31 66 11 40 35 67 23 19 39 74 32 67 25 16 44 3 52 64 57 39 71 70 25 64 43 31 38 17 37 38 41 74 44 36 18 1 72 35 23 61 28 30 39 41 8 26 64 34 29 24 73 50 32 0 43 15 
41 83 61 25 50 56 62 79 54 36 52 98 68 25 74 97 47 27 38 28 17 43 53 73 14 60 79 63 87 77 39 54 57 50 39 33 35 38 64 76 46 36 94 106 29 84 35 72 72 80 54 37 14 106 67 65 52 58 28 42 95 51 90 82 83 79 52 51 59 33 81 29 79 76 83 86 79 76 25 42 51 50 63 43 19 15 39 78 42 41 88 59 72 57 61 18 53 43 0 47 
73 40 67 29 49 11 27 36 41 48 73 55 70 50 43 73 79 26 10 26 37 47 33 48 32 13 68 59 72 86 21 11 87 65 16 60 33 46 92 81 9 15 66 86 25 81 24 53 46 82 37 33 48 86 44 82 39 14 38 18 58 77 69 46 86 85 40 78 58 23 45 29 44 49 47 89 55 46 24 14 84 50 34 73 28 38 53 52 23 41 77 49 31 38 86 58 47 15 47 0 
4 11 7 4 19 16 1 1 10 17 13 16 19 19 3 9 7 12 19 3 6 19 3 7 6 7 8 2 7 4 20 8 19 6 8 6 18 5 7 3 19 8 12 15 3 20 12 11 9 6 9 5 10 18 8 4 12 8 19 14 19 6 20 2 9 13 10 12 6 7 3 9 16 11 20 4 17 4 16 8 10 16 2 13 18 1 10 15 12 20 11 6 19 20 8 8 18 9 19 12 
30 30 30 30 30 30 30 30 30 30 30 30 30 30 30 30 30 30 30 30 30 30 30 30 30 30 30 30 30 30 30 30 30 30 30 30 30 30 30 30 30 30 30 30 30 30 30 30 30 30 30 30 30 30 30 30 30 30 30 30 30 30 30 30 30 30 30 30 30 30 30 30 30 30 30 30 30 30 30 30 30 30 30 30 30 30 30 30 30 30 30 30 30 30 30 30 30 30 30 30 