7 20 100 40 14
0 86 42 67 54 76 78 107 100 57 42 93 44 21 25 35 56 16 60 101 10 54 58 72 82 60 58 72 43 67 70 15 36 61 102 14 69 64 23 83 19 52 94 10 62 50 69 53 52 4 13 4 105 73 48 50 34 107 68 92 86 60 26 32 70 50 56 98 49 36 44 71 53 28 67 78 48 61 25 15 93 8 41 56 66 45 50 37 76 32 11 100 50 86 85 60 44 31 68 32 
86 0 76 23 47 18 60 23 16 51 70 7 62 97 63 75 51 70 37 19 75 49 74 27 32 71 28 30 47 43 42 86 72 80 16 77 21 46 63 6 94 81 15 78 62 87 47 72 42 85 76 87 20 13 45 69 69 21 31 50 10 43 80 69 56 66 49 42 37 80 86 45 43 79 39 28 37 65 98 94 49 81 86 35 38 72 39 103 30 70 76 15 60 5 42 35 78 76 32 62 
42 76 0 68 71 60 41 100 93 28 6 81 14 34 48 68 27 43 70 95 40 72 16 77 57 89 57 79 56 39 83 29 68 93 89 50 69 35 40 77 32 10 77 33 24 12 86 83 34 46 30 39 97 66 61 10 64 95 47 59 81 34 17 62 34 77 29 69 47 8 9 86 66 64 79 83 51 86 33 36 61 34 10 62 41 5 58 30 53 63 34 87 17 79 55 69 2 65 46 56 
67 23 68 0 24 27 65 40 34 49 61 30 54 81 42 52 49 50 14 34 56 26 71 10 43 49 10 13 25 45 22 70 49 58 39 56 2 46 44 18 78 75 36 60 61 80 28 50 36 66 60 69 39 13 22 63 46 43 34 62 19 42 67 46 59 43 46 58 21 70 77 26 20 57 19 16 19 43 83 77 62 63 76 12 40 65 17 90 38 47 58 38 54 21 53 12 70 53 35 40 
54 47 71 24 0 50 80 61 56 60 65 54 60 72 29 29 60 38 10 54 44 2 79 22 64 25 25 21 15 61 15 62 26 34 63 41 26 61 34 42 70 80 61 51 72 83 15 25 46 52 52 57 61 37 10 70 25 67 53 82 42 56 64 26 73 18 57 80 28 70 79 17 6 36 13 26 22 20 76 68 82 54 77 15 57 69 15 85 58 26 49 62 62 45 73 12 73 32 53 22 
76 18 60 27 50 0 42 41 34 33 53 21 45 84 57 72 34 62 41 37 66 52 56 36 16 76 25 40 44 25 50 73 70 84 29 70 27 27 54 22 81 64 18 67 44 70 55 75 27 76 65 76 37 15 44 52 66 35 13 34 27 26 66 66 38 67 31 30 29 65 69 53 44 75 46 40 32 70 85 82 34 69 70 35 20 55 37 88 12 67 65 26 42 23 26 39 61 72 14 58 
78 60 41 65 80 42 0 80 74 22 38 61 34 75 71 92 23 72 75 78 72 82 27 75 28 105 57 78 68 19 86 67 90 111 65 80 65 19 65 64 73 37 53 68 17 44 91 101 34 80 64 76 76 55 71 31 86 71 30 20 69 25 56 85 8 95 24 32 52 49 47 90 74 91 82 80 58 101 74 76 22 69 49 67 24 36 65 70 30 86 68 63 28 65 20 73 41 90 29 77 
107 23 100 40 61 41 80 0 7 74 93 19 86 119 83 91 75 91 52 7 96 63 97 39 51 82 49 41 66 65 51 108 88 91 16 97 38 68 84 24 117 105 28 100 85 110 56 85 66 106 99 109 4 35 62 93 86 12 54 67 21 67 103 86 78 79 72 56 59 104 109 53 59 97 50 36 58 76 121 117 66 103 110 52 61 95 58 126 51 87 98 18 83 21 61 50 102 93 55 80 
100 16 93 34 56 34 74 7 0 67 86 13 79 112 76 85 68 84 46 4 90 58 91 34 46 77 42 36 59 59 46 101 82 86 13 90 31 62 77 17 110 98 23 93 78 104 51 80 59 99 92 102 5 28 56 86 80 12 47 62 14 60 96 80 72 74 65 52 52 97 102 48 53 90 45 31 51 71 114 110 61 96 103 46 55 89 51 119 45 81 91 14 76 14 56 44 95 87 48 74 
57 51 28 49 60 33 22 74 67 0 22 55 15 58 49 70 1 50 56 70 50 62 23 59 29 84 39 62 47 11 68 49 68 90 62 58 50 7 43 53 55 30 50 47 12 36 73 80 13 59 44 56 71 42 51 19 64 68 20 35 58 7 38 63 14 73 3 42 32 34 36 72 54 69 64 65 38 80 57 58 36 49 38 48 13 22 45 57 25 64 47 60 10 55 28 54 29 68 19 55 
42 70 6 61 65 53 38 93 86 22 0 75 7 37 43 64 21 40 64 89 38 66 16 70 51 84 50 73 50 33 77 29 64 88 82 47 63 29 36 70 35 15 71 32 21 18 80 78 27 44 28 39 90 59 55 8 59 89 41 55 75 28 18 58 31 73 23 64 40 12 16 80 60 61 73 77 45 81 36 38 56 33 16 56 35 4 52 35 47 59 32 80 12 73 50 63 8 61 40 52 
93 7 81 30 54 21 61 19 13 55 75 0 67 103 70 82 56 77 44 17 82 56 78 33 33 78 35 36 54 46 47 92 79 87 9 84 28 49 70 12 100 86 11 85 65 92 53 79 48 92 83 93 15 19 52 74 76 14 35 49 14 48 86 76 59 72 53 40 43 86 91 50 50 86 45 33 44 72 105 101 48 87 91 42 42 77 46 108 32 77 83 8 64 9 43 42 83 83 36 69 
44 62 14 54 60 45 34 86 79 15 7 67 0 42 41 62 14 39 58 81 38 61 19 63 44 80 43 66 45 26 71 34 61 85 74 47 56 23 34 63 40 21 63 34 17 25 74 75 19 46 30 42 82 51 49 10 57 81 33 50 67 21 23 55 26 69 15 57 34 19 23 74 54 60 67 70 39 77 42 43 51 35 24 50 27 10 46 42 39 57 34 72 6 65 43 57 16 60 32 49 
21 97 34 81 72 84 75 119 112 58 37 103 42 0 43 56 57 35 76 114 28 73 50 87 86 81 71 89 59 68 88 11 57 82 112 35 83 65 38 95 2 41 102 21 58 37 88 74 57 25 21 17 117 84 65 44 54 118 73 92 99 62 19 52 68 71 57 100 60 26 31 89 70 49 85 94 62 81 4 6 93 18 28 71 69 39 65 17 80 53 23 110 48 98 86 77 34 52 73 51 
25 63 48 42 29 57 71 83 76 49 43 70 41 43 0 21 48 8 34 76 15 29 60 46 66 41 35 47 17 55 44 33 20 44 79 13 45 53 7 60 40 58 73 22 57 59 45 35 38 23 23 28 81 50 22 50 16 85 52 80 62 48 37 14 63 30 46 83 28 44 54 46 27 20 42 53 25 40 46 38 81 24 51 31 52 48 25 57 60 15 19 78 46 63 72 35 49 19 52 9 
35 75 68 52 29 72 92 91 85 70 64 82 62 56 21 0 69 24 39 84 29 28 81 51 84 25 48 50 28 75 43 48 3 26 91 21 54 74 28 70 54 78 87 37 79 78 41 18 58 31 40 39 90 63 30 71 6 95 70 100 70 68 55 7 84 17 67 101 44 64 73 43 32 8 42 56 40 27 60 50 100 39 70 40 72 69 36 72 78 5 35 90 67 73 91 40 70 4 71 14 
56 51 27 49 60 34 23 75 68 1 21 56 14 57 48 69 0 49 56 71 49 62 23 59 30 83 39 62 47 12 68 48 67 89 62 57 50 8 42 53 54 30 50 46 12 36 72 79 13 58 43 55 71 43 50 18 63 69 20 36 58 8 37 62 15 73 3 43 31 33 36 72 54 68 64 65 37 79 57 57 37 48 37 47 14 22 45 56 26 63 46 60 9 55 29 54 28 67 20 55 
16 70 43 50 38 62 72 91 84 50 40 77 39 35 8 24 49 0 43 84 6 38 57 55 70 48 42 55 26 57 53 25 24 50 86 8 53 55 8 67 32 54 79 14 57 54 53 41 41 15 16 19 89 57 31 48 21 92 56 83 69 50 30 19 64 37 47 86 33 39 49 55 36 20 50 61 32 47 38 29 83 16 46 39 55 45 33 49 64 20 12 85 45 70 74 43 45 21 56 16 
60 37 70 14 10 41 75 52 46 56 64 44 58 76 34 39 56 43 0 45 49 12 76 13 56 34 18 12 17 55 13 65 35 43 53 47 16 55 38 32 74 79 51 55 68 82 16 35 42 58 55 62 51 27 12 68 33 57 45 75 32 50 65 34 68 28 53 72 24 70 78 16 7 44 9 18 19 29 79 72 74 58 77 8 50 68 12 88 50 35 53 52 59 35 65 2 72 41 46 29 
101 19 95 34 54 37 78 7 4 70 89 17 81 114 76 84 71 84 45 0 90 56 94 32 50 75 42 34 59 62 44 102 81 84 17 90 31 65 77 18 111 101 27 94 81 106 49 78 61 99 93 102 7 29 55 89 79 16 50 66 15 63 98 79 75 72 68 56 53 99 105 46 52 90 43 29 52 69 116 110 65 97 105 46 58 91 51 121 48 80 92 18 79 15 60 43 97 86 51 74 
10 75 40 56 44 66 72 96 90 50 38 82 38 28 15 29 49 6 49 90 0 44 55 61 73 54 47 62 32 59 60 19 30 55 91 9 58 56 12 72 25 50 83 8 56 50 60 47 43 10 10 12 94 62 37 46 27 97 59 84 75 51 26 25 64 43 48 89 38 35 44 61 42 24 57 67 38 53 32 23 85 10 41 45 57 42 39 43 67 26 6 89 44 76 76 50 42 25 59 23 
54 49 72 26 2 52 82 63 58 62 66 56 61 73 29 28 62 38 12 56 44 0 80 24 67 23 27 22 16 63 16 62 25 31 65 40 28 63 35 44 70 81 63 51 73 84 15 23 48 51 52 57 63 39 11 71 23 69 55 84 44 57 64 25 75 16 59 82 30 71 80 17 8 34 14 28 24 18 76 67 85 54 78 17 59 70 17 86 61 25 49 64 63 47 75 14 74 30 55 22 
58 74 16 71 79 56 27 97 91 23 16 78 19 50 60 81 23 57 76 94 55 80 0 81 49 99 61 84 64 32 89 45 80 104 84 64 72 29 52 76 48 10 72 49 13 17 92 94 35 61 45 55 94 66 68 9 76 91 43 47 81 31 33 74 23 88 25 58 52 24 20 92 73 78 85 87 57 96 48 52 49 49 23 68 36 12 64 43 47 76 49 82 17 78 45 75 15 78 42 68 
72 27 77 10 22 36 75 39 34 59 70 33 63 87 46 51 59 55 13 32 61 24 81 0 52 44 20 3 29 55 14 76 48 53 41 60 9 57 49 21 85 85 42 66 71 89 20 46 46 70 66 74 39 21 24 73 46 45 44 71 20 52 75 47 69 40 56 66 30 78 86 17 20 57 11 6 26 38 90 83 71 69 85 16 50 74 22 98 47 48 64 41 64 24 62 11 79 54 45 42 
82 32 57 43 64 16 28 51 46 29 51 33 44 86 66 84 30 70 56 50 73 67 49 52 0 90 39 56 56 18 66 76 82 98 37 78 43 21 62 37 83 58 24 72 36 65 71 89 30 83 69 81 48 31 57 47 78 43 14 18 41 23 67 77 27 81 28 16 39 63 65 69 58 86 62 56 44 85 86 85 18 74 67 49 16 51 50 86 6 78 71 34 39 37 10 54 58 84 14 69 
60 71 89 49 25 76 105 82 77 84 84 78 80 81 41 25 83 48 34 75 54 23 99 44 90 0 51 41 36 86 31 73 24 9 86 46 51 86 49 65 79 99 86 62 95 100 26 7 70 57 64 64 82 62 33 90 27 89 78 108 64 80 78 29 98 11 81 106 53 86 95 29 32 33 32 46 47 6 85 75 108 64 93 40 82 88 40 97 84 28 60 85 84 68 99 37 91 30 79 32 
58 28 57 10 25 25 57 49 42 39 50 35 43 71 35 48 39 42 18 42 47 27 61 20 39 51 0 23 20 37 29 60 45 59 44 49 12 38 35 25 68 65 39 51 51 69 34 50 26 57 50 59 47 15 18 53 42 49 27 57 27 33 56 42 50 42 36 55 10 59 66 33 19 52 25 26 9 46 73 68 57 54 65 10 32 54 12 79 33 43 49 42 44 28 48 16 59 49 28 35 
72 30 79 13 21 40 78 41 36 62 73 36 66 89 47 50 62 55 12 34 62 22 84 3 56 41 23 0 29 59 11 77 47 50 44 60 13 60 50 24 86 87 45 67 74 91 17 44 49 70 67 75 41 25 24 76 46 47 48 75 22 55 76 46 73 38 59 70 32 80 88 14 20 57 9 5 28 35 91 84 74 70 87 17 54 76 23 99 51 47 65 44 67 26 66 12 81 53 49 42 
43 47 56 25 15 44 68 66 59 47 50 54 45 59 17 28 47 26 17 59 32 16 64 29 56 36 20 29 0 50 28 48 25 43 63 31 27 49 21 43 56 65 59 38 58 68 30 33 34 41 38 45 64 35 5 55 22 68 43 73 44 43 49 22 61 26 44 73 17 55 64 31 10 32 25 35 12 32 62 55 73 41 62 13 46 54 8 71 50 23 36 62 48 46 64 17 58 29 44 15 
67 43 39 45 61 25 19 65 59 11 33 46 26 68 55 75 12 57 55 62 59 63 32 55 18 86 37 59 50 0 67 59 73 93 52 65 46 3 49 46 66 41 40 57 19 47 72 83 17 68 54 66 62 37 52 29 69 58 12 25 51 7 49 68 14 76 11 31 33 45 47 70 55 75 63 61 39 81 68 68 26 59 49 47 5 33 46 68 15 69 56 50 21 47 18 53 40 74 11 60 
70 42 83 22 15 50 86 51 46 68 77 47 71 88 44 43 68 53 13 44 60 16 89 14 66 31 29 11 28 67 0 77 40 40 55 56 23 68 49 35 85 92 56 66 80 95 5 34 55 67 67 72 51 35 23 81 40 58 56 85 33 62 78 41 80 29 65 80 37 83 91 3 18 51 4 15 32 25 91 83 84 69 90 21 62 81 25 100 61 41 64 55 72 38 76 14 85 46 57 38 
15 86 29 70 62 73 67 108 101 49 29 92 34 11 33 48 48 25 65 102 19 62 45 76 76 73 60 77 48 59 77 0 49 74 101 27 72 56 27 84 8 38 91 11 50 35 78 66 46 19 10 11 106 73 54 37 46 107 63 84 87 52 12 44 60 62 48 90 49 21 29 79 59 41 74 83 50 72 13 9 85 9 26 60 59 32 54 24 70 45 13 99 40 87 77 66 30 44 62 41 
36 72 68 49 26 70 90 88 82 68 64 79 61 57 20 3 67 24 35 81 30 25 80 48 82 24 45 47 25 73 40 49 0 25 88 22 51 72 27 67 55 78 84 38 77 78 38 17 56 32 40 40 87 60 27 71 4 92 68 98 67 66 55 5 82 14 65 98 42 64 73 40 29 10 39 53 37 25 61 51 98 40 70 37 69 68 33 73 75 4 36 87 66 70 89 37 69 6 68 12 
61 80 93 58 34 84 111 91 86 90 88 87 85 82 44 26 89 50 43 84 55 31 104 53 98 9 59 50 43 93 40 74 25 0 95 47 59 92 52 74 80 103 94 63 100 104 35 10 77 57 66 65 91 71 41 95 29 98 86 116 73 87 81 31 104 16 87 114 60 89 99 38 39 33 41 55 54 15 86 76 116 65 96 48 89 93 47 98 92 29 61 94 89 77 106 45 94 30 86 36 
102 16 89 39 63 29 65 16 13 62 82 9 74 112 79 91 62 86 53 17 91 65 84 41 37 86 44 44 63 52 55 101 88 95 0 93 37 55 79 21 109 93 12 93 71 99 61 87 55 101 92 102 12 29 61 81 85 6 42 51 21 54 94 85 64 81 60 40 52 94 98 58 59 95 53 40 54 80 113 109 50 96 99 51 48 84 55 116 37 86 92 2 71 18 45 51 90 92 42 78 
14 77 50 56 41 70 80 97 90 58 47 84 47 35 13 21 57 8 47 90 9 40 64 60 78 46 49 60 31 65 56 27 22 47 93 0 59 63 16 74 33 60 87 17 64 59 56 39 49 11 20 18 95 64 35 55 19 98 64 91 76 58 35 17 72 36 56 95 41 44 54 57 40 14 54 66 39 46 39 29 92 18 50 44 63 51 39 51 72 18 15 92 52 77 83 48 51 17 64 18 
69 21 69 2 26 27 65 38 31 50 63 28 56 83 45 54 50 53 16 31 58 28 72 9 43 51 12 13 27 46 23 72 51 59 37 59 0 47 46 16 80 77 35 63 62 81 29 51 37 68 62 71 37 12 24 65 48 41 34 61 17 43 69 48 60 44 47 57 23 72 79 26 22 59 19 15 21 45 85 79 61 65 78 14 41 66 19 92 38 49 60 36 55 19 53 14 71 55 35 42 
64 46 35 46 61 27 19 68 62 7 29 49 23 65 53 74 8 55 55 65 56 63 29 57 21 86 38 60 49 3 68 56 72 92 55 63 47 0 47 48 63 37 43 54 16 43 72 82 15 65 51 63 65 39 52 26 68 62 14 28 53 5 46 66 12 75 8 34 33 42 44 71 55 73 63 62 38 81 65 65 29 56 45 47 7 30 46 65 18 68 53 53 17 50 21 54 36 72 13 59 
23 63 40 44 34 54 65 84 77 43 36 70 34 38 7 28 42 8 38 77 12 35 52 49 62 49 35 50 21 49 49 27 27 52 79 16 46 47 0 60 35 50 71 17 50 51 50 43 33 22 17 24 82 50 26 43 23 84 48 75 62 42 30 21 57 37 40 78 26 37 46 51 31 26 46 56 25 47 41 34 76 20 44 33 47 40 27 50 56 23 15 77 38 63 67 38 42 26 48 16 
83 6 77 18 42 22 64 24 17 53 70 12 63 95 60 70 53 67 32 18 72 44 76 21 37 65 25 24 43 46 35 84 67 74 21 74 16 48 60 0 92 83 21 76 64 88 41 67 43 82 75 84 21 11 40 71 64 25 34 55 5 45 79 64 60 60 50 48 35 81 86 38 38 75 33 22 34 59 97 92 54 79 86 30 41 73 35 102 34 65 74 20 61 3 47 30 79 71 35 58 
19 94 32 78 70 81 73 117 110 55 35 100 40 2 40 54 54 32 74 111 25 70 48 85 83 79 68 86 56 66 85 8 55 80 109 33 80 63 35 92 0 40 99 18 56 36 86 72 54 23 18 15 114 81 62 42 52 115 70 90 96 60 17 50 66 68 55 97 58 24 30 87 67 47 82 91 59 79 6 5 91 16 27 68 66 37 63 18 78 51 21 107 46 95 84 74 33 50 70 49 
52 81 10 75 80 64 37 105 98 30 15 86 21 41 58 78 30 54 79 101 50 81 10 85 58 99 65 87 65 41 92 38 78 103 93 60 77 37 50 83 40 0 81 43 23 6 95 93 40 55 40 49 101 72 70 12 74 99 51 58 87 38 26 72 33 87 32 68 55 16 10 95 75 74 88 91 60 96 39 44 59 43 13 71 44 11 67 33 55 73 44 90 21 85 54 78 8 75 50 67 
94 15 77 36 61 18 53 28 23 50 71 11 63 102 73 87 50 79 51 27 83 63 72 42 24 86 39 45 59 40 56 91 84 94 12 87 35 43 71 21 99 81 0 85 59 87 62 86 45 94 83 94 24 24 57 69 81 18 30 39 24 43 84 81 51 79 48 29 45 83 86 60 56 91 54 43 48 80 103 100 38 88 87 47 36 72 51 106 25 82 83 10 60 19 33 49 79 88 31 74 
10 78 33 60 51 67 68 100 93 47 32 85 34 21 22 37 46 14 55 94 8 51 49 66 72 62 51 67 38 57 66 11 38 63 93 17 63 54 17 76 18 43 85 0 52 42 67 55 42 12 3 9 98 65 43 40 35 99 58 82 79 50 18 33 60 51 46 88 41 28 37 68 48 31 63 73 41 61 24 17 83 2 34 50 56 36 44 35 66 34 2 92 40 79 75 55 35 33 58 30 
62 62 24 61 72 44 17 85 78 12 21 65 17 58 57 79 12 57 68 81 56 73 13 71 36 95 51 74 58 19 80 50 77 100 71 64 62 16 50 64 56 23 59 52 0 29 84 90 25 64 48 59 81 54 62 14 73 78 30 35 69 19 39 72 10 84 15 45 43 32 31 84 66 77 76 77 49 91 57 59 37 53 33 59 23 19 57 54 34 73 51 69 12 66 31 66 24 77 29 65 
50 87 12 80 83 70 44 110 104 36 18 92 25 37 59 78 36 54 82 106 50 84 17 89 65 100 69 91 68 47 95 35 78 104 99 59 81 43 51 88 36 6 87 42 29 0 98 94 45 54 39 46 107 77 73 17 74 105 57 64 93 44 24 73 39 89 38 75 59 14 5 98 78 74 91 95 63 98 34 41 66 42 9 74 50 15 70 27 62 74 43 96 27 90 61 81 10 75 56 68 
69 47 86 28 15 55 91 56 51 73 80 53 74 88 45 41 72 53 16 49 60 15 92 20 71 26 34 17 30 72 5 78 38 35 61 56 29 72 50 41 86 95 62 67 84 98 0 29 59 67 68 72 56 41 25 84 38 63 61 90 39 67 79 39 85 25 69 86 41 85 94 3 20 48 9 20 35 20 91 83 90 69 92 25 67 84 28 101 66 39 65 61 75 43 81 18 88 44 62 37 
53 72 83 50 25 75 101 85 80 80 78 79 75 74 35 18 79 41 35 78 47 23 94 46 89 7 50 44 33 83 34 66 17 10 87 39 51 82 43 67 72 93 86 55 90 94 29 0 67 49 57 57 85 62 31 85 20 91 76 106 66 77 72 22 94 7 77 105 50 80 89 32 30 26 35 49 44 10 78 68 106 57 87 39 79 83 38 90 82 21 53 87 79 69 97 37 85 22 77 26 
52 42 34 36 46 27 34 66 59 13 27 48 19 57 38 58 13 41 42 61 43 48 35 46 30 70 26 49 34 17 55 46 56 77 55 49 37 15 33 43 54 40 45 42 25 45 59 67 0 53 39 51 63 32 37 28 52 62 16 42 47 10 39 51 27 60 10 46 18 38 43 58 40 58 50 52 24 66 58 55 43 44 43 34 14 29 31 60 24 52 41 53 18 45 33 41 35 57 16 43 
4 85 46 66 52 76 80 106 99 59 44 92 46 25 23 31 58 15 58 99 10 51 61 70 83 57 57 70 41 68 67 19 32 57 101 11 68 65 22 82 23 55 94 12 64 54 67 49 53 0 16 8 104 72 46 53 30 107 69 94 85 61 29 28 72 47 58 99 48 39 48 68 50 24 65 76 47 57 29 19 95 12 45 54 67 48 48 41 77 29 12 99 52 85 86 58 47 27 69 29 
13 76 30 60 52 65 64 99 92 44 28 83 30 21 23 40 43 16 55 93 10 52 45 66 69 64 50 67 38 54 67 10 40 66 92 20 62 51 17 75 18 40 83 3 48 39 68 57 39 16 0 12 96 64 43 36 37 98 56 79 78 47 15 35 57 53 43 85 40 24 34 69 49 34 63 73 41 63 24 17 80 5 30 50 53 32 44 33 63 36 4 90 36 78 72 55 31 36 55 32 
4 87 39 69 57 76 76 109 102 56 39 93 42 17 28 39 55 19 62 102 12 57 55 74 81 64 59 75 45 66 72 11 40 65 102 18 71 63 24 84 15 49 94 9 59 46 72 57 51 8 12 0 106 74 50 47 37 108 67 91 87 59 22 35 68 54 55 97 50 32 41 74 55 32 70 80 50 64 21 11 92 7 37 58 65 42 52 33 75 36 10 101 48 87 84 63 40 35 67 35 
105 20 97 39 61 37 76 4 5 71 90 15 82 117 81 90 71 89 51 7 94 63 94 39 48 82 47 41 64 62 51 106 87 91 12 95 37 65 82 21 114 101 24 98 81 107 56 85 63 104 96 106 0 32 61 89 85 9 51 63 19 63 101 85 74 79 69 52 56 101 106 53 58 96 50 36 56 76 119 114 62 100 106 51 58 92 56 123 47 86 96 14 80 18 57 49 98 92 51 79 
73 13 66 13 37 15 55 35 28 42 59 19 51 84 50 63 43 57 27 29 62 39 66 21 31 62 15 25 35 37 35 73 60 71 29 64 12 39 50 11 81 72 24 65 54 77 41 62 32 72 64 74 32 0 33 60 57 34 25 50 15 35 68 57 51 55 40 45 24 69 75 38 32 67 31 25 25 56 86 81 49 68 75 23 32 62 27 91 26 58 63 27 50 14 41 25 68 64 26 50 
48 45 61 22 10 44 71 62 56 51 55 52 49 65 22 30 50 31 12 55 37 11 68 24 57 33 18 24 5 52 23 54 27 41 61 35 24 52 26 40 62 70 57 43 62 73 25 31 37 46 43 50 61 33 0 60 24 65 44 74 41 46 54 24 64 24 47 73 19 60 69 25 5 34 20 30 13 29 68 60 75 46 67 10 48 59 6 76 51 25 41 60 52 43 65 12 63 31 45 18 
50 69 10 63 70 52 31 93 86 19 8 74 10 44 50 71 18 48 68 89 46 71 9 73 47 90 53 76 55 29 81 37 71 95 81 55 65 26 43 71 42 12 69 40 14 17 84 85 28 53 36 47 89 60 60 0 66 87 39 49 75 26 25 65 24 79 20 59 44 18 18 84 64 68 77 79 49 87 43 45 50 41 19 60 32 5 56 40 44 66 40 79 9 73 45 67 10 69 38 59 
34 69 64 46 25 66 86 86 80 64 59 76 57 54 16 6 63 21 33 79 27 23 76 46 78 27 42 46 22 69 40 46 4 29 85 19 48 68 23 64 52 74 81 35 73 74 38 20 52 30 37 37 85 57 24 66 0 89 64 93 65 62 51 2 78 16 61 94 38 60 69 40 26 11 38 51 33 26 58 49 94 37 67 34 65 64 30 70 71 1 33 84 61 67 84 35 65 7 64 8 
107 21 95 43 67 35 71 12 12 68 89 14 81 118 85 95 69 92 57 16 97 69 91 45 43 89 49 47 68 58 58 107 92 98 6 98 41 62 84 25 115 99 18 99 78 105 63 91 62 107 98 108 9 34 65 87 89 0 48 56 25 61 101 90 70 85 66 45 58 100 104 60 63 100 56 43 59 83 119 115 55 102 105 55 55 90 60 123 43 90 97 8 78 22 51 55 97 97 49 83 
68 31 47 34 53 13 30 54 47 20 41 35 33 73 52 70 20 56 45 50 59 55 43 44 14 78 27 48 43 12 56 63 68 86 42 64 34 14 48 34 70 51 30 58 30 57 61 76 16 69 56 67 51 25 44 39 64 48 0 30 39 12 55 63 26 69 18 30 26 52 56 60 46 72 52 49 31 73 74 72 30 61 57 38 7 42 38 76 8 65 57 39 29 35 20 43 48 70 1 56 
92 50 59 62 82 34 20 67 62 35 55 49 50 92 80 100 36 83 75 66 84 84 47 71 18 108 57 75 73 25 85 84 98 116 51 91 61 28 75 55 90 58 39 82 35 64 90 106 42 94 79 91 63 50 74 49 93 56 30 0 60 32 73 93 25 99 36 12 56 67 67 88 76 100 81 75 61 103 92 93 1 84 69 67 28 54 68 89 24 94 81 49 44 55 9 72 60 99 29 85 
86 10 81 19 42 27 69 21 14 58 75 14 67 99 62 70 58 69 32 15 75 44 81 20 41 64 27 22 44 51 33 87 67 73 21 76 17 53 62 5 96 87 24 79 69 93 39 66 47 85 78 87 19 15 41 75 65 25 39 60 0 50 83 65 65 60 55 52 38 85 91 36 38 76 31 19 37 58 101 95 59 82 91 31 46 77 36 106 39 66 77 21 65 5 52 30 83 72 40 59 
60 43 34 42 56 26 25 67 60 7 28 48 21 62 48 68 8 50 50 63 51 57 31 52 23 80 33 55 43 7 62 52 66 87 54 58 43 5 42 45 60 38 43 50 19 44 67 77 10 61 47 59 63 35 46 26 62 61 12 32 50 0 43 61 17 70 5 38 27 40 43 66 49 68 58 58 33 76 62 62 33 52 44 42 6 29 40 63 18 62 49 52 16 47 25 49 36 67 12 53 
26 80 17 67 64 66 56 103 96 38 18 86 23 19 37 55 37 30 65 98 26 64 33 75 67 78 56 76 49 49 78 12 55 81 94 35 69 46 30 79 17 26 84 18 39 24 79 72 39 29 15 22 101 68 54 25 51 101 55 73 83 43 0 50 49 67 38 81 46 9 18 80 60 50 74 81 48 77 19 20 74 17 15 59 50 20 53 23 62 51 19 92 29 82 67 65 18 51 54 46 
32 69 62 46 26 66 85 86 80 63 58 76 55 52 14 7 62 19 34 79 25 25 74 47 77 29 42 46 22 68 41 44 5 31 85 17 48 66 21 64 50 72 81 33 72 73 39 22 51 28 35 35 85 57 24 65 2 90 63 93 65 61 50 0 77 18 60 94 37 58 68 41 27 10 39 52 33 28 56 47 93 35 65 34 64 62 30 68 71 1 31 84 60 67 84 36 64 7 64 7 
70 56 34 59 73 38 8 78 72 14 31 59 26 68 63 84 15 64 68 75 64 75 23 69 27 98 50 73 61 14 80 60 82 104 64 72 60 12 57 60 66 33 51 60 10 39 85 94 27 72 57 68 74 51 64 24 78 70 26 25 65 17 49 77 0 87 16 35 45 42 41 84 67 83 76 74 51 93 67 69 26 61 43 60 19 29 58 64 27 78 60 62 20 61 22 66 35 82 25 70 
50 66 77 43 18 67 95 79 74 73 73 72 69 71 30 17 73 37 28 72 43 16 88 40 81 11 42 38 26 76 29 62 14 16 81 36 44 75 37 60 68 87 79 51 84 89 25 7 60 47 53 54 79 55 24 79 16 85 69 99 60 70 67 18 87 0 70 98 43 75 84 28 23 25 29 43 37 10 74 65 99 53 82 32 72 77 31 86 75 17 49 80 72 63 90 30 79 21 69 21 
56 49 29 46 57 31 24 72 65 3 23 53 15 57 46 67 3 47 53 68 48 59 25 56 28 81 36 59 44 11 65 48 65 87 60 56 47 8 40 50 55 32 48 46 15 38 69 77 10 58 43 55 69 40 47 20 61 66 18 36 55 5 38 60 16 70 0 42 29 34 38 69 51 66 61 62 34 77 57 57 37 48 39 44 12 24 42 58 24 61 45 58 11 52 29 51 30 66 17 53 
98 42 69 58 80 30 32 56 52 42 64 40 57 100 83 101 43 86 72 56 89 82 58 66 16 106 55 70 73 31 80 90 98 114 40 95 57 34 78 48 97 68 29 88 45 75 86 105 46 99 85 97 52 45 73 59 94 45 30 12 52 38 81 94 35 98 42 0 56 76 76 84 74 102 77 69 61 101 100 100 11 90 78 65 32 63 67 99 23 95 87 38 52 47 13 69 69 100 30 86 
49 37 47 21 28 29 52 59 52 32 40 43 34 60 28 44 31 33 24 53 38 30 52 30 39 53 10 32 17 33 37 49 42 60 52 41 23 33 26 35 58 55 45 41 43 59 41 50 18 48 40 50 56 24 19 44 38 58 26 56 38 27 46 37 45 43 29 56 0 48 56 40 22 46 33 36 5 48 62 57 56 44 55 16 29 44 13 69 33 38 39 51 35 38 47 23 49 44 26 30 
36 80 8 70 70 65 49 104 97 34 12 86 19 26 44 64 33 39 70 99 35 71 24 78 63 86 59 80 55 45 83 21 64 89 94 44 72 42 37 81 24 16 83 28 32 14 85 80 38 39 24 32 101 69 60 18 60 100 52 67 85 40 9 58 42 75 34 76 48 0 9 85 65 59 79 85 52 84 25 28 68 27 7 63 47 13 58 23 59 59 29 91 24 83 62 70 8 60 52 53 
44 86 9 77 79 69 47 109 102 36 16 91 23 31 54 73 36 49 78 105 44 80 20 86 65 95 66 88 64 47 91 29 73 99 98 54 79 44 46 86 30 10 86 37 31 5 94 89 43 48 34 41 106 75 69 18 69 104 56 67 91 43 18 68 41 84 38 76 56 9 0 94 74 68 87 93 60 93 29 35 68 36 3 71 50 14 66 23 62 69 38 96 26 89 63 78 7 70 55 63 
71 45 86 26 17 53 90 53 48 72 80 50 74 89 46 43 72 55 16 46 61 17 92 17 69 29 33 14 31 70 3 79 40 38 58 57 26 71 51 38 87 95 60 68 84 98 3 32 58 68 69 74 53 38 25 84 40 60 60 88 36 66 80 41 84 28 69 84 40 85 94 0 20 51 7 17 35 23 93 85 88 71 92 24 65 84 28 102 64 41 66 58 75 41 79 17 88 47 61 39 
53 43 66 20 6 44 74 59 53 54 60 50 54 70 27 32 54 36 7 52 42 8 73 20 58 32 19 20 10 55 18 59 29 39 59 40 22 55 31 38 67 75 56 48 66 78 20 30 40 50 49 55 58 32 5 64 26 63 46 76 38 49 60 27 67 23 51 74 22 65 74 20 0 37 14 25 16 26 73 65 76 51 72 8 50 64 8 82 52 28 46 58 56 41 67 8 68 34 47 22 
28 79 64 57 36 75 91 97 90 69 61 86 60 49 20 8 68 20 44 90 24 34 78 57 86 33 52 57 32 75 51 41 10 33 95 14 59 73 26 75 47 74 91 31 77 74 48 26 58 24 34 32 96 67 34 68 11 100 72 100 76 68 50 10 83 25 66 102 46 59 68 51 37 0 49 63 43 35 53 43 101 33 65 44 72 65 40 65 79 9 30 94 65 78 92 46 66 4 72 17 
67 39 79 19 13 46 82 50 45 64 73 45 67 85 42 42 64 50 9 43 57 14 85 11 62 32 25 9 25 63 4 74 39 41 53 54 19 63 46 33 82 88 54 63 76 91 9 35 50 65 63 70 50 31 20 77 38 56 52 81 31 58 74 39 76 29 61 77 33 79 87 7 14 49 0 14 28 26 88 80 81 66 86 17 58 77 21 96 57 39 61 53 68 35 72 10 81 45 53 36 
78 28 83 16 26 40 80 36 31 65 77 33 70 94 53 56 65 61 18 29 67 28 87 6 56 46 26 5 35 61 15 83 53 55 40 66 15 62 56 22 91 91 43 73 77 95 20 49 52 76 73 80 36 25 30 79 51 43 49 75 19 58 81 52 74 43 62 69 36 85 93 17 25 63 14 0 33 40 97 90 74 76 92 23 55 80 28 104 52 53 71 40 70 23 66 17 85 59 50 48 
48 37 51 19 22 32 58 58 51 38 45 44 39 62 25 40 37 32 19 52 38 24 57 26 44 47 9 28 12 39 32 50 37 54 54 39 21 38 25 34 59 60 48 41 49 63 35 44 24 47 41 50 56 25 13 49 33 59 31 61 37 33 48 33 51 37 34 61 5 52 60 35 16 43 28 33 0 42 64 58 61 44 59 11 34 49 7 71 38 34 39 52 40 38 52 18 53 40 32 26 
61 65 86 43 20 70 101 76 71 80 81 72 77 81 40 27 79 47 29 69 53 18 96 38 85 6 46 35 32 81 25 72 25 15 80 46 45 81 47 59 79 96 80 61 91 98 20 10 66 57 63 64 76 56 29 87 26 83 73 103 58 76 77 28 93 10 77 101 48 84 93 23 26 35 26 40 42 0 85 75 103 63 91 35 77 86 35 96 79 28 59 79 80 62 94 31 88 31 74 31 
25 98 33 83 76 85 74 121 114 57 36 105 42 4 46 60 57 38 79 116 32 76 48 90 86 85 73 91 62 68 91 13 61 86 113 39 85 65 41 97 6 39 103 24 57 34 91 78 58 29 24 21 119 86 68 43 58 119 74 92 101 62 19 56 67 74 57 100 62 25 29 93 73 53 88 97 64 85 0 10 93 22 25 74 69 38 68 13 81 57 26 111 48 100 86 79 33 56 73 55 
15 94 36 77 68 82 76 117 110 58 38 101 43 6 38 50 57 29 72 110 23 67 52 83 85 75 68 84 55 68 83 9 51 76 109 29 79 65 34 92 5 44 100 17 59 41 83 68 55 19 17 11 114 81 60 45 49 115 72 93 95 62 20 47 69 65 57 100 57 28 35 85 65 43 80 90 58 75 10 0 94 14 31 67 68 41 61 23 80 47 19 107 49 95 86 72 37 46 72 46 
93 49 61 62 82 34 22 66 61 36 56 48 51 93 81 100 37 83 74 65 85 85 49 71 18 108 57 74 73 26 84 85 98 116 50 92 61 29 76 54 91 59 38 83 37 66 90 106 43 95 80 92 62 49 75 50 94 55 30 1 59 33 74 93 26 99 37 11 56 68 68 88 76 101 81 74 61 103 93 94 0 85 70 67 28 55 68 91 24 94 82 48 45 54 9 72 61 99 29 85 
8 81 34 63 54 69 69 103 96 49 33 87 35 18 24 39 48 16 58 97 10 54 49 69 74 64 54 70 41 59 69 9 40 65 96 18 65 56 20 79 16 43 88 2 53 42 69 57 44 12 5 7 100 68 46 41 37 102 61 84 82 52 17 35 61 53 48 90 44 27 36 71 51 33 66 76 44 63 22 14 85 0 33 53 58 36 47 33 68 36 5 94 41 82 77 58 35 35 60 32 
41 86 10 76 77 70 49 110 103 38 16 91 24 28 51 70 37 46 77 105 41 78 23 85 67 93 65 87 62 49 90 26 70 96 99 50 78 45 44 86 27 13 87 34 33 9 92 87 43 45 30 37 106 75 67 19 67 105 57 69 91 44 15 65 43 82 39 78 55 7 3 92 72 65 86 92 59 91 25 31 70 33 0 70 51 15 65 20 63 66 35 96 27 89 64 76 8 67 56 60 
56 35 62 12 15 35 67 52 46 48 56 42 50 71 31 40 47 39 8 46 45 17 68 16 49 40 10 17 13 47 21 60 37 48 51 44 14 47 33 30 68 71 47 50 59 74 25 39 34 54 50 58 51 23 10 60 34 55 38 67 31 42 59 34 60 32 44 65 16 63 71 24 8 44 17 23 11 35 74 67 67 53 70 0 42 60 5 81 43 35 48 50 51 33 58 7 64 41 39 28 
66 38 41 40 57 20 24 61 55 13 35 42 27 69 52 72 14 55 50 58 57 59 36 50 16 82 32 54 46 5 62 59 69 89 48 63 41 7 47 41 66 44 36 56 23 50 67 79 14 67 53 65 58 32 48 32 65 55 7 28 46 6 50 64 19 72 12 32 29 47 50 65 50 72 58 55 34 77 69 68 28 58 51 42 0 36 41 70 12 66 55 46 23 43 19 48 42 71 6 57 
45 72 5 65 69 55 36 95 89 22 4 77 10 39 48 69 22 45 68 91 42 70 12 74 51 88 54 76 54 33 81 32 68 93 84 51 66 30 40 73 37 11 72 36 19 15 84 83 29 48 32 42 92 62 59 5 64 90 42 54 77 29 20 62 29 77 24 63 44 13 14 84 64 65 77 80 49 86 38 41 55 36 15 60 36 0 56 35 48 64 36 82 12 75 49 67 6 66 41 56 
50 39 58 17 15 37 65 58 51 45 52 46 46 65 25 36 45 33 12 51 39 17 64 22 50 40 12 23 8 46 25 54 33 47 55 39 19 46 27 35 63 67 51 44 57 70 28 38 31 48 44 52 56 27 6 56 30 60 38 68 36 40 53 30 58 31 42 67 13 58 66 28 8 40 21 28 7 35 68 61 68 47 65 5 41 56 0 76 44 31 42 54 47 38 59 11 60 37 38 23 
37 103 30 90 85 88 70 126 119 57 35 108 42 17 57 72 56 49 88 121 43 86 43 98 86 97 79 99 71 68 100 24 73 98 116 51 92 65 50 102 18 33 106 35 54 27 101 90 60 41 33 33 123 91 76 40 70 123 76 89 106 63 23 68 64 86 58 99 69 23 23 102 82 65 96 104 71 96 13 23 91 33 20 81 70 35 76 0 82 69 37 114 47 105 85 88 29 68 75 65 
76 30 53 38 58 12 30 51 45 25 47 32 39 80 60 78 26 64 50 48 67 61 47 47 6 84 33 51 50 15 61 70 75 92 37 72 38 18 56 34 78 55 25 66 34 62 66 82 24 77 63 75 47 26 51 44 71 43 8 24 39 18 62 71 27 75 24 23 33 59 62 64 52 79 57 52 38 79 81 80 24 68 63 43 12 48 44 82 0 72 65 35 35 35 15 48 54 77 8 63 
32 70 63 47 26 67 86 87 81 64 59 77 57 53 15 5 63 20 35 80 26 25 76 48 78 28 43 47 23 69 41 45 4 29 86 18 49 68 23 65 51 73 82 34 73 74 39 21 52 29 36 36 86 58 25 66 1 90 65 94 66 62 51 1 78 17 61 95 38 59 69 41 28 9 39 53 34 28 57 47 94 36 66 35 66 64 31 69 72 0 32 85 61 68 85 36 65 6 65 8 
11 76 34 58 49 65 68 98 91 47 32 83 34 23 19 35 46 12 53 92 6 49 49 64 71 60 49 65 36 56 64 13 36 61 92 15 60 53 15 74 21 44 83 2 51 43 65 53 41 12 4 10 96 63 41 40 33 97 57 81 77 49 19 31 60 49 45 87 39 29 38 66 46 30 61 71 39 59 26 19 82 5 35 48 55 36 42 37 65 32 0 90 39 77 74 53 36 32 57 28 
100 15 87 38 62 26 63 18 14 60 80 8 72 110 78 90 60 85 52 18 89 64 82 41 34 85 42 44 62 50 55 99 87 94 2 92 36 53 77 20 107 90 10 92 69 96 61 87 53 99 90 101 14 27 60 79 84 8 39 49 21 52 92 84 62 80 58 38 51 91 96 58 58 94 53 40 52 79 111 107 48 94 96 50 46 82 54 114 35 85 90 0 69 17 43 50 88 91 40 77 
50 60 17 54 62 42 28 83 76 10 12 64 6 48 46 67 9 45 59 79 44 63 17 64 39 84 44 67 48 21 72 40 66 89 71 52 55 17 38 61 46 21 60 40 12 27 75 79 18 52 36 48 80 50 52 9 61 78 29 44 65 16 29 60 20 72 11 52 35 24 26 75 56 65 68 70 40 80 48 49 45 41 27 51 23 12 47 47 35 61 39 69 0 63 38 58 19 65 29 53 
86 5 79 21 45 23 65 21 14 55 73 9 65 98 63 73 55 70 35 15 76 47 78 24 37 68 28 26 46 47 38 87 70 77 18 77 19 50 63 3 95 85 19 79 66 90 43 69 45 85 78 87 18 14 43 73 67 22 35 55 5 47 82 67 61 63 52 47 38 83 89 41 41 78 35 23 38 62 100 95 54 82 89 33 43 75 38 105 35 68 77 17 63 0 47 33 81 74 36 61 
85 42 55 53 73 26 20 61 56 28 50 43 43 86 72 91 29 74 65 60 76 75 45 62 10 99 48 66 64 18 76 77 89 106 45 83 53 21 67 47 84 54 33 75 31 61 81 97 33 86 72 84 57 41 65 45 84 51 20 9 52 25 67 84 22 90 29 13 47 62 63 79 67 92 72 66 52 94 86 86 9 77 64 58 19 49 59 85 15 85 74 43 38 47 0 63 55 90 20 76 
60 35 69 12 12 39 73 50 44 54 63 42 57 77 35 40 54 43 2 43 50 14 75 11 54 37 16 12 17 53 14 66 37 45 51 48 14 54 38 30 74 78 49 55 66 81 18 37 41 58 55 63 49 25 12 67 35 55 43 72 30 49 65 36 66 30 51 69 23 70 78 17 8 46 10 17 18 31 79 72 72 58 76 7 48 67 11 88 48 36 53 50 58 33 63 0 71 42 44 30 
44 78 2 70 73 61 41 102 95 29 8 83 16 34 49 70 28 45 72 97 42 74 15 79 58 91 59 81 58 40 85 30 69 94 90 51 71 36 42 79 33 8 79 35 24 10 88 85 35 47 31 40 98 68 63 10 65 97 48 60 83 36 18 64 35 79 30 69 49 8 7 88 68 66 81 85 53 88 33 37 61 35 8 64 42 6 60 29 54 65 36 88 19 81 55 71 0 67 48 58 
31 76 65 53 32 72 90 93 87 68 61 83 60 52 19 4 67 21 41 86 25 30 78 54 84 30 49 53 29 74 46 44 6 30 92 17 55 72 26 71 50 75 88 33 77 75 44 22 57 27 36 35 92 64 31 69 7 97 70 99 72 67 51 7 82 21 66 100 44 60 70 47 34 4 45 59 40 31 56 46 99 35 67 41 71 66 37 68 77 6 32 91 65 74 90 42 67 0 70 14 
68 32 46 35 53 14 29 55 48 19 40 36 32 73 52 71 20 56 46 51 59 55 42 45 14 79 28 49 44 11 57 62 68 86 42 64 35 13 48 35 70 50 31 58 29 56 62 77 16 69 55 67 51 26 45 38 64 49 1 29 40 12 54 64 25 69 17 30 26 52 55 61 47 72 53 50 32 74 73 72 29 60 56 39 6 41 38 75 8 65 57 40 29 36 20 44 48 70 0 56 
32 62 56 40 22 58 77 80 74 55 52 69 49 51 9 14 55 16 29 74 23 22 68 42 69 32 35 42 15 60 38 41 12 36 78 18 42 59 16 58 49 67 74 30 65 68 37 26 43 29 32 35 79 50 18 59 8 83 56 85 59 53 46 7 70 21 53 86 30 53 63 39 22 17 36 48 26 31 55 46 85 32 60 28 57 56 23 65 63 8 28 77 53 61 76 30 58 14 56 0 
5 8 2 8 18 20 17 9 1 19 10 20 4 5 5 14 19 19 4 16 14 13 18 14 13 13 14 7 15 3 6 10 20 13 7 3 18 13 14 7 8 16 18 9 8 12 19 13 19 12 5 2 7 4 12 13 5 19 7 1 12 17 4 3 19 10 6 10 11 19 12 2 18 6 12 17 20 16 16 7 16 15 16 19 13 15 11 18 4 12 16 19 1 3 10 13 6 7 1 5 
30 30 30 30 30 30 30 30 30 30 30 30 30 30 30 30 30 30 30 30 30 30 30 30 30 30 30 30 30 30 30 30 30 30 30 30 30 30 30 30 30 30 30 30 30 30 30 30 30 30 30 30 30 30 30 30 30 30 30 30 30 30 30 30 30 30 30 30 30 30 30 30 30 30 30 30 30 30 30 30 30 30 30 30 30 30 30 30 30 30 30 30 30 30 30 30 30 30 30 30 