7 19 100 40 12
0 95 90 67 25 81 28 38 83 61 17 93 43 26 36 80 100 24 42 30 80 55 66 92 7 79 88 112 84 51 10 51 90 107 37 77 54 97 66 29 101 75 77 17 80 86 51 73 82 23 103 101 51 53 101 27 65 44 95 65 29 25 80 7 53 23 68 73 62 68 22 81 66 77 94 96 59 90 63 34 38 74 109 18 104 60 57 7 29 42 31 72 69 82 61 98 62 100 86 74 
95 0 16 29 73 14 79 56 68 41 83 52 56 69 59 29 29 88 52 68 37 50 29 64 92 54 72 21 58 47 86 43 91 32 76 87 80 8 54 72 11 60 62 90 28 10 60 26 55 87 16 37 54 44 23 75 54 65 11 43 80 80 15 100 48 77 27 38 63 53 74 23 29 47 5 19 53 24 32 74 62 65 39 84 41 43 56 92 79 53 70 35 41 79 63 25 34 25 45 49 
90 16 0 23 72 21 78 54 79 46 81 65 56 63 56 40 45 88 48 67 21 54 25 77 89 65 84 37 42 48 81 41 102 48 78 96 85 25 62 64 27 70 46 89 13 19 64 16 66 86 32 53 43 46 39 74 61 68 27 30 80 72 13 96 51 69 29 24 70 61 72 9 27 57 11 7 40 7 32 65 62 74 56 76 56 48 44 89 70 49 69 22 48 89 69 40 36 41 58 33 
67 29 23 0 49 18 56 31 66 28 58 59 34 41 33 32 47 65 25 44 23 35 3 67 66 53 72 49 43 26 58 19 87 53 56 80 65 34 46 43 38 56 42 65 16 22 44 8 55 63 41 53 26 25 44 51 45 47 33 18 58 51 14 73 31 48 13 19 53 46 49 16 7 46 27 29 27 25 12 45 40 60 59 55 57 30 30 66 50 26 47 15 34 75 52 43 17 45 50 30 
25 73 72 49 0 59 9 17 59 36 10 68 18 19 16 55 75 17 24 5 67 30 46 67 20 54 65 89 77 27 22 30 69 82 16 57 34 74 40 27 78 50 72 17 64 64 26 56 57 15 79 76 42 30 77 4 39 20 72 53 11 32 60 28 28 25 46 60 38 43 4 64 45 52 74 78 50 73 41 36 13 50 84 27 79 35 50 20 34 23 6 58 43 59 37 73 39 76 60 65 
81 14 21 18 59 0 64 42 57 27 68 45 41 55 45 19 29 74 38 54 35 36 17 56 78 44 63 32 57 32 72 29 81 35 61 75 66 16 41 59 20 49 58 76 25 5 46 20 45 72 23 36 44 29 26 60 41 50 15 36 65 68 8 86 33 64 13 33 50 41 60 21 15 36 17 27 45 27 17 63 47 53 41 71 40 29 48 78 67 38 55 30 28 68 49 25 19 27 37 45 
28 79 78 56 9 64 0 25 55 39 11 67 23 28 24 58 77 9 32 12 75 31 53 64 21 52 60 92 86 31 27 37 62 84 9 50 26 78 39 36 82 47 81 13 72 69 25 64 55 8 83 77 52 34 79 5 38 18 76 62 2 40 66 28 31 33 51 68 34 41 12 72 51 51 80 85 60 81 47 45 17 46 85 35 80 38 59 21 43 31 9 66 45 54 33 76 44 78 60 74 
38 56 54 31 17 42 25 0 56 24 26 60 8 17 3 42 61 34 7 13 50 22 29 63 36 48 63 73 63 13 31 13 72 69 26 61 41 58 35 25 62 46 59 34 47 47 24 39 51 32 64 64 29 15 62 20 34 21 56 37 27 33 43 43 17 26 29 43 36 37 17 47 28 44 57 61 37 56 24 32 11 48 72 32 68 23 37 36 34 6 16 41 32 60 35 59 23 62 51 50 
83 68 79 66 59 57 55 56 0 38 65 21 48 72 59 39 46 61 61 56 89 35 63 11 76 13 6 68 109 47 81 55 23 51 46 22 32 61 21 81 63 10 108 67 81 59 33 73 12 61 60 40 82 46 52 56 22 39 58 83 54 88 66 83 41 81 53 85 21 20 63 78 59 21 72 85 88 85 54 89 48 9 47 86 40 37 89 76 90 60 53 82 31 12 22 48 49 50 23 96 
61 41 46 28 36 27 39 24 38 0 46 37 18 41 27 19 38 49 26 31 52 9 25 42 57 26 44 53 70 11 55 17 59 46 35 51 39 39 17 48 43 28 69 52 44 31 19 36 29 48 43 40 44 9 40 36 17 24 37 44 40 57 32 65 8 50 17 47 24 18 39 42 21 21 44 52 49 50 16 55 23 31 48 56 43 2 51 57 57 25 31 43 9 46 24 36 11 39 28 57 
17 83 81 58 10 68 11 26 65 46 0 76 28 23 25 65 84 11 32 15 75 40 55 75 11 62 71 99 83 37 17 40 73 92 20 61 37 84 49 30 88 58 77 8 72 73 34 65 65 9 89 85 48 40 87 10 48 27 82 61 12 31 70 18 38 25 55 68 45 51 9 73 55 61 84 88 57 82 51 38 23 57 94 25 89 45 55 11 35 32 15 66 53 65 44 83 49 86 69 71 
93 52 65 59 68 45 67 60 21 37 76 0 52 77 63 26 25 75 63 64 80 38 56 13 88 15 23 48 101 48 89 54 43 30 59 44 50 44 27 85 45 21 102 80 71 45 42 64 12 74 41 19 80 46 32 66 28 49 41 77 67 93 54 95 43 86 46 77 33 25 71 67 52 16 57 70 84 72 49 92 55 25 25 92 19 37 86 88 94 62 62 74 28 33 34 29 45 30 9 89 
43 56 56 34 18 41 23 8 48 18 28 52 0 25 11 37 57 32 14 13 55 14 31 55 38 40 54 70 69 8 37 15 64 64 22 53 33 56 27 33 60 38 66 34 50 46 16 42 43 31 61 58 37 11 58 19 26 14 54 43 24 41 43 46 10 34 28 49 28 29 20 50 29 36 57 63 44 59 24 41 6 39 66 39 62 17 45 38 42 13 14 46 26 52 27 55 21 58 44 56 
26 69 63 41 19 55 28 17 72 41 23 77 25 0 14 59 78 34 17 18 53 39 39 80 27 65 79 87 60 30 17 27 86 85 34 74 52 72 52 8 76 63 54 30 53 60 39 46 68 31 79 81 26 32 78 23 51 35 71 39 30 16 54 33 34 9 43 46 52 54 15 55 40 61 68 69 34 63 38 17 24 63 89 15 85 41 32 27 17 17 23 45 50 75 51 75 38 78 69 49 
36 59 56 33 16 45 24 3 59 27 25 63 11 14 0 45 65 33 8 12 51 25 31 66 33 51 65 76 62 16 28 15 74 72 27 63 42 60 38 22 65 49 58 32 48 50 26 40 54 31 67 67 28 18 65 19 37 23 59 38 26 30 45 41 20 23 32 44 39 40 15 48 30 47 59 63 36 57 27 29 12 50 75 29 71 26 36 33 31 7 15 42 36 63 38 62 26 65 54 49 
80 29 40 32 55 19 58 42 39 19 65 26 37 59 45 0 19 68 42 50 53 26 29 37 76 25 44 35 74 29 74 32 62 27 53 58 52 24 26 65 27 31 75 71 44 20 35 37 26 67 26 22 56 26 21 55 26 41 21 51 59 74 27 84 27 68 20 50 35 25 58 40 26 18 33 45 58 46 24 70 42 36 30 74 26 20 61 76 73 41 50 47 13 50 35 17 21 20 18 62 
100 29 45 47 75 29 77 61 46 38 84 25 57 78 65 19 0 86 61 70 63 45 45 39 95 34 48 22 85 49 93 51 68 7 71 68 68 20 41 83 20 41 87 90 54 26 53 49 34 85 16 8 72 46 6 74 41 59 18 65 77 92 36 103 46 87 36 62 49 39 77 49 42 29 35 48 74 52 41 88 61 46 12 93 11 39 77 95 92 60 70 59 31 58 50 4 39 4 23 74 
24 88 88 65 17 74 9 34 61 49 11 75 32 34 33 68 86 0 41 21 84 41 62 71 17 60 66 102 93 41 28 46 66 94 15 53 30 88 47 41 92 55 88 7 81 78 33 73 62 2 93 86 59 44 89 14 47 26 86 70 8 43 76 23 41 37 61 77 42 50 18 81 61 60 90 95 67 90 57 49 26 52 94 36 89 47 66 17 46 40 18 75 54 58 41 85 54 88 69 81 
42 52 48 25 24 38 32 7 61 26 32 63 14 17 8 42 61 41 0 20 43 26 23 67 40 51 68 70 55 15 33 10 78 68 34 68 48 55 39 22 59 51 51 40 40 43 30 32 54 39 61 64 22 17 61 27 38 29 53 30 34 31 38 47 20 25 26 36 42 41 23 41 23 47 52 55 30 49 21 29 18 53 72 32 68 26 30 40 31 1 23 34 35 66 41 58 21 61 54 42 
30 68 67 44 5 54 12 13 56 31 15 64 13 18 12 50 70 21 20 0 63 25 41 64 25 50 62 84 74 22 25 25 68 78 16 55 33 69 36 27 73 47 69 21 60 59 23 52 53 19 74 71 40 25 72 7 35 17 67 50 14 33 55 33 23 26 41 56 35 39 7 60 40 48 69 74 48 69 36 36 8 47 79 30 74 30 47 25 35 19 4 54 39 57 34 68 34 71 56 61 
80 37 21 23 67 35 75 50 89 52 75 80 55 53 51 53 63 84 43 63 0 59 27 90 80 76 95 58 21 49 70 40 111 68 77 103 88 45 69 51 48 79 25 83 9 36 67 16 78 82 53 71 29 48 59 70 69 69 46 14 77 58 26 86 54 57 36 7 76 70 66 14 30 69 32 23 23 15 35 50 60 83 75 64 74 53 26 80 55 44 66 9 58 98 76 59 40 60 71 12 
55 50 54 35 30 36 31 22 35 9 40 38 14 39 25 26 45 41 26 25 59 0 32 41 51 26 41 61 76 11 50 20 53 53 26 44 30 48 13 47 52 25 74 45 52 40 10 43 29 40 52 45 47 11 48 29 12 15 45 50 32 55 41 58 5 48 25 53 17 15 33 50 29 22 53 61 53 59 23 54 17 27 54 53 49 7 54 51 56 25 25 50 13 41 17 44 18 47 30 63 
66 29 25 3 46 17 53 29 63 25 55 56 31 39 31 29 45 62 23 41 27 32 0 64 64 50 68 49 46 23 57 16 84 51 53 76 61 33 42 42 37 53 46 63 20 21 41 11 52 61 41 51 27 21 43 48 42 43 33 21 55 51 15 71 27 47 9 22 49 43 46 19 3 43 28 32 29 28 8 45 37 56 57 54 55 26 32 64 49 24 44 19 31 71 48 41 13 43 47 33 
92 64 77 67 67 56 64 63 11 42 75 13 55 80 66 37 39 71 67 64 90 41 64 0 86 15 10 61 110 52 89 59 30 43 56 32 43 57 28 88 58 17 110 77 81 57 41 74 12 71 55 32 86 50 45 65 29 47 54 85 64 96 65 93 46 89 54 87 30 26 71 77 61 21 69 82 91 84 56 95 56 18 38 94 32 41 93 86 97 66 61 83 34 21 31 42 52 43 19 97 
7 92 89 66 20 78 21 36 76 57 11 88 38 27 33 76 95 17 40 25 80 51 64 86 0 73 82 109 86 47 13 49 83 103 30 70 47 94 60 31 98 69 80 10 79 83 46 73 76 16 100 96 53 50 97 21 59 39 92 66 22 29 79 7 48 25 65 73 56 62 18 81 64 72 93 95 61 89 60 37 34 67 105 22 100 56 59 0 34 40 26 72 64 75 55 94 59 96 81 76 
79 54 65 53 54 44 52 48 13 26 62 15 40 65 51 25 34 60 51 50 76 26 50 15 73 0 19 56 96 36 75 44 37 40 44 34 35 48 13 73 50 7 95 65 67 46 27 60 3 60 48 30 71 35 40 52 14 34 45 71 52 81 52 81 31 74 40 72 18 11 57 64 46 7 59 71 76 71 41 80 41 12 38 79 31 26 78 73 82 50 48 69 18 25 19 36 37 38 11 83 
88 72 84 72 65 63 60 63 6 44 71 23 54 79 65 44 48 66 68 62 95 41 68 10 82 19 0 70 115 53 87 61 20 53 51 22 37 65 28 87 67 16 114 73 87 64 39 79 17 66 64 42 89 52 55 62 29 45 62 89 60 94 71 89 47 87 59 91 27 26 69 83 65 26 77 89 94 90 60 95 54 15 48 92 42 43 96 82 96 66 59 87 37 11 28 51 55 52 26 102 
112 21 37 49 89 32 92 73 68 53 99 48 70 87 76 35 22 102 70 84 58 61 49 61 109 56 70 0 79 62 104 60 90 19 88 90 88 15 60 91 11 63 83 105 49 27 70 48 56 101 9 29 75 59 16 89 61 76 16 64 94 100 35 117 61 96 44 60 69 59 90 44 48 50 26 37 74 44 49 95 76 68 26 103 30 55 78 109 99 70 84 57 49 80 70 20 50 18 45 70 
84 58 42 43 77 57 86 63 109 70 83 101 69 60 62 74 85 93 55 74 21 76 46 110 86 96 115 79 0 65 74 56 130 90 89 121 103 66 88 55 69 99 8 91 31 58 84 37 98 91 74 92 34 65 81 80 87 84 68 26 88 59 48 91 70 61 56 23 94 89 75 36 50 89 53 42 26 35 54 50 74 102 97 66 96 72 27 86 55 56 78 27 77 117 93 81 59 82 92 13 
51 47 48 26 27 32 31 13 47 11 37 48 8 30 16 29 49 41 15 22 49 11 23 52 47 36 53 62 65 0 44 9 65 56 30 55 39 47 25 37 51 36 62 43 43 37 18 34 39 40 52 51 35 2 50 28 24 20 45 39 33 45 35 55 5 39 19 43 29 26 29 42 21 32 48 55 42 51 16 44 14 38 59 45 55 11 43 47 46 14 23 40 20 53 28 47 12 49 39 52 
10 86 81 58 22 72 27 31 81 55 17 89 37 17 28 74 93 28 33 25 70 50 57 89 13 75 87 104 74 44 0 43 90 101 36 78 54 89 62 19 93 72 67 21 70 77 48 64 78 26 95 95 41 47 94 25 61 42 87 55 29 16 72 17 47 13 60 63 60 64 18 72 57 73 86 87 49 80 55 24 34 72 103 9 99 54 47 13 20 33 28 62 63 81 59 91 54 94 81 64 
51 43 41 19 30 29 37 13 55 17 40 54 15 27 15 32 51 46 10 25 40 20 16 59 49 44 61 60 56 9 43 0 74 58 37 65 47 45 33 32 49 45 53 47 35 34 28 27 47 45 51 54 27 9 51 32 32 28 43 30 39 41 30 56 14 36 16 34 38 34 31 35 14 38 43 48 33 44 11 38 21 47 62 43 58 18 34 49 41 10 28 31 26 62 37 48 11 51 45 42 
90 91 102 87 69 81 62 72 23 59 73 43 64 86 74 62 68 66 78 68 111 53 84 30 83 37 20 90 130 65 90 74 0 73 54 13 36 85 41 95 87 31 128 73 103 83 48 95 36 67 83 62 101 65 75 65 42 51 81 103 61 101 88 89 59 94 75 106 36 41 73 100 80 44 96 108 107 108 75 103 62 27 68 97 62 58 108 83 103 77 64 103 53 12 37 71 70 72 46 116 
107 32 48 53 82 35 84 69 51 46 92 30 64 85 72 27 7 94 68 78 68 53 51 43 103 40 53 19 90 56 101 58 73 0 79 73 75 23 48 91 21 47 92 98 58 32 60 55 39 93 16 11 79 54 9 82 48 67 21 71 85 100 42 111 54 94 43 68 56 46 85 53 49 36 38 51 80 56 48 96 69 52 7 101 11 47 83 103 99 68 77 65 39 63 57 10 47 8 29 79 
37 76 78 56 16 61 9 26 46 35 20 59 22 34 27 53 71 15 34 16 77 26 53 56 30 44 51 88 89 30 36 37 54 79 0 41 18 75 32 43 78 39 85 21 72 66 18 64 47 15 79 70 56 32 74 12 31 11 72 64 8 48 65 37 27 41 49 70 26 34 20 72 51 44 78 85 64 81 46 52 16 37 79 43 73 33 63 30 51 33 12 67 39 45 25 70 42 73 53 77 
77 87 96 80 57 75 50 61 22 51 61 44 53 74 63 58 68 53 68 55 103 44 76 32 70 34 22 90 121 55 78 65 13 73 41 0 23 82 34 83 84 27 118 60 96 78 37 87 34 54 82 62 90 56 74 53 34 39 78 95 48 89 82 76 50 82 68 98 27 34 61 93 73 40 91 102 97 101 67 92 50 22 69 85 63 49 98 70 91 66 52 95 47 11 27 70 62 72 45 107 
54 80 85 65 34 66 26 41 32 39 37 50 33 52 42 52 68 30 48 33 88 30 61 43 47 35 37 88 103 39 54 47 36 75 18 23 0 76 27 61 80 29 100 37 82 70 20 73 37 31 79 65 70 40 72 30 26 19 73 77 25 66 71 53 34 59 55 82 18 28 38 80 59 38 83 92 78 89 53 69 29 25 73 61 67 37 78 47 68 47 29 79 39 28 18 68 49 71 46 90 
97 8 25 34 74 16 78 58 61 39 84 44 56 72 60 24 20 88 55 69 45 48 33 57 94 48 65 15 66 47 89 45 85 23 75 82 76 0 50 76 4 54 70 91 36 11 57 33 49 87 8 29 60 44 14 75 50 63 3 49 80 84 20 101 47 80 29 46 59 49 75 31 32 41 14 28 59 32 33 79 61 59 30 87 32 41 63 94 83 55 70 43 37 73 59 16 35 16 38 57 
66 54 62 46 40 41 39 35 21 17 49 27 27 52 38 26 41 47 39 36 69 13 42 28 60 13 28 60 88 25 62 33 41 48 32 34 27 50 0 60 53 11 86 53 62 44 14 53 16 47 51 39 60 24 45 39 1 21 47 62 39 68 48 67 19 61 34 65 9 2 44 59 39 12 58 68 66 67 34 67 28 14 47 66 41 16 68 60 69 38 34 61 13 29 9 41 29 44 21 75 
29 72 64 43 27 59 36 25 81 48 30 85 33 8 22 65 83 41 22 27 51 47 42 88 31 73 87 91 55 37 19 32 95 91 43 83 61 76 60 0 80 71 48 37 52 64 48 47 76 39 83 87 22 39 83 31 59 44 75 37 38 8 57 36 42 6 47 44 60 62 24 55 43 69 70 70 30 63 42 8 33 72 95 12 91 48 28 31 9 23 31 44 57 84 59 81 44 83 76 45 
101 11 27 38 78 20 82 62 63 43 88 45 60 76 65 27 20 92 59 73 48 52 37 58 98 50 67 11 69 51 93 49 87 21 78 84 80 4 53 80 0 57 73 95 39 15 61 37 51 91 5 29 64 48 14 79 53 67 6 53 84 89 24 106 51 84 33 49 62 52 80 34 36 44 16 29 63 34 38 83 65 62 29 91 31 45 66 98 87 59 74 46 40 75 62 16 39 16 40 60 
75 60 70 56 50 49 47 46 10 28 58 21 38 63 49 31 41 55 51 47 79 25 53 17 69 7 16 63 99 36 72 45 31 47 39 27 29 54 11 71 57 0 98 60 71 51 24 63 8 55 55 37 72 35 47 48 12 30 51 73 47 79 56 76 31 72 43 75 13 10 54 68 49 13 64 76 78 76 44 79 39 5 45 77 38 27 79 69 80 50 44 72 22 19 13 43 39 45 18 85 
77 62 46 42 72 58 81 59 108 69 77 102 66 54 58 75 87 88 51 69 25 74 46 110 80 95 114 83 8 62 67 53 128 92 85 118 100 70 86 48 73 98 0 85 34 60 81 38 98 86 78 94 29 63 83 76 86 80 71 24 83 52 50 84 68 54 55 24 91 87 69 39 49 89 57 47 21 39 53 43 70 101 99 59 98 70 21 80 48 53 73 28 76 115 91 83 58 85 93 13 
17 90 89 65 17 76 13 34 67 52 8 80 34 30 32 71 90 7 40 21 83 45 63 77 10 65 73 105 91 43 21 47 73 98 21 60 37 91 53 37 95 60 85 0 80 80 38 73 68 6 96 90 56 46 92 15 52 31 89 69 13 37 77 16 44 32 63 76 47 55 17 81 62 65 91 95 64 90 58 44 29 59 99 31 93 51 63 10 41 39 20 74 58 65 47 89 56 92 74 79 
80 28 13 16 64 25 72 47 81 44 72 71 50 53 48 44 54 81 40 60 9 52 20 81 79 67 87 49 31 43 70 35 103 58 72 96 82 36 62 52 39 71 34 80 0 27 61 8 70 79 44 61 31 42 49 67 61 63 37 17 74 60 17 86 47 58 28 10 69 62 63 5 23 60 23 17 27 10 28 52 56 75 65 65 65 46 30 79 57 41 63 9 49 90 68 49 33 51 62 21 
86 10 19 22 64 5 69 47 59 31 73 45 46 60 50 20 26 78 43 59 36 40 21 57 83 46 64 27 58 37 77 34 83 32 66 78 70 11 44 64 15 51 60 80 27 0 50 23 47 77 19 34 48 34 23 65 44 55 11 39 70 73 10 91 38 68 18 36 53 44 65 22 20 38 13 25 48 27 22 67 52 56 38 75 38 33 51 83 71 43 60 33 31 70 53 22 24 24 38 47 
51 60 64 44 26 46 25 24 33 19 34 42 16 39 26 35 53 33 30 23 67 10 41 41 46 27 39 70 84 18 48 28 48 60 18 37 20 57 14 48 61 24 81 38 61 50 0 53 30 33 61 52 53 19 56 24 13 7 55 58 25 55 51 53 13 48 35 62 12 16 30 60 38 26 63 71 60 68 33 56 15 24 60 53 55 17 60 46 57 29 20 59 21 36 11 52 28 55 35 70 
73 26 16 8 56 20 64 39 73 36 65 64 42 46 40 37 49 73 32 52 16 43 11 74 73 60 79 48 37 34 64 27 95 55 64 87 73 33 53 47 37 63 38 73 8 23 53 0 62 71 41 56 28 33 46 59 53 55 34 16 66 55 13 79 39 53 19 13 60 54 56 8 14 53 23 22 26 17 20 48 48 67 61 60 60 38 29 73 53 33 55 10 41 82 60 45 25 47 55 25 
82 55 66 55 57 45 55 51 12 29 65 12 43 68 54 26 34 62 54 53 78 29 52 12 76 3 17 56 98 39 78 47 36 39 47 34 37 49 16 76 51 8 98 68 70 47 30 62 0 62 48 29 74 38 40 55 17 37 45 73 55 84 54 83 34 77 42 75 20 14 60 66 48 9 60 72 79 73 44 83 44 13 36 82 30 29 81 76 85 53 50 71 21 24 21 36 39 38 11 85 
23 87 86 63 15 72 8 32 61 48 9 74 31 31 31 67 85 2 39 19 82 40 61 71 16 60 66 101 91 40 26 45 67 93 15 54 31 87 47 39 91 55 86 6 79 77 33 71 62 0 92 85 57 42 88 12 46 26 85 68 7 41 75 22 39 34 59 75 42 49 16 79 59 60 88 93 65 88 55 47 25 53 94 34 88 46 64 16 44 38 17 73 53 59 41 84 52 87 68 79 
103 16 32 41 79 23 83 64 60 43 89 41 61 79 67 26 16 93 61 74 53 52 41 55 100 48 64 9 74 52 95 51 83 16 79 82 79 8 51 83 5 55 78 96 44 19 61 41 48 92 0 24 68 49 9 80 52 67 8 57 84 92 28 107 52 87 35 54 61 50 81 39 39 42 21 34 67 40 40 86 66 60 24 94 26 45 71 100 90 61 75 51 40 72 61 12 41 11 37 65 
101 37 53 53 76 36 77 64 40 40 85 19 58 81 67 22 8 86 64 71 71 45 51 32 96 30 42 29 92 51 95 54 62 11 70 62 65 29 39 87 29 37 94 90 61 34 52 56 29 85 24 0 78 48 15 75 39 59 26 71 77 96 44 104 48 90 42 70 47 37 79 57 48 26 43 57 80 60 46 93 62 42 8 96 4 41 83 96 96 64 70 66 32 52 47 12 43 12 18 81 
51 54 43 26 42 44 52 29 82 44 48 80 37 26 28 56 72 59 22 40 29 47 27 86 53 71 89 75 34 35 41 27 101 79 56 90 70 60 60 22 64 72 29 56 31 48 53 28 74 57 68 78 0 36 70 46 59 51 60 14 54 29 39 58 41 28 36 22 64 62 40 34 30 65 51 48 8 41 32 21 41 74 84 35 82 45 7 53 26 24 44 22 53 88 63 68 35 71 71 23 
53 44 46 25 30 29 34 15 46 9 40 46 11 32 18 26 46 44 17 25 48 11 21 50 50 35 52 59 65 2 47 9 65 54 32 56 40 44 24 39 48 35 63 46 42 34 19 33 38 42 49 48 36 0 47 30 23 22 42 38 36 48 33 58 5 41 17 42 29 25 31 40 19 30 46 53 42 49 14 46 17 38 56 48 52 9 43 50 48 16 25 39 18 52 28 44 10 47 37 51 
101 23 39 44 77 26 79 62 52 40 87 32 58 78 65 21 6 89 61 72 59 48 43 45 97 40 55 16 81 50 94 51 75 9 74 74 72 14 45 83 14 47 83 92 49 23 56 46 40 88 9 15 70 47 0 77 45 62 12 62 80 92 33 105 48 87 35 59 54 43 79 44 40 34 29 43 71 47 40 88 63 52 16 94 17 41 74 97 91 61 72 56 34 64 54 4 39 2 29 70 
27 75 74 51 4 60 5 20 56 36 10 66 19 23 19 55 74 14 27 7 70 29 48 65 21 52 62 89 80 28 25 32 65 82 12 53 30 75 39 31 79 48 76 15 67 65 24 59 55 12 80 75 46 30 77 0 38 17 73 57 7 36 62 29 28 29 47 63 35 41 8 67 47 51 76 81 54 76 43 40 13 47 84 31 78 35 54 21 39 26 5 61 43 56 34 73 40 76 59 68 
65 54 61 45 39 41 38 34 22 17 48 28 26 51 37 26 41 47 38 35 69 12 42 29 59 14 29 61 87 24 61 32 42 48 31 34 26 50 1 59 53 12 86 52 61 44 13 53 17 46 52 39 59 23 45 38 0 20 47 61 38 67 48 67 18 60 33 64 9 3 43 59 38 13 57 68 65 67 33 66 27 15 48 65 42 15 67 59 68 37 33 60 13 29 9 41 28 44 22 74 
44 65 68 47 20 50 18 21 39 24 27 49 14 35 23 41 59 26 29 17 69 15 43 47 39 34 45 76 84 20 42 28 51 67 11 39 19 63 21 44 67 30 80 31 63 55 7 55 37 26 67 59 51 22 62 17 20 0 61 58 18 50 55 46 17 43 39 63 18 23 24 62 41 33 67 75 59 71 36 52 10 30 67 47 62 22 59 39 52 27 14 60 28 40 17 59 32 61 42 70 
95 11 27 33 72 15 76 56 58 37 82 41 54 71 59 21 18 86 53 67 46 45 33 54 92 45 62 16 68 45 87 43 81 21 72 78 73 3 47 75 6 51 71 89 37 11 55 34 45 85 8 26 60 42 12 73 47 61 0 50 77 84 21 100 45 79 27 47 56 46 74 32 31 38 17 30 60 34 32 78 59 56 28 86 29 39 63 92 82 53 68 44 34 70 56 13 33 14 35 58 
65 43 30 18 53 36 62 37 83 44 61 77 43 39 38 51 65 70 30 50 14 50 21 85 66 71 89 64 26 39 55 30 103 71 64 95 77 49 62 37 53 73 24 69 17 39 58 16 73 68 57 71 14 38 62 57 61 58 50 0 64 44 29 72 44 43 31 7 67 63 52 21 25 64 39 34 10 26 29 36 48 76 77 49 75 46 13 66 41 31 53 7 52 91 67 61 33 63 68 12 
29 80 80 58 11 65 2 27 54 40 12 67 24 30 26 59 77 8 34 14 77 32 55 64 22 52 60 94 88 33 29 39 61 85 8 48 25 80 39 38 84 47 83 13 74 70 25 66 55 7 84 77 54 36 80 7 38 18 77 64 0 42 68 29 32 35 53 70 34 41 14 74 53 52 82 87 62 83 49 47 18 45 86 37 80 39 61 22 45 33 11 68 46 53 33 77 46 79 60 76 
25 80 72 51 32 68 40 33 88 57 31 93 41 16 30 74 92 43 31 33 58 55 51 96 29 81 94 100 59 45 16 41 101 100 48 89 66 84 68 8 89 79 52 37 60 73 55 55 84 41 92 96 29 48 92 36 67 50 84 44 42 0 65 32 50 7 56 51 67 70 28 63 52 77 79 78 36 70 51 9 40 79 104 7 100 56 33 29 4 32 37 51 65 90 66 89 52 92 84 50 
80 15 13 14 60 8 66 43 66 32 70 54 43 54 45 27 36 76 38 55 26 41 15 65 79 52 71 35 48 35 72 30 88 42 65 82 71 20 48 57 24 56 50 77 17 10 51 13 54 75 28 44 39 33 33 62 48 55 21 29 68 65 0 86 38 62 16 26 56 48 61 13 15 45 13 20 39 19 19 59 50 61 48 69 48 34 42 79 64 38 57 23 35 76 56 32 23 34 46 37 
7 100 96 73 28 86 28 43 83 65 18 95 46 33 41 84 103 23 47 33 86 58 71 93 7 81 89 117 91 55 17 56 89 111 37 76 53 101 67 36 106 76 84 16 86 91 53 79 83 22 107 104 58 58 105 29 67 46 100 72 29 32 86 0 56 30 73 79 63 70 26 88 71 80 100 102 66 96 68 41 42 75 113 25 107 63 64 7 36 47 33 78 72 81 62 101 66 104 88 81 
53 48 51 31 28 33 31 17 41 8 38 43 10 34 20 27 46 41 20 23 54 5 27 46 48 31 47 61 70 5 47 14 59 54 27 50 34 47 19 42 51 31 68 44 47 38 13 39 34 39 52 48 41 5 48 28 18 17 45 44 32 50 38 56 0 43 22 48 23 20 30 46 24 27 50 58 47 55 19 49 14 33 56 49 51 7 49 48 51 19 23 45 16 47 22 45 15 48 34 57 
23 77 69 48 25 64 33 26 81 50 25 86 34 9 23 68 87 37 25 26 57 48 47 89 25 74 87 96 61 39 13 36 94 94 41 82 59 80 61 6 84 72 54 32 58 68 48 53 77 34 87 90 28 41 87 29 60 43 79 43 35 7 62 30 43 0 51 50 60 63 21 61 48 70 75 75 36 68 46 12 33 72 98 7 94 50 34 25 10 26 30 50 59 83 59 84 47 87 78 51 
68 27 29 13 46 13 51 29 53 17 55 46 28 43 32 20 36 61 26 41 36 25 9 54 65 40 59 44 56 19 60 16 75 43 49 68 55 29 34 47 33 43 55 63 28 18 35 19 42 59 35 42 36 17 35 47 33 39 27 31 53 56 16 73 22 51 0 32 41 34 47 25 6 33 28 36 38 33 5 52 34 47 48 58 46 18 41 65 55 26 42 28 21 62 41 33 7 36 37 43 
73 38 24 19 60 33 68 43 85 47 68 77 49 46 44 50 62 77 36 56 7 53 22 87 73 72 91 60 23 43 63 34 106 68 70 98 82 46 65 44 49 75 24 76 10 36 62 13 75 75 54 70 22 42 59 63 64 63 47 7 70 51 26 79 48 50 32 0 71 65 59 15 26 65 34 27 16 19 31 43 54 79 74 57 73 48 20 73 48 37 60 3 53 94 70 58 36 60 68 11 
62 63 70 53 38 50 34 36 21 24 45 33 28 52 39 35 49 42 42 35 76 17 49 30 56 18 27 69 94 29 60 38 36 56 26 27 18 59 9 60 62 13 91 47 69 53 12 60 20 42 61 47 64 29 54 35 9 18 56 67 34 67 56 63 23 60 41 71 0 10 42 67 46 20 66 76 71 75 40 68 27 12 55 65 49 22 72 56 69 41 32 68 22 24 1 50 35 52 28 80 
68 53 61 46 43 41 41 37 20 18 51 25 29 54 40 25 39 50 41 39 70 15 43 26 62 11 26 59 89 26 64 34 41 46 34 34 28 49 2 62 52 10 87 55 62 44 16 54 14 49 50 37 62 25 43 41 3 23 46 63 41 70 48 70 20 63 34 65 10 0 46 59 39 10 57 68 67 67 34 69 30 13 45 68 39 17 69 62 71 40 37 62 13 28 10 39 29 42 19 75 
22 74 72 49 4 60 12 17 63 39 9 71 20 15 15 58 77 18 23 7 66 33 46 71 18 57 69 90 75 29 18 31 73 85 20 61 38 75 44 24 80 54 69 17 63 65 30 56 60 16 81 79 40 31 79 8 43 24 74 52 14 28 61 26 30 21 47 59 42 46 0 64 46 55 75 78 48 73 42 32 16 54 87 23 82 38 47 18 31 22 10 57 46 63 41 75 40 78 64 63 
81 23 9 16 64 21 72 47 78 42 73 67 50 55 48 40 49 81 41 60 14 50 19 77 81 64 83 44 36 42 72 35 100 53 72 93 80 31 59 55 34 68 39 81 5 22 60 8 66 79 39 57 34 40 44 67 59 62 32 21 74 63 13 88 46 61 25 15 67 59 64 0 21 57 18 14 31 9 26 55 56 72 60 67 60 44 34 81 60 41 63 13 46 87 66 44 31 46 58 26 
66 29 27 7 45 15 51 28 59 21 55 52 29 40 30 26 42 61 23 40 30 29 3 61 64 46 65 48 50 21 57 14 80 49 51 73 59 32 39 43 36 49 49 62 23 20 38 14 48 59 39 48 30 19 40 47 38 41 31 25 53 52 15 71 24 48 6 26 46 39 46 21 0 39 29 34 32 30 5 47 35 53 54 55 52 23 35 64 51 23 42 22 27 68 45 38 10 41 43 36 
77 47 57 46 52 36 51 44 21 21 61 16 36 61 47 18 29 60 47 48 69 22 43 21 72 7 26 50 89 32 73 38 44 36 44 40 38 41 12 69 44 13 89 65 60 38 26 53 9 60 42 26 65 30 34 51 13 33 38 64 52 77 45 80 27 70 33 65 20 10 55 57 39 0 52 64 70 64 35 76 39 18 35 76 29 21 72 72 78 46 46 62 12 31 21 30 30 32 8 76 
94 5 11 27 74 17 80 57 72 44 84 57 57 68 59 33 35 90 52 69 32 53 28 69 93 59 77 26 53 48 86 43 96 38 78 91 83 14 58 70 16 64 57 91 23 13 63 23 60 88 21 43 51 46 29 76 57 67 17 39 82 79 13 100 50 75 28 34 66 57 75 18 29 52 0 13 49 18 32 72 63 69 45 82 46 46 53 93 77 52 71 31 44 83 66 30 35 31 50 44 
96 19 7 29 78 27 85 61 85 52 88 70 63 69 63 45 48 95 55 74 23 61 32 82 95 71 89 37 42 55 87 48 108 51 85 102 92 28 68 70 29 76 47 95 17 25 71 22 72 93 34 57 48 53 43 81 68 75 30 34 87 78 20 102 58 75 36 27 76 68 78 14 34 64 13 0 44 8 39 70 69 81 59 82 60 54 48 95 75 56 76 26 55 95 76 44 43 44 63 35 
59 53 40 27 50 45 60 37 88 49 57 84 44 34 36 58 74 67 30 48 23 53 29 91 61 76 94 74 26 42 49 33 107 80 64 97 78 59 66 30 63 78 21 64 27 48 60 26 79 65 67 80 8 42 71 54 65 59 60 10 62 36 39 66 47 36 38 16 71 67 48 31 32 70 49 44 0 36 35 27 48 80 86 42 84 50 3 61 32 31 52 18 57 95 70 70 39 72 75 15 
90 24 7 25 73 27 81 56 85 50 82 72 59 63 57 46 52 90 49 69 15 59 28 84 89 71 90 44 35 51 80 44 108 56 81 101 89 32 67 63 34 76 39 90 10 27 68 17 73 88 40 60 41 49 47 76 67 71 34 26 83 70 19 96 55 68 33 19 75 67 73 9 30 64 18 8 36 0 35 62 65 80 63 75 64 52 40 89 68 50 72 19 54 95 75 48 40 49 65 27 
63 32 32 12 41 17 47 24 54 16 51 49 24 38 27 24 41 57 21 36 35 23 8 56 60 41 60 49 54 16 55 11 75 48 46 67 53 33 34 42 38 44 53 58 28 22 33 20 44 55 40 46 32 14 40 43 33 36 32 29 49 51 19 68 19 46 5 31 40 34 42 26 5 35 32 39 35 35 0 47 30 48 53 53 50 18 37 60 51 21 38 27 23 63 40 38 5 40 39 41 
34 74 65 45 36 63 45 32 89 55 38 92 41 17 29 70 88 49 29 36 50 54 45 95 37 80 95 95 50 44 24 38 103 96 52 92 69 79 67 8 83 79 43 44 52 67 56 48 83 47 86 93 21 46 88 40 66 52 78 36 47 9 59 41 49 12 52 43 68 69 32 55 47 76 72 70 27 62 47 0 41 80 100 16 97 55 24 37 5 30 40 43 64 92 68 85 49 88 83 41 
38 62 62 40 13 47 17 11 48 23 23 55 6 24 12 42 61 26 18 8 60 17 37 56 34 41 54 76 74 14 34 21 62 69 16 50 29 61 28 33 65 39 70 29 56 52 15 48 44 25 66 62 41 17 63 13 27 10 59 48 18 40 50 42 14 33 34 54 27 30 16 56 35 39 63 69 48 65 30 41 0 39 71 38 66 21 49 34 42 17 8 51 30 50 26 60 27 62 47 61 
74 65 74 60 50 53 46 48 9 31 57 25 39 63 50 36 46 52 53 47 83 27 56 18 67 12 15 68 102 38 72 47 27 52 37 22 25 59 14 72 62 5 101 59 75 56 24 67 13 53 60 42 74 38 52 47 15 30 56 76 45 79 61 75 33 72 47 79 12 13 54 72 53 18 69 81 80 80 48 80 39 0 49 77 43 30 82 67 81 52 44 75 26 15 13 48 43 50 23 89 
109 39 56 59 84 41 85 72 47 48 94 25 66 89 75 30 12 94 72 79 75 54 57 38 105 38 48 26 97 59 103 62 68 7 79 69 73 30 47 95 29 45 99 99 65 38 60 61 36 94 24 8 84 56 16 84 48 67 28 77 86 104 48 113 56 98 48 74 55 45 87 60 54 35 45 59 86 63 53 100 71 49 0 104 6 49 89 105 103 71 79 71 40 58 56 16 51 14 26 86 
18 84 76 55 27 71 35 32 86 56 25 92 39 15 29 74 93 36 32 30 64 53 54 94 22 79 92 103 66 45 9 43 97 101 43 85 61 87 66 12 91 77 59 31 65 75 53 60 82 34 94 96 35 48 94 31 65 47 86 49 37 7 69 25 49 7 58 57 65 68 23 67 55 76 82 82 42 75 53 16 38 77 104 0 100 56 39 22 11 33 33 56 65 87 64 91 54 94 84 57 
104 41 56 57 79 40 80 68 40 43 89 19 62 85 71 26 11 89 68 74 74 49 55 32 100 31 42 30 96 55 99 58 62 11 73 63 67 32 41 91 31 38 98 93 65 38 55 60 30 88 26 4 82 52 17 78 42 62 29 75 80 100 48 107 51 94 46 73 49 39 82 60 52 29 46 60 84 64 50 97 66 43 6 100 0 44 87 100 100 68 74 70 35 52 50 16 47 15 20 85 
60 43 48 30 35 29 38 23 37 2 45 37 17 41 26 20 39 47 26 30 53 7 26 41 56 26 43 55 72 11 54 18 58 47 33 49 37 41 16 48 45 27 70 51 46 33 17 38 29 46 45 41 45 9 41 35 15 22 39 46 39 56 34 63 7 50 18 48 22 17 38 44 23 21 46 54 50 52 18 55 21 30 49 56 44 0 52 56 57 25 30 45 9 45 22 38 13 41 28 58 
57 56 44 30 50 48 59 37 89 51 55 86 45 32 36 61 77 66 30 47 26 54 32 93 59 78 96 78 27 43 47 34 108 83 63 98 78 63 68 28 66 79 21 63 30 51 60 29 81 64 71 83 7 43 74 54 67 59 63 13 61 33 42 64 49 34 41 20 72 69 47 34 35 72 53 48 3 40 37 24 49 82 89 39 87 52 0 59 29 31 51 21 59 96 71 73 41 75 77 17 
7 92 89 66 20 78 21 36 76 57 11 88 38 27 33 76 95 17 40 25 80 51 64 86 0 73 82 109 86 47 13 49 83 103 30 70 47 94 60 31 98 69 80 10 79 83 46 73 76 16 100 96 53 50 97 21 59 39 92 66 22 29 79 7 48 25 65 73 56 62 18 81 64 72 93 95 61 89 60 37 34 67 105 22 100 56 59 0 34 40 26 72 64 75 55 94 59 96 81 76 
29 79 70 50 34 67 43 34 90 57 35 94 42 17 31 73 92 46 31 35 55 56 49 97 34 82 96 99 55 46 20 41 103 99 51 91 68 83 69 9 87 80 48 41 57 71 57 53 85 44 90 96 26 48 91 39 68 52 82 41 45 4 64 36 51 10 55 48 69 71 31 60 51 78 77 75 32 68 51 5 42 81 103 11 100 57 29 34 0 32 39 48 66 93 68 89 52 91 85 47 
42 53 49 26 23 38 31 6 60 25 32 62 13 17 7 41 60 40 1 19 44 25 24 66 40 50 66 70 56 14 33 10 77 68 33 66 47 55 38 23 59 50 53 39 41 43 29 33 53 38 61 64 24 16 61 26 37 27 53 31 33 32 38 47 19 26 26 37 41 40 22 41 23 46 52 56 31 50 21 30 17 52 71 33 68 25 31 40 32 0 22 35 34 65 40 58 21 60 53 43 
31 70 69 47 6 55 9 16 53 31 15 62 14 23 15 50 70 18 23 4 66 25 44 61 26 48 59 84 78 23 28 28 64 77 12 52 29 70 34 31 74 44 73 20 63 60 20 55 50 17 75 70 44 25 72 5 33 14 68 53 11 37 57 33 23 30 42 60 32 37 10 63 42 46 71 76 52 72 38 40 8 44 79 33 74 30 51 26 39 22 0 57 38 53 31 68 35 71 55 65 
72 35 22 15 58 30 66 41 82 43 66 74 46 45 42 47 59 75 34 54 9 50 19 83 72 69 87 57 27 40 62 31 103 65 67 95 79 43 61 44 46 72 28 74 9 33 59 10 71 73 51 66 22 39 56 61 60 60 44 7 68 51 23 78 45 50 28 3 68 62 57 13 22 62 31 26 18 19 27 43 51 75 71 56 70 45 21 72 48 35 57 0 50 90 67 55 32 57 65 14 
69 41 48 34 43 28 45 32 31 9 53 28 26 50 36 13 31 54 35 39 58 13 31 34 64 18 37 49 77 20 63 26 53 39 39 47 39 37 13 57 40 22 76 58 49 31 21 41 21 53 40 32 53 18 34 43 13 28 34 52 46 65 35 72 16 59 21 53 22 13 46 46 27 12 44 55 57 54 23 64 30 26 40 65 35 9 59 64 66 34 38 50 0 41 22 31 18 33 19 64 
82 79 89 75 59 68 54 60 12 46 65 33 52 75 63 50 58 58 66 57 98 41 71 21 75 25 11 80 117 53 81 62 12 63 45 11 28 73 29 84 75 19 115 65 90 70 36 82 24 59 72 52 88 52 64 56 29 40 70 91 53 90 76 81 47 83 62 94 24 28 63 87 68 31 83 95 95 95 63 92 50 15 58 87 52 45 96 75 93 65 53 90 41 0 25 60 58 62 35 103 
61 63 69 52 37 49 33 35 22 24 44 34 27 51 38 35 50 41 41 34 76 17 48 31 55 19 28 70 93 28 59 37 37 57 25 27 18 59 9 59 62 13 91 47 68 53 11 60 21 41 61 47 63 28 54 34 9 17 56 67 33 66 56 62 22 59 41 70 1 10 41 66 45 21 66 76 70 75 40 68 26 13 56 64 50 22 71 55 68 40 31 67 22 25 0 50 35 53 29 80 
98 25 40 43 73 25 76 59 48 36 83 29 55 75 62 17 4 85 58 68 59 44 41 42 94 36 51 20 81 47 91 48 71 10 70 70 68 16 41 81 16 43 83 89 49 22 52 45 36 84 12 12 68 44 4 73 41 59 13 61 77 89 32 101 45 84 33 58 50 39 75 44 38 30 30 44 70 48 38 85 60 48 16 91 16 38 73 94 89 58 68 55 31 60 50 0 37 2 25 70 
62 34 36 17 39 19 44 23 49 11 49 45 21 38 26 21 39 54 21 34 40 18 13 52 59 37 55 50 59 12 54 11 70 47 42 62 49 35 29 44 39 39 58 56 33 24 28 25 39 52 41 43 35 10 39 40 28 32 33 33 46 52 23 66 15 47 7 36 35 29 40 31 10 30 35 43 39 40 5 49 27 43 51 54 47 13 41 59 52 21 35 32 18 58 35 37 0 39 35 46 
100 25 41 45 76 27 78 62 50 39 86 30 58 78 65 20 4 88 61 71 60 47 43 43 96 38 52 18 82 49 94 51 72 8 73 72 71 16 44 83 16 45 85 92 51 24 55 47 38 87 11 12 71 47 2 76 44 61 14 63 79 92 34 104 48 87 36 60 52 42 78 46 41 32 31 44 72 49 40 88 62 50 14 94 15 41 75 96 91 60 71 57 33 62 53 2 39 0 27 71 
86 45 58 50 60 37 60 51 23 28 69 9 44 69 54 18 23 69 54 56 71 30 47 19 81 11 26 45 92 39 81 45 46 29 53 45 46 38 21 76 40 18 93 74 62 38 35 55 11 68 37 18 71 37 29 59 22 42 35 68 60 84 46 88 34 78 37 68 28 19 64 58 43 8 50 63 75 65 39 83 47 23 26 84 20 28 77 81 85 53 55 65 19 35 29 25 35 27 0 80 
74 49 33 30 65 45 74 50 96 57 71 89 56 49 49 62 74 81 42 61 12 63 33 97 76 83 102 70 13 52 64 42 116 79 77 107 90 57 75 45 60 85 13 79 21 47 70 25 85 79 65 81 23 51 70 68 74 70 58 12 76 50 37 81 57 51 43 11 80 75 63 26 36 76 44 35 15 27 41 41 61 89 86 57 85 58 17 76 47 43 65 14 64 103 80 70 46 71 80 0 
8 16 9 12 15 5 3 10 12 16 3 15 20 2 5 12 5 20 6 20 19 3 3 6 4 5 2 10 10 20 7 1 20 18 19 14 15 5 16 11 13 15 14 8 13 18 8 18 14 2 11 9 12 11 11 4 11 11 17 16 11 8 13 16 18 20 3 2 12 9 8 8 8 5 10 12 14 6 10 6 11 18 18 10 15 7 5 12 9 16 17 15 10 10 15 1 9 16 5 9 
30 30 30 30 30 30 30 30 30 30 30 30 30 30 30 30 30 30 30 30 30 30 30 30 30 30 30 30 30 30 30 30 30 30 30 30 30 30 30 30 30 30 30 30 30 30 30 30 30 30 30 30 30 30 30 30 30 30 30 30 30 30 30 30 30 30 30 30 30 30 30 30 30 30 30 30 30 30 30 30 30 30 30 30 30 30 30 30 30 30 30 30 30 30 30 30 30 30 30 30 