7 30 150 60 9
0 57 64 99 91 53 58 84 17 17 7 40 47 50 65 12 57 25 60 23 12 71 31 36 41 39 30 45 80 31 18 49 36 15 84 26 59 57 56 28 55 91 62 43 10 65 11 24 49 72 57 65 41 49 57 48 16 55 62 36 10 88 81 104 41 85 27 84 41 89 29 23 78 79 50 32 21 20 96 4 44 76 39 44 71 77 39 86 51 55 49 30 61 83 69 37 46 76 61 31 19 51 64 53 79 59 33 50 85 12 67 44 29 36 34 43 35 66 30 13 38 92 84 96 35 51 42 23 71 11 58 19 58 106 71 19 37 36 46 31 38 88 67 64 60 23 53 65 71 41 
57 0 98 83 92 88 24 102 74 43 53 17 60 57 70 51 98 81 73 52 65 68 39 91 20 18 34 50 96 88 64 57 22 47 77 31 35 82 16 70 102 74 40 74 48 89 60 80 15 42 16 105 54 66 76 90 56 78 65 89 67 91 85 84 17 108 55 107 92 83 86 37 75 106 99 89 78 74 84 57 13 79 78 73 49 102 89 104 16 40 46 68 87 75 71 20 14 58 66 42 38 91 34 97 68 62 87 17 85 63 66 55 85 92 23 92 73 107 85 60 42 120 90 84 80 84 15 34 107 62 21 56 74 86 110 55 25 48 80 88 27 70 97 58 77 80 77 32 51 22 
64 98 0 78 54 11 82 29 60 78 60 88 40 44 43 76 13 70 33 49 52 52 59 49 78 86 65 50 29 61 45 44 87 78 58 75 73 18 86 36 27 75 72 24 73 16 53 70 84 81 87 11 44 33 26 18 51 21 45 41 60 49 45 85 81 24 45 25 35 60 68 66 53 17 29 61 58 49 70 68 89 45 24 25 72 17 33 30 83 66 56 34 15 60 46 80 96 70 43 56 71 14 79 19 62 45 47 82 52 52 50 43 70 53 81 32 29 14 72 51 56 27 44 71 30 14 83 71 8 53 84 48 30 86 13 49 73 50 19 62 71 74 7 55 28 65 22 82 70 76 
99 83 78 0 28 77 59 57 109 100 92 88 54 50 38 105 89 121 48 76 96 30 70 113 73 86 74 54 52 119 88 51 91 104 19 86 49 63 67 84 101 9 44 71 100 61 92 120 71 41 67 90 59 56 55 87 85 61 39 105 104 32 33 7 77 67 74 65 103 18 123 81 25 71 102 119 110 101 9 103 85 32 80 68 34 67 99 57 69 47 50 79 64 18 34 80 93 25 41 69 89 84 49 93 20 42 109 68 26 94 33 56 123 116 85 100 79 93 125 90 62 81 36 8 89 74 78 84 85 94 62 82 51 7 90 81 72 63 74 120 69 13 72 35 52 116 62 51 32 71 
91 92 54 28 0 55 68 29 97 97 84 92 44 42 26 99 66 109 32 68 85 24 67 96 77 89 73 49 25 104 76 43 94 100 15 86 57 42 76 70 80 29 52 54 95 38 82 108 78 55 76 65 50 43 37 66 75 42 30 87 93 4 10 35 81 39 64 37 84 11 109 78 16 44 80 104 97 87 19 95 90 15 62 52 45 40 80 29 76 52 49 65 41 18 23 83 99 37 31 65 86 63 59 72 25 34 92 75 7 83 27 47 111 99 87 81 62 68 112 80 59 53 9 20 72 53 83 83 59 83 71 72 34 35 65 72 74 57 56 105 71 31 47 33 33 104 43 63 42 75 
53 88 11 77 55 0 73 35 50 67 49 77 32 37 39 65 13 60 29 38 41 48 49 42 68 75 55 41 34 53 34 36 77 67 57 64 65 14 77 25 24 73 64 14 62 17 42 60 74 74 78 17 35 26 21 10 39 16 40 33 49 51 46 84 71 33 34 33 28 60 59 55 51 27 25 52 48 39 69 57 79 44 13 15 67 25 25 37 74 58 48 23 14 58 43 70 86 65 38 46 60 7 71 16 59 40 39 72 53 41 46 35 61 46 70 25 17 19 63 40 46 38 46 70 20 4 73 60 19 42 75 37 25 85 21 38 63 40 8 54 61 71 15 50 24 55 16 75 65 66 
58 24 82 59 68 73 0 81 74 50 52 30 42 38 48 57 85 84 53 44 62 44 30 87 18 29 28 32 75 87 58 38 35 55 53 35 11 64 8 62 92 50 15 59 53 70 57 83 13 18 8 90 38 48 57 78 50 60 43 83 67 68 62 60 20 88 45 87 85 59 88 35 51 87 89 88 77 71 60 60 27 56 66 58 25 83 81 82 10 17 26 58 69 51 48 25 34 34 44 32 41 78 10 86 44 41 83 10 61 60 43 38 87 89 30 84 61 93 88 56 28 101 67 60 71 69 21 36 91 59 3 50 55 62 94 48 21 34 66 87 19 46 80 35 57 81 59 8 27 17 
84 102 29 57 29 35 81 0 84 94 78 97 43 44 33 94 42 95 29 63 74 39 68 77 83 94 74 52 6 88 66 45 98 96 39 86 70 27 87 57 56 56 67 41 90 19 73 95 87 73 88 39 50 38 28 45 68 29 37 68 82 25 24 64 87 10 59 8 63 39 94 77 36 15 58 87 82 73 48 88 97 28 46 40 63 12 61 2 86 63 56 54 23 42 33 88 105 57 36 65 84 41 75 48 46 40 75 85 31 73 39 47 96 81 90 60 49 42 98 71 61 24 21 49 55 35 90 83 32 74 84 65 28 64 37 65 79 57 39 89 77 57 22 47 26 90 31 78 61 81 
17 74 60 109 97 50 74 84 0 33 21 57 55 58 72 26 50 12 64 33 12 79 44 20 58 56 45 55 81 14 20 57 53 30 91 43 73 57 72 27 44 101 75 43 26 65 17 11 66 85 73 57 50 54 60 42 25 56 70 23 7 93 86 114 58 83 35 83 30 96 14 39 85 77 39 15 4 11 104 17 61 82 37 45 83 75 29 86 67 68 61 31 61 91 76 54 63 87 68 43 36 46 78 45 88 67 18 66 91 14 75 53 14 19 51 32 35 57 16 19 50 87 89 105 30 49 59 40 65 15 74 26 62 116 64 28 53 46 44 14 54 98 65 74 63 7 54 80 83 57 
17 43 78 100 97 67 50 94 33 0 18 25 54 55 71 8 73 39 68 31 29 74 31 53 32 25 26 48 89 46 33 54 21 4 87 15 55 68 46 43 72 92 59 55 6 76 26 38 39 67 47 81 47 57 66 64 27 65 67 54 27 95 88 104 31 97 35 96 59 93 44 19 82 92 68 48 37 38 98 15 30 82 54 55 69 89 56 96 41 53 50 43 73 86 74 26 31 76 66 32 11 67 58 70 81 63 50 41 90 29 71 50 43 53 21 60 49 82 43 27 39 105 92 98 51 64 30 16 86 27 49 30 67 106 87 29 30 40 59 46 32 88 81 66 69 38 63 59 69 33 
7 53 60 92 84 49 52 78 21 18 0 37 40 43 58 16 55 31 53 16 12 63 24 38 36 35 23 38 74 35 15 42 34 18 76 22 52 51 51 24 54 84 55 37 13 59 8 30 44 65 52 62 34 42 51 45 10 49 55 37 14 82 74 97 37 79 20 79 41 82 35 17 71 75 50 36 25 21 89 10 40 69 35 38 64 72 38 80 45 48 42 25 55 76 62 33 44 69 54 24 15 48 57 51 72 52 34 45 78 11 60 37 35 39 30 42 31 63 36 9 31 87 78 89 33 46 38 19 67 9 52 13 52 99 68 13 32 29 41 35 32 81 63 57 54 28 47 59 64 35 
40 17 88 88 92 77 30 97 57 25 37 0 53 52 67 33 87 64 68 39 49 67 29 75 15 2 22 44 91 71 49 52 5 30 79 14 38 73 24 57 89 79 43 63 31 81 45 63 17 49 25 93 47 59 69 78 41 70 63 74 50 90 84 90 11 101 43 100 78 85 69 23 75 99 85 72 61 58 88 40 4 77 66 63 54 95 74 98 20 41 42 55 78 77 69 8 8 62 62 32 21 79 40 85 71 59 72 20 84 48 64 49 68 75 7 78 61 95 68 44 35 113 88 88 67 74 9 18 96 46 28 43 68 92 99 41 17 39 69 71 20 75 88 58 71 63 68 39 55 17 
47 60 40 54 44 32 42 43 55 54 40 53 0 5 18 55 45 67 14 24 42 24 25 59 40 51 31 10 37 65 34 4 54 56 36 44 33 22 47 30 54 47 32 20 51 29 38 66 45 42 48 49 7 6 16 39 31 18 15 51 50 41 34 60 44 48 20 47 51 42 68 35 30 46 52 65 55 46 49 51 53 28 28 18 35 42 47 45 44 25 16 25 27 36 21 45 61 35 13 22 43 38 39 47 33 12 55 43 37 40 20 4 69 62 47 49 26 52 71 36 18 60 38 50 36 28 46 40 49 40 44 29 14 61 53 28 36 14 26 65 33 45 38 20 17 62 17 42 33 38 
50 57 44 50 42 37 38 44 58 55 43 52 5 0 16 57 50 71 15 26 46 20 25 64 38 50 31 7 38 69 38 1 54 57 33 44 29 26 43 35 59 43 27 25 53 32 42 70 42 37 44 54 8 11 19 44 34 22 12 56 53 40 33 55 42 50 23 49 56 39 72 36 27 49 57 69 60 50 45 54 52 27 33 23 30 45 52 46 41 21 12 30 30 32 19 44 60 30 11 23 44 43 34 52 29 8 60 40 35 44 17 5 73 67 46 54 31 56 75 40 17 63 37 46 41 33 45 41 53 44 40 32 16 57 57 31 34 15 31 70 32 40 42 15 19 66 22 38 28 36 
65 70 43 38 26 39 48 33 72 71 58 67 18 16 0 73 52 84 10 42 60 9 41 74 53 65 47 23 26 81 51 17 69 73 19 60 37 25 55 46 63 33 34 32 69 27 56 84 55 40 55 54 24 18 17 48 49 23 4 66 68 24 17 45 57 41 38 39 64 24 85 52 13 42 63 81 73 63 32 69 66 11 41 30 31 37 60 34 54 30 24 41 28 20 4 58 74 27 5 39 60 46 41 55 19 8 70 52 19 58 7 21 86 77 62 61 40 57 88 54 33 55 21 33 50 36 59 57 51 58 51 47 13 46 56 46 49 31 36 82 46 32 38 13 15 79 23 45 28 50 
12 51 76 105 99 65 57 94 26 8 16 33 55 57 73 0 69 31 69 32 25 77 34 47 39 33 31 51 90 39 30 56 29 4 90 22 60 67 54 40 67 96 64 54 4 75 23 30 47 73 55 77 49 58 67 60 26 65 70 48 20 97 90 109 38 96 36 95 53 96 36 24 85 91 62 40 30 32 102 9 38 84 51 54 74 88 51 96 48 58 54 41 72 89 77 33 39 80 68 35 16 63 65 66 85 66 44 48 93 24 74 52 35 46 29 55 47 78 35 24 42 103 93 102 48 62 38 21 83 23 56 29 68 111 83 29 36 42 57 39 38 93 79 70 70 30 63 65 74 40 
57 98 13 89 66 13 85 42 50 73 55 87 45 50 52 69 0 59 41 47 45 61 59 37 78 85 65 54 43 50 40 49 85 72 70 73 78 26 89 30 13 85 77 25 67 28 46 59 85 87 90 7 47 39 34 9 46 29 53 29 51 62 57 96 81 37 44 38 23 72 57 64 63 30 15 49 47 39 81 61 89 56 20 27 80 30 22 44 85 71 61 31 25 71 56 79 95 78 51 56 67 7 84 6 72 53 36 84 64 45 59 47 59 41 79 20 25 8 61 45 57 38 57 82 21 17 83 68 15 46 87 44 38 97 13 46 73 51 19 51 72 84 20 63 37 54 29 87 78 76 
25 81 70 121 109 60 84 95 12 39 31 64 67 71 84 31 59 0 76 45 24 91 55 24 67 63 55 67 92 11 33 69 60 35 104 51 84 69 82 39 50 113 87 55 33 76 29 1 75 97 83 66 62 66 72 52 36 68 82 30 17 105 98 126 67 93 47 93 36 109 5 48 97 87 46 12 12 22 116 24 68 94 48 57 95 85 37 97 76 80 73 43 72 103 88 62 70 99 80 55 44 56 89 53 100 79 23 76 103 26 87 65 4 21 58 39 46 65 4 31 62 97 101 117 40 60 67 49 74 26 83 38 74 128 72 40 63 58 55 10 64 111 75 86 75 5 66 91 95 67 
60 73 33 48 32 29 53 29 64 68 53 68 14 15 10 69 41 76 0 37 52 19 39 65 54 65 46 23 23 73 44 16 69 70 29 58 43 15 59 38 53 44 40 22 65 18 50 76 58 48 60 44 21 11 7 38 43 12 12 56 61 28 21 55 58 35 33 33 54 33 77 49 23 34 53 72 65 55 42 64 68 17 31 20 40 30 50 30 57 35 27 33 18 30 14 59 76 37 10 37 57 36 48 45 30 13 61 56 27 51 17 18 78 68 62 51 31 47 80 48 32 48 24 42 41 25 60 55 41 51 55 41 3 56 46 40 50 28 26 73 47 42 28 22 5 72 13 51 37 52 
23 52 49 76 68 38 44 63 33 31 16 39 24 26 42 32 47 45 37 0 20 47 14 43 32 37 18 22 58 45 14 25 38 33 60 26 41 37 45 18 50 68 42 24 28 45 16 44 40 53 46 53 17 26 35 38 8 34 39 39 27 65 58 81 34 65 4 65 41 65 47 16 54 61 47 46 35 27 72 27 41 52 26 24 50 58 37 65 40 35 27 16 41 59 45 32 48 54 37 12 22 39 46 45 56 35 39 39 61 18 43 21 48 45 32 40 21 55 49 14 17 75 61 73 28 35 36 22 57 18 45 6 36 83 59 5 27 13 29 46 26 65 50 41 38 41 32 49 50 31 
12 65 52 96 85 41 62 74 12 29 12 49 42 46 60 25 45 24 52 20 0 66 32 26 48 48 34 43 70 25 8 44 46 28 79 34 61 47 62 17 42 89 63 33 23 55 5 24 56 73 63 52 37 42 48 36 12 45 57 24 8 81 74 101 49 74 22 74 29 84 27 29 73 68 38 25 14 9 91 16 53 70 28 34 71 66 26 76 57 56 48 20 51 78 64 45 57 75 55 31 28 39 66 41 75 54 22 56 79 2 63 40 27 27 42 30 25 53 29 6 38 80 77 92 23 40 50 31 58 3 63 14 50 103 59 15 43 34 35 25 43 86 56 61 52 20 43 68 70 47 
71 68 52 30 24 48 44 39 79 74 63 67 24 20 9 77 61 91 19 47 66 0 43 82 52 65 49 25 33 89 58 21 70 77 13 62 33 34 52 54 73 24 29 40 73 36 62 90 53 34 52 63 29 26 26 57 55 32 9 74 74 23 18 36 56 48 44 46 73 18 92 54 8 50 72 89 80 70 25 74 66 12 50 38 24 45 69 40 52 27 25 49 37 12 6 59 74 18 11 42 63 55 37 65 10 12 78 50 17 64 3 26 93 85 63 70 48 66 95 60 35 62 23 25 59 45 59 59 60 64 47 53 22 37 65 51 50 35 45 89 47 23 47 9 24 86 32 40 21 50 
31 39 59 70 67 49 30 68 44 31 24 29 25 25 41 34 59 55 39 14 32 43 0 57 19 27 6 18 62 57 28 24 29 34 56 19 28 44 31 32 63 61 31 34 30 52 27 54 26 41 32 65 18 29 40 50 20 41 37 53 38 65 58 74 22 72 15 71 55 62 59 11 51 69 60 58 47 41 67 33 30 52 38 33 40 65 51 70 26 24 19 29 49 55 44 21 37 46 36 2 19 51 34 58 50 33 53 25 60 30 40 20 59 59 22 54 34 67 60 26 8 83 62 68 42 45 24 16 68 30 31 20 39 76 70 18 13 10 40 58 12 58 59 35 42 52 39 36 40 17 
36 91 49 113 96 42 87 77 20 53 38 75 59 64 74 47 37 24 65 43 26 82 57 0 74 74 60 63 76 13 29 62 72 51 94 61 84 53 88 28 27 106 86 42 47 59 31 24 82 96 89 44 56 56 58 31 37 54 73 8 26 92 85 119 75 74 43 74 14 98 20 55 87 67 23 12 16 17 106 38 79 82 33 44 92 66 16 79 83 79 70 33 55 94 78 71 82 94 71 55 54 36 90 31 93 71 4 82 92 28 79 59 22 4 69 17 34 43 24 32 61 75 87 107 24 43 76 57 52 29 88 37 62 120 50 39 69 55 40 14 69 104 55 79 62 20 52 93 91 73 
41 20 78 73 77 68 18 83 58 32 36 15 40 38 53 39 78 67 54 32 48 52 19 74 0 13 14 31 77 72 45 38 18 37 64 17 24 62 14 51 82 64 29 53 35 69 43 66 8 35 15 84 34 46 57 70 37 58 48 70 50 76 69 75 4 89 34 88 73 70 71 19 60 87 79 72 61 57 73 43 13 63 58 52 39 83 69 85 9 26 28 48 67 62 55 7 21 47 48 21 23 71 26 77 56 44 70 8 70 46 50 36 71 75 12 73 53 86 71 42 22 101 74 73 61 64 6 18 87 45 17 37 55 77 89 35 5 28 59 72 7 60 77 43 58 65 57 27 41 2 
39 18 86 86 89 75 29 94 56 25 35 2 51 50 65 33 85 63 65 37 48 65 27 74 13 0 20 42 89 70 47 49 5 29 77 13 37 71 23 55 87 77 41 61 30 79 43 62 16 47 24 91 44 56 67 76 39 68 60 72 49 88 82 88 9 99 41 98 76 83 68 21 73 96 83 71 60 57 86 39 5 75 64 60 52 92 73 96 18 39 40 53 76 75 67 6 10 60 60 30 20 77 39 83 69 57 70 19 82 46 62 46 67 74 5 76 59 93 67 43 33 110 86 86 65 72 7 17 94 45 27 41 66 90 97 39 15 37 67 70 18 73 86 56 68 62 66 38 53 15 
30 34 65 74 73 55 28 74 45 26 23 22 31 31 47 31 65 55 46 18 34 49 6 60 14 20 0 24 69 58 31 30 23 30 61 13 29 51 28 37 68 65 33 41 27 58 29 54 22 42 29 71 24 36 46 56 23 47 43 56 38 71 64 78 16 79 21 78 59 67 59 7 57 76 65 59 48 43 72 32 24 58 44 40 43 72 55 76 23 27 24 34 56 60 50 14 31 49 42 9 14 57 34 63 55 39 56 22 66 32 46 27 59 61 16 58 39 73 59 28 14 90 68 72 46 51 18 10 74 31 28 23 46 80 76 21 9 17 46 59 9 62 66 40 48 52 46 35 43 13 
45 50 50 54 49 41 32 52 55 48 38 44 10 7 23 51 54 67 23 22 43 25 18 63 31 42 24 0 46 67 35 7 46 51 38 37 24 32 37 35 62 46 24 28 47 38 38 67 35 34 38 58 7 16 26 47 31 28 19 56 50 47 40 59 35 58 20 57 57 44 70 29 33 56 60 67 57 49 50 49 44 34 36 26 29 52 53 54 34 17 7 30 37 37 26 36 52 32 18 16 37 46 30 55 33 15 59 33 42 41 22 6 70 66 39 55 32 61 72 36 10 70 44 50 42 37 37 34 59 41 34 29 24 60 62 27 27 9 34 68 24 43 48 18 27 63 27 33 28 29 
80 96 29 52 25 34 75 6 81 89 74 91 37 38 26 90 43 92 23 58 70 33 62 76 77 89 69 46 0 86 62 39 92 91 34 81 64 23 81 54 56 51 60 37 86 16 69 92 81 67 82 41 44 32 23 44 64 25 31 67 78 20 19 59 81 15 54 13 62 34 92 72 30 19 58 86 80 70 43 84 91 22 44 36 57 15 60 7 80 57 50 50 20 36 27 82 99 51 30 60 79 40 68 48 40 34 73 78 26 69 33 42 93 80 85 59 46 44 95 67 55 30 16 44 52 33 84 77 34 70 77 61 23 59 39 61 73 51 37 87 71 51 22 40 20 87 27 72 54 75 
31 88 61 119 104 53 87 88 14 46 35 71 65 69 81 39 50 11 73 45 25 89 57 13 72 70 58 67 86 0 31 68 67 43 101 57 86 63 86 34 40 112 88 50 40 70 30 12 80 98 87 57 61 63 67 43 37 63 79 21 21 101 94 125 72 85 46 86 27 105 7 52 95 79 36 1 10 18 114 31 75 90 42 52 96 78 28 90 81 81 73 39 65 101 85 68 77 99 77 56 50 47 91 44 99 77 14 80 100 27 85 63 9 9 65 30 41 56 11 31 63 88 96 114 33 53 73 54 65 27 87 38 70 126 63 40 67 58 49 1 68 109 67 85 71 8 61 93 95 71 
18 64 45 88 76 34 58 66 20 33 15 49 34 38 51 30 40 33 44 14 8 58 28 29 45 47 31 35 62 31 0 36 47 33 71 34 55 39 59 9 39 81 57 25 27 47 7 32 53 67 60 47 29 33 40 30 8 37 49 25 16 73 66 94 47 66 15 66 28 76 34 27 64 61 35 31 21 13 83 22 52 61 21 26 64 58 25 68 54 50 41 12 43 70 55 43 57 67 47 26 28 33 61 36 67 46 25 53 71 7 54 32 35 31 42 28 17 48 37 5 31 73 68 84 18 32 48 30 52 8 59 8 42 95 53 10 40 27 27 32 40 78 49 53 43 28 35 63 63 44 
49 57 44 51 43 36 38 45 57 54 42 52 4 1 17 56 49 69 16 25 44 21 24 62 38 49 30 7 39 68 36 0 53 56 34 43 29 25 44 34 58 44 28 24 52 32 41 69 42 38 44 53 7 10 19 43 33 22 13 55 52 41 34 57 42 51 22 49 55 40 71 35 29 49 56 68 58 49 47 52 51 28 32 22 31 45 50 47 41 22 12 29 30 34 20 43 59 32 12 22 43 42 35 51 31 9 58 40 36 42 18 4 72 65 46 53 29 56 73 38 16 63 38 47 40 32 44 40 52 43 41 31 17 58 56 30 34 14 30 68 31 42 41 17 19 65 21 38 29 36 
36 22 87 91 94 77 35 98 53 21 34 5 54 54 69 29 85 60 69 38 46 70 29 72 18 5 23 46 92 67 47 53 0 25 82 12 42 74 29 55 87 82 47 63 27 81 42 59 22 53 29 92 47 59 70 76 39 70 65 71 46 93 86 94 14 102 42 101 75 88 65 21 78 99 83 68 57 55 91 36 9 80 65 62 57 95 72 99 24 44 45 54 79 80 71 11 10 66 64 32 18 78 44 83 74 61 68 25 87 45 67 50 64 72 7 76 60 94 64 42 36 113 90 91 65 73 13 17 96 44 33 41 69 96 98 39 20 40 68 67 23 78 88 61 72 59 69 44 59 20 
15 47 78 104 100 67 55 96 30 4 18 30 56 57 73 4 72 35 70 33 28 77 34 51 37 29 30 51 91 43 33 56 25 0 90 19 59 69 51 42 70 95 63 56 5 77 26 34 44 71 52 80 49 59 68 63 28 66 70 52 24 97 90 108 35 97 37 97 57 96 40 23 85 93 66 44 34 36 101 13 34 84 54 56 72 90 55 98 46 57 53 44 73 89 77 30 35 79 68 35 15 66 62 69 84 66 48 45 93 27 74 52 39 50 25 58 49 81 39 27 42 106 94 102 51 65 35 20 85 26 54 31 69 110 86 30 34 42 59 43 36 92 81 69 71 34 64 63 73 37 
84 77 58 19 15 57 53 39 91 87 76 79 36 33 19 90 70 104 29 60 79 13 56 94 64 77 61 38 34 101 71 34 82 90 0 74 42 43 61 66 82 17 37 51 86 42 75 103 64 39 61 70 42 38 36 67 68 41 21 85 87 17 15 26 68 49 57 47 83 6 105 67 6 53 82 101 92 83 12 87 77 13 61 49 30 49 80 40 62 38 37 61 44 2 15 71 85 21 23 55 75 64 44 74 9 25 90 61 9 77 16 39 106 97 75 81 60 73 108 73 48 64 19 13 70 54 70 72 65 77 56 65 32 27 71 64 62 48 55 102 59 17 52 21 33 99 42 47 27 62 
26 31 75 86 86 64 35 86 43 15 22 14 44 44 60 22 73 51 58 26 34 62 19 61 17 13 13 37 81 57 34 43 12 19 74 0 39 62 31 43 74 77 43 50 18 70 30 50 24 52 32 79 37 48 58 63 26 59 56 59 36 84 77 90 16 90 30 89 63 80 55 9 70 87 70 58 47 44 85 26 18 71 52 50 54 83 59 88 26 39 37 41 67 72 63 11 22 61 55 21 7 65 43 70 67 52 57 26 79 33 59 39 55 61 8 63 47 81 55 30 27 101 81 85 52 61 16 4 83 32 34 28 58 91 85 27 15 29 56 57 17 74 76 53 61 49 57 43 55 17 
59 35 73 49 57 65 11 70 73 55 52 38 33 29 37 60 78 84 43 41 61 33 28 84 24 37 29 24 64 86 55 29 42 59 42 39 0 55 18 57 86 40 5 52 56 60 56 83 22 12 19 82 31 40 48 71 48 52 33 79 66 57 51 51 27 78 41 76 80 48 87 36 40 77 84 86 76 68 50 61 36 45 60 50 15 73 76 72 20 7 17 53 59 40 37 31 44 24 34 29 43 71 6 79 33 30 80 19 50 59 32 30 87 86 36 79 56 85 88 54 23 91 56 50 66 61 29 39 82 58 14 47 45 53 86 45 24 29 58 86 22 36 71 24 48 81 51 9 17 22 
57 82 18 63 42 14 64 27 57 68 51 73 22 26 25 67 26 69 15 37 47 34 44 53 62 71 51 32 23 63 39 25 74 69 43 62 55 0 69 30 38 58 53 14 64 8 46 68 67 62 70 29 27 15 8 24 41 3 27 45 55 38 32 69 65 28 32 28 41 46 69 52 37 25 39 63 56 47 55 61 74 30 21 13 54 21 38 29 66 47 38 27 5 44 29 65 82 52 25 41 59 21 61 30 45 27 50 65 39 46 32 26 70 57 67 38 22 32 72 44 39 39 33 56 30 11 68 58 27 47 66 38 12 70 31 38 57 34 13 64 55 57 15 37 10 64 5 64 52 60 
56 16 86 67 76 77 8 87 72 46 51 24 47 43 55 54 89 82 59 45 62 52 31 88 14 23 28 37 81 86 59 44 29 51 61 31 18 69 0 63 94 58 23 63 50 76 57 81 7 26 1 94 42 53 63 81 51 66 50 84 65 76 70 68 15 94 46 93 86 67 86 33 59 93 91 87 76 71 68 57 20 64 69 62 33 89 82 89 5 24 31 60 74 59 56 20 27 42 51 33 38 81 18 89 52 47 84 6 69 60 50 43 86 89 25 85 64 97 86 56 31 107 75 68 73 73 16 33 95 59 5 51 60 70 99 49 19 37 69 86 19 54 85 42 63 79 64 16 35 15 
28 70 36 84 70 25 62 57 27 43 24 57 30 35 46 40 30 39 38 18 17 54 32 28 51 55 37 35 54 34 9 34 55 42 66 43 57 30 63 0 31 78 58 16 37 38 17 38 58 68 64 37 28 28 33 21 16 29 45 21 25 66 60 90 53 57 17 57 23 71 39 34 60 51 28 34 26 17 79 32 59 56 11 18 64 49 19 59 59 51 41 5 34 66 50 50 65 66 43 30 37 23 63 27 64 42 24 58 65 16 50 30 40 31 50 22 8 38 42 15 34 63 62 79 9 23 55 38 42 17 63 14 35 92 43 16 45 28 18 35 45 76 39 51 36 34 27 66 63 49 
55 102 27 101 80 24 92 56 44 72 54 89 54 59 63 67 13 50 53 50 42 73 63 27 82 87 68 62 56 40 39 58 87 70 82 74 86 38 94 31 0 97 86 34 65 41 45 51 90 96 95 18 55 48 46 15 47 40 64 20 47 75 70 108 85 50 48 51 14 85 47 66 76 43 4 39 40 35 94 58 91 69 26 36 89 43 15 57 90 79 69 34 38 83 67 82 97 89 62 61 68 17 92 8 83 63 27 89 77 43 70 56 50 31 81 12 30 16 51 45 63 49 70 95 21 27 86 70 26 44 93 46 50 109 23 47 77 57 28 41 76 96 34 73 49 46 40 95 87 81 
91 74 75 9 29 73 50 56 101 92 84 79 47 43 33 96 85 113 44 68 89 24 61 106 64 77 65 46 51 112 81 44 82 95 17 77 40 58 58 78 97 0 35 65 92 58 85 113 62 32 58 86 51 50 51 82 77 56 33 99 96 32 32 12 68 66 66 64 97 18 115 72 22 70 97 112 103 94 12 95 76 30 74 63 25 66 93 57 60 38 42 73 60 15 29 71 84 16 35 61 80 80 40 89 13 35 103 59 25 87 27 48 116 110 76 95 72 90 118 82 53 81 35 12 83 69 69 76 82 87 53 75 47 14 87 73 63 55 69 113 60 4 69 27 48 109 57 42 23 62 
62 40 72 44 52 64 15 67 75 59 55 43 32 27 34 64 77 87 40 42 63 29 31 86 29 41 33 24 60 88 57 28 47 63 37 43 5 53 23 58 86 35 0 52 60 58 58 86 27 10 24 81 31 38 46 71 51 50 30 80 69 52 47 46 32 75 42 73 81 43 90 40 36 75 84 89 78 70 45 65 41 41 60 50 10 70 76 68 25 7 17 53 57 35 33 36 49 19 31 31 47 70 7 79 28 27 82 24 45 61 28 30 90 88 41 79 56 84 91 56 25 89 52 45 66 60 34 43 80 60 18 49 42 48 85 47 29 30 58 89 26 31 69 20 45 83 49 11 12 27 
43 74 24 71 54 14 59 41 43 55 37 63 20 25 32 54 25 55 22 24 33 40 34 42 53 61 41 28 37 50 25 24 63 56 51 50 52 14 63 16 34 65 52 0 50 22 32 55 60 62 64 31 21 14 16 19 27 12 31 34 41 50 43 77 57 41 20 41 32 55 55 41 45 37 32 50 43 33 64 47 65 40 9 2 55 34 28 43 59 45 35 13 18 52 36 55 72 55 29 32 47 18 58 27 51 30 38 58 49 32 37 22 57 46 56 29 8 33 59 30 32 50 45 65 18 10 59 46 33 33 61 25 19 78 36 25 48 25 6 51 46 63 25 39 20 50 10 61 53 51 
10 48 73 100 95 62 53 90 26 6 13 31 51 53 69 4 67 33 65 28 23 73 30 47 35 30 27 47 86 40 27 52 27 5 86 18 56 64 50 37 65 92 60 50 0 72 20 32 43 69 51 75 44 54 63 58 22 61 65 47 20 92 85 104 34 92 32 92 52 92 38 20 81 87 61 41 31 31 97 9 35 80 48 51 70 84 50 92 45 54 50 38 68 85 72 30 37 76 64 31 12 61 60 64 80 61 43 44 89 22 69 47 37 46 25 53 44 76 37 21 38 100 89 98 45 59 35 17 80 21 53 25 64 106 81 25 32 38 54 40 34 88 76 65 66 32 59 61 70 36 
65 89 16 61 38 17 70 19 65 76 59 81 29 32 27 75 28 76 18 45 55 36 52 59 69 79 58 38 16 70 47 32 81 77 42 70 60 8 76 38 41 58 58 22 72 0 54 76 74 66 76 28 34 22 12 28 49 11 29 50 63 34 29 68 73 20 41 19 46 44 75 60 36 17 42 69 64 54 53 69 82 29 27 21 57 13 43 21 73 53 44 35 4 43 30 73 89 54 28 49 67 24 66 33 46 31 56 72 36 54 34 33 77 63 74 43 30 31 79 52 46 31 29 54 36 16 75 66 24 55 73 46 15 69 29 47 64 41 20 70 62 58 11 40 13 71 13 69 55 67 
11 60 53 92 82 42 57 73 17 26 8 45 38 42 56 23 46 29 50 16 5 62 27 31 43 43 29 38 69 30 7 41 42 26 75 30 56 46 57 17 45 85 58 32 20 54 0 28 51 68 58 54 33 39 46 37 7 44 54 28 11 79 72 97 44 73 18 73 33 81 31 24 69 68 41 30 19 14 88 15 48 67 28 33 66 65 30 75 52 51 44 19 50 75 60 40 52 70 52 26 23 40 61 43 72 50 27 51 76 3 59 36 32 32 38 33 24 55 33 2 33 80 75 88 25 40 45 26 59 2 58 10 48 99 60 11 38 29 34 30 38 82 56 57 50 25 42 63 66 42 
24 80 70 120 108 60 83 95 11 38 30 63 66 70 84 30 59 1 76 44 24 90 54 24 66 62 54 67 92 12 32 69 59 34 103 50 83 68 81 38 51 113 86 55 32 76 28 0 74 96 82 66 61 65 71 52 36 68 81 30 17 105 98 126 66 93 46 93 37 108 6 47 97 87 46 13 12 21 116 23 67 94 48 57 94 85 37 97 75 79 72 42 72 103 88 61 69 99 79 54 43 56 88 53 100 78 24 75 103 26 87 64 5 21 57 39 46 66 5 30 61 97 100 116 40 60 66 48 74 26 83 38 74 127 72 39 62 58 55 11 63 110 75 85 75 5 66 90 94 66 
49 15 84 71 78 74 13 87 66 39 44 17 45 42 55 47 85 75 58 40 56 53 26 82 8 16 22 35 81 80 53 42 22 44 64 24 22 67 7 58 90 62 27 60 43 74 51 74 0 31 8 91 39 51 61 77 45 63 51 78 59 77 71 73 8 93 42 92 81 70 79 27 61 91 87 80 69 65 72 50 14 65 65 58 37 87 77 89 2 25 31 55 72 61 56 13 22 46 51 28 31 77 22 84 55 47 78 3 70 54 51 41 79 83 18 80 60 93 79 50 28 106 76 72 68 70 9 26 92 53 10 45 59 75 96 43 13 34 66 80 13 58 83 44 62 73 62 21 39 9 
72 42 81 41 55 74 18 73 85 67 65 49 42 37 40 73 87 97 48 53 73 34 41 96 35 47 42 34 67 98 67 38 53 71 39 52 12 62 26 68 96 32 10 62 69 66 68 96 31 0 26 91 41 48 54 81 61 59 37 90 79 56 51 42 38 81 52 80 91 44 100 49 39 82 94 99 88 81 43 74 46 46 70 60 9 78 87 74 29 17 27 64 66 36 39 43 53 18 38 42 56 80 8 89 30 35 92 28 48 71 34 40 100 99 48 89 66 93 101 67 35 96 56 43 76 70 40 51 89 71 21 60 51 44 94 58 37 40 68 99 34 28 77 26 53 93 58 10 12 34 
57 16 87 67 76 78 8 88 73 47 52 25 48 44 55 55 90 83 60 46 63 52 32 89 15 24 29 38 82 87 60 44 29 52 61 32 19 70 1 64 95 58 24 64 51 76 58 82 8 26 0 95 43 54 64 82 52 66 51 85 66 76 70 68 16 95 47 94 87 67 87 34 60 94 92 88 77 72 68 58 21 64 70 63 33 90 83 90 6 25 32 61 75 59 56 21 27 42 51 34 39 82 18 90 52 48 85 7 69 61 51 44 86 90 26 86 65 98 87 57 32 108 75 68 74 74 17 34 96 60 5 52 61 70 100 50 20 38 70 87 20 54 86 43 64 80 65 16 35 16 
65 105 11 90 65 17 90 39 57 81 62 93 49 54 54 77 7 66 44 53 52 63 65 44 84 91 71 58 41 57 47 53 92 80 70 79 82 29 94 37 18 86 81 31 75 28 54 66 91 91 95 0 52 42 37 16 53 32 56 36 59 61 57 97 87 33 50 34 30 72 64 70 64 25 21 56 55 47 81 68 95 57 27 32 83 26 29 41 91 75 65 38 26 72 57 86 102 81 54 62 75 14 88 13 73 56 43 89 64 52 61 52 66 48 86 27 32 3 68 53 63 31 56 82 29 21 89 75 8 54 92 51 41 97 6 53 79 57 25 58 78 86 18 66 39 61 32 92 81 83 
41 54 44 59 50 35 38 50 50 47 34 47 7 8 24 49 47 62 21 17 37 29 18 56 34 44 24 7 44 61 29 7 47 49 42 37 31 27 42 28 55 51 31 21 44 34 33 61 39 41 43 52 0 12 22 40 26 24 21 49 45 48 41 64 38 54 15 53 50 47 64 28 36 52 53 61 51 42 54 45 47 35 29 19 36 48 46 52 39 24 14 23 32 41 28 38 55 38 19 15 36 40 37 48 38 17 52 38 44 35 25 3 65 59 40 48 25 55 66 31 12 66 45 55 35 31 40 33 53 35 40 23 21 65 56 22 30 7 27 61 27 48 43 24 24 58 22 40 34 32 
49 66 33 56 43 26 48 38 54 57 42 59 6 11 18 58 39 66 11 26 42 26 29 56 46 56 36 16 32 63 33 10 59 59 38 48 40 15 53 28 48 50 38 14 54 22 39 65 51 48 54 42 12 0 10 33 32 12 17 48 50 39 32 63 50 42 22 41 46 42 67 39 31 40 47 63 54 45 50 52 59 28 24 12 41 36 42 40 51 32 22 23 20 38 22 50 67 40 15 27 46 32 45 41 36 15 52 49 37 40 23 10 68 59 52 44 22 45 70 37 24 54 35 51 32 22 52 44 42 40 51 29 10 64 46 29 42 19 20 63 39 48 31 25 12 61 11 49 39 44 
57 76 26 55 37 21 57 28 60 66 51 69 16 19 17 67 34 72 7 35 48 26 40 58 57 67 46 26 23 67 40 19 70 68 36 58 48 8 63 33 46 51 46 16 63 12 46 71 61 54 64 37 22 10 0 31 41 5 19 50 57 33 27 62 60 32 31 31 47 39 72 49 30 30 46 67 59 50 48 61 69 24 25 14 46 26 43 30 60 40 31 28 11 37 21 61 77 44 17 37 56 28 53 38 37 19 55 59 33 47 24 20 73 62 63 45 25 40 75 44 34 44 29 49 34 18 63 55 34 48 60 38 4 63 39 38 52 29 19 68 50 50 22 29 3 67 6 57 44 54 
48 90 18 87 66 10 78 45 42 64 45 78 39 44 48 60 9 52 38 38 36 57 50 31 70 76 56 47 44 43 30 43 76 63 67 63 71 24 81 21 15 82 71 19 58 28 37 52 77 81 82 16 40 33 31 0 37 25 49 23 43 62 56 93 72 42 35 42 18 70 50 55 61 35 14 42 40 31 79 52 80 54 12 21 74 34 15 47 77 64 54 22 24 68 52 71 86 73 47 48 58 4 77 8 68 48 29 75 63 36 55 41 52 36 70 15 17 17 54 36 50 45 57 80 13 13 74 59 22 37 79 35 35 94 22 36 64 43 13 44 63 80 24 58 34 47 25 80 72 68 
16 56 51 85 75 39 50 68 25 27 10 41 31 34 49 26 46 36 43 8 12 55 20 37 37 39 23 31 64 37 8 33 39 28 68 26 48 41 51 16 47 77 51 27 22 49 7 36 45 61 52 53 26 32 41 37 0 39 46 33 19 72 65 90 38 69 11 69 36 73 39 18 62 65 43 38 27 20 80 20 44 60 26 28 58 62 33 70 46 43 36 16 45 67 53 35 49 62 45 19 21 39 54 44 64 43 33 45 69 10 51 29 39 38 34 36 21 55 41 5 25 78 68 81 25 37 40 22 58 10 51 3 42 91 59 3 32 21 31 38 32 74 53 49 44 32 37 56 58 36 
55 78 21 61 42 16 60 29 56 65 49 70 18 22 23 65 29 68 12 34 45 32 41 54 58 68 47 28 25 63 37 22 70 66 41 59 52 3 66 29 40 56 50 12 61 11 44 68 63 59 66 32 24 12 5 25 39 0 24 45 53 38 31 67 62 31 30 31 42 45 68 49 35 28 40 62 56 46 54 59 71 29 20 11 51 24 38 31 63 44 34 25 8 42 26 62 78 49 22 38 56 23 57 32 43 24 50 61 38 44 29 22 69 57 63 39 21 35 71 42 36 42 33 54 30 13 64 55 30 45 63 36 9 68 34 36 53 30 14 64 51 55 19 34 8 63 2 61 49 56 
62 65 45 39 30 40 43 37 70 67 55 63 15 12 4 70 53 82 12 39 57 9 37 73 48 60 43 19 31 79 49 13 65 70 21 56 33 27 50 45 64 33 30 31 65 29 54 81 51 37 51 56 21 17 19 49 46 24 0 65 65 28 21 45 52 45 35 43 64 26 83 48 15 45 63 79 71 61 34 66 62 15 41 29 28 41 60 38 49 26 20 40 30 21 7 54 70 25 2 35 56 47 37 56 19 4 69 48 23 55 5 18 84 76 57 61 39 59 86 51 29 59 25 34 49 36 55 53 53 56 46 44 15 47 58 43 45 27 36 80 42 31 40 10 17 77 24 41 25 46 
36 89 41 105 87 33 83 68 23 54 37 74 51 56 66 48 29 30 56 39 24 74 53 8 70 72 56 56 67 21 25 55 71 52 85 59 79 45 84 21 20 99 80 34 47 50 28 30 78 90 85 36 49 48 50 23 33 45 65 0 27 83 77 111 72 65 38 65 6 89 28 52 79 58 16 20 20 15 98 39 77 74 24 36 86 57 7 70 79 73 63 26 46 86 70 68 81 87 63 51 52 27 85 23 85 63 7 78 83 26 71 52 30 13 67 9 26 35 32 29 55 67 78 99 15 34 73 55 44 27 84 33 53 112 42 35 65 50 31 22 65 96 47 72 53 25 43 87 84 69 
10 67 60 104 93 49 67 82 7 27 14 50 50 53 68 20 51 17 61 27 8 74 38 26 50 49 38 50 78 21 16 52 46 24 87 36 66 55 65 25 47 96 69 41 20 63 11 17 59 79 66 59 45 50 57 43 19 53 65 27 0 89 83 109 51 82 30 82 33 92 21 32 81 76 42 22 11 12 99 11 54 78 36 42 77 74 31 84 60 62 55 28 59 86 72 47 57 82 63 37 29 46 72 46 83 62 23 59 87 9 70 48 21 25 44 35 33 59 22 13 44 87 85 100 30 48 52 33 65 9 67 21 59 110 65 22 46 41 43 21 47 93 64 68 60 14 51 73 77 50 
88 91 49 32 4 51 68 25 93 95 82 90 41 40 24 97 62 105 28 65 81 23 65 92 76 88 71 47 20 101 73 41 93 97 17 84 57 38 76 66 75 32 52 50 92 34 79 105 77 56 76 61 48 39 33 62 72 38 28 83 89 0 7 39 80 35 61 33 79 14 106 76 16 39 76 100 93 83 23 92 89 13 58 48 46 36 76 25 75 51 47 62 37 20 21 82 97 38 29 63 84 58 60 67 26 32 88 74 7 80 25 45 107 95 85 77 59 64 109 76 57 49 5 24 68 49 82 81 55 80 71 69 30 39 60 69 73 55 52 101 70 34 42 33 30 100 39 63 43 73 
81 85 45 33 10 46 62 24 86 88 74 84 34 33 17 90 57 98 21 58 74 18 58 85 69 82 64 40 19 94 66 34 86 90 15 77 51 32 70 60 70 32 47 43 85 29 72 98 71 51 70 57 41 32 27 56 65 31 21 77 83 7 0 40 73 34 54 32 74 15 99 69 12 38 71 94 86 77 24 85 83 6 52 41 41 34 70 25 69 45 41 55 32 17 14 75 91 34 22 56 77 53 55 62 22 25 82 68 7 73 19 38 100 89 79 71 52 60 102 69 50 48 5 25 61 43 75 74 51 73 65 62 24 40 57 62 66 48 46 95 63 32 39 27 23 93 33 58 38 67 
104 84 85 7 35 84 60 64 114 104 97 90 60 55 45 109 96 126 55 81 101 36 74 119 75 88 78 59 59 125 94 57 94 108 26 90 51 69 68 90 108 12 46 77 104 68 97 126 73 42 68 97 64 63 62 93 90 67 45 111 109 39 40 0 79 74 79 72 109 25 128 85 32 78 108 125 115 106 16 107 87 39 86 75 36 74 105 64 71 51 54 85 71 25 41 83 95 28 48 73 93 91 50 100 26 48 115 70 33 99 40 61 129 122 88 107 85 100 130 95 66 88 43 15 95 80 81 88 92 99 63 87 58 2 97 86 75 68 81 125 72 16 79 40 59 122 68 52 35 74 
41 17 81 77 81 71 20 87 58 31 37 11 44 42 57 38 81 67 58 34 49 56 22 75 4 9 16 35 81 72 47 42 14 35 68 16 27 65 15 53 85 68 32 57 34 73 44 66 8 38 16 87 38 50 60 72 38 62 52 72 51 80 73 79 0 93 37 92 75 74 71 20 64 90 81 73 62 58 77 42 9 67 60 56 43 86 71 89 10 30 32 50 70 66 59 5 17 51 52 25 22 74 29 80 60 49 71 10 74 47 54 40 71 76 9 75 55 89 71 43 26 104 78 77 63 67 2 18 90 46 19 39 59 81 93 37 8 31 63 72 10 64 81 47 62 65 60 29 44 6 
85 108 24 67 39 33 88 10 83 97 79 101 48 50 41 96 37 93 35 65 74 48 72 74 89 99 79 58 15 85 66 51 102 97 49 90 78 28 94 57 50 66 75 41 92 20 73 93 93 81 95 33 54 42 32 42 69 31 45 65 82 35 34 74 93 0 61 2 60 49 92 81 45 7 53 85 81 72 58 88 102 37 46 41 72 8 57 10 92 70 62 54 24 51 42 93 110 66 44 69 88 38 83 43 56 47 72 91 41 73 47 53 94 78 95 56 49 35 96 71 66 14 31 59 53 34 95 86 24 74 91 66 34 74 29 67 84 61 39 86 82 67 18 55 31 88 33 86 69 87 
27 55 45 74 64 34 45 59 35 35 20 43 20 23 38 36 44 47 33 4 22 44 15 43 34 41 21 20 54 46 15 22 42 37 57 30 41 32 46 17 48 66 42 20 32 41 18 46 42 52 47 50 15 22 31 35 11 30 35 38 30 61 54 79 37 61 0 61 40 62 49 20 51 57 45 47 37 28 69 31 45 49 23 20 49 54 36 61 42 35 26 13 37 56 42 35 51 52 34 13 26 36 46 42 53 32 39 41 58 20 40 18 50 46 36 39 18 52 51 16 17 71 57 70 26 31 39 25 53 20 46 8 32 80 55 7 29 12 26 47 28 63 46 38 34 43 28 49 48 33 
84 107 25 65 37 33 87 8 83 96 79 100 47 49 39 95 38 93 33 65 74 46 71 74 88 98 78 57 13 86 66 49 101 97 47 89 76 28 93 57 51 64 73 41 92 19 73 93 92 80 94 34 53 41 31 42 69 31 43 65 82 33 32 72 92 2 61 0 60 47 92 80 43 8 54 85 81 72 56 88 101 35 46 41 70 8 58 8 91 69 61 54 23 50 40 92 109 65 42 68 87 38 81 44 54 46 72 90 39 73 46 51 94 78 94 57 49 36 96 71 65 16 29 57 53 34 94 86 26 74 89 66 32 72 31 66 83 60 39 87 81 65 18 53 30 88 32 85 68 86 
41 92 35 103 84 28 85 63 30 59 41 78 51 56 64 53 23 36 54 41 29 73 55 14 73 76 59 57 62 27 28 55 75 57 83 63 80 41 86 23 14 97 81 32 52 46 33 37 81 91 87 30 50 46 47 18 36 42 64 6 33 79 74 109 75 60 40 60 0 87 34 55 77 53 9 26 26 21 96 44 80 71 22 34 86 52 4 65 81 73 64 27 42 84 68 72 85 87 61 53 56 22 86 17 83 62 13 80 80 30 69 51 36 18 70 3 25 29 38 33 57 61 75 97 14 30 76 59 38 31 86 35 51 110 36 37 68 51 28 28 67 95 42 71 51 32 41 89 84 72 
89 83 60 18 11 60 59 39 96 93 82 85 42 39 24 96 72 109 33 65 84 18 62 98 70 83 67 44 34 105 76 40 88 96 6 80 48 46 67 71 85 18 43 55 92 44 81 108 70 44 67 72 47 42 39 70 73 45 26 89 92 14 15 25 74 49 62 47 87 0 110 73 11 53 85 105 97 87 9 93 83 15 65 53 35 49 83 39 68 44 43 66 46 8 20 77 91 26 28 60 81 67 50 77 14 30 94 67 8 82 22 44 111 101 81 84 64 75 112 78 54 63 18 10 74 57 76 78 67 82 62 71 36 25 72 70 68 53 59 106 65 20 54 27 36 104 46 53 32 68 
29 86 68 123 109 59 88 94 14 44 35 69 68 72 85 36 57 5 77 47 27 92 59 20 71 68 59 70 92 7 34 71 65 40 105 55 87 69 86 39 47 115 90 55 38 75 31 6 79 100 87 64 64 67 72 50 39 68 83 28 21 106 99 128 71 92 49 92 34 110 0 52 99 85 43 8 12 22 118 29 73 95 48 57 98 84 35 96 81 83 75 44 71 105 90 67 75 102 81 58 48 54 93 51 102 80 21 80 104 29 89 67 2 17 63 37 46 63 4 33 64 95 101 118 39 59 72 53 72 29 87 41 75 130 70 42 67 61 55 6 68 113 74 88 76 6 66 94 97 71 
23 37 66 81 78 55 35 77 39 19 17 23 35 36 52 24 64 48 49 16 29 54 11 55 19 21 7 29 72 52 27 35 21 23 67 9 36 52 33 34 66 72 40 41 20 60 24 47 27 49 34 70 28 39 49 55 18 49 48 52 32 76 69 85 20 81 20 80 55 73 52 0 62 77 62 53 42 38 78 25 25 63 43 41 50 74 52 79 28 34 30 32 57 66 55 16 31 56 47 13 8 56 41 62 61 44 51 27 71 27 51 31 52 56 15 55 38 72 53 23 19 91 73 79 44 51 21 5 74 26 35 20 49 86 76 18 14 21 46 53 15 68 67 46 51 46 47 42 50 18 
78 75 53 25 16 51 51 36 85 82 71 75 30 27 13 85 63 97 23 54 73 8 51 87 60 73 57 33 30 95 64 29 78 85 6 70 40 37 59 60 76 22 36 45 81 36 69 97 61 39 60 64 36 31 30 61 62 35 15 79 81 16 12 32 64 45 51 43 77 11 99 62 0 48 76 94 86 76 19 82 74 8 54 43 29 44 73 36 59 35 33 55 38 7 9 67 82 22 17 50 71 58 43 68 10 19 84 58 9 71 11 33 100 91 71 74 53 67 101 67 43 60 17 19 63 48 66 67 60 71 55 59 26 33 65 59 58 42 49 95 55 22 47 17 26 93 36 46 26 58 
79 106 17 71 44 27 87 15 77 92 75 99 46 49 42 91 30 87 34 61 68 50 69 67 87 96 76 56 19 79 61 49 99 93 53 87 77 25 93 51 43 70 75 37 87 17 68 87 91 82 94 25 52 40 30 35 65 28 45 58 76 39 38 78 90 7 57 8 53 53 85 77 48 0 46 78 75 66 62 83 99 40 40 37 73 4 51 16 91 70 61 49 20 55 43 90 107 68 44 66 84 31 83 36 58 47 65 89 45 67 49 50 87 71 92 50 43 28 89 66 64 14 35 63 47 28 93 83 17 69 90 62 32 78 22 62 82 59 33 80 80 70 12 55 30 82 30 86 70 85 
50 99 29 102 80 25 89 58 39 68 50 85 52 57 63 62 15 46 53 47 38 72 60 23 79 83 65 60 58 36 35 56 83 66 82 70 84 39 91 28 4 97 84 32 61 42 41 46 87 94 92 21 53 47 46 14 43 40 63 16 42 76 71 108 81 53 45 54 9 85 43 62 76 46 0 35 36 30 94 53 88 69 24 34 88 46 11 59 87 77 67 31 39 83 67 79 93 88 61 58 64 17 90 9 83 62 22 86 78 39 69 54 45 27 78 7 28 20 47 41 61 52 71 95 18 27 83 66 29 40 91 42 50 109 27 44 74 55 27 37 73 95 36 72 49 42 39 93 86 78 
32 89 61 119 104 52 88 87 15 48 36 72 65 69 81 40 49 12 72 46 25 89 58 12 72 71 59 67 86 1 31 68 68 44 101 58 86 63 87 34 39 112 89 50 41 69 30 13 80 99 88 56 61 63 67 42 38 62 79 20 22 100 94 125 73 85 47 85 26 105 8 53 94 78 35 0 11 18 113 32 76 90 42 52 96 77 27 89 82 81 73 39 65 101 85 69 78 99 77 57 51 47 92 43 99 77 13 81 100 27 85 64 10 8 66 29 41 55 12 32 63 87 96 114 33 52 74 55 64 28 88 39 70 126 62 41 68 59 49 2 68 110 66 85 70 10 61 94 95 72 
21 78 58 110 97 48 77 82 4 37 25 61 55 60 73 30 47 12 65 35 14 80 47 16 61 60 48 57 80 10 21 58 57 34 92 47 76 56 76 26 40 103 78 43 31 64 19 12 69 88 77 55 51 54 59 40 27 56 71 20 11 93 86 115 62 81 37 81 26 97 12 42 86 75 36 11 0 9 105 22 65 82 36 45 85 73 25 84 71 71 63 31 59 92 77 58 68 89 69 46 40 44 81 42 89 68 14 70 92 17 76 54 13 15 55 28 34 54 15 21 52 85 89 105 28 47 63 44 62 17 77 28 62 117 61 30 57 48 43 10 57 100 63 75 63 7 54 83 85 61 
20 74 49 101 87 39 71 73 11 38 21 58 46 50 63 32 39 22 55 27 9 70 41 17 57 57 43 49 70 18 13 49 55 36 83 44 68 47 71 17 35 94 70 33 31 54 14 21 65 81 72 47 42 45 50 31 20 46 61 15 12 83 77 106 58 72 28 72 21 87 22 38 76 66 30 18 9 0 95 23 62 72 26 35 77 64 19 75 66 63 55 21 50 82 67 54 66 81 59 39 37 35 74 34 80 58 13 65 82 11 67 45 23 18 52 22 24 47 25 15 45 76 79 96 19 38 59 40 54 12 71 21 52 108 53 23 52 40 33 19 52 91 54 66 53 17 44 76 77 56 
96 84 70 9 19 69 60 48 104 98 89 88 49 45 32 102 81 116 42 72 91 25 67 106 73 86 72 50 43 114 83 47 91 101 12 85 50 55 68 79 94 12 45 64 97 53 88 116 72 43 68 81 54 50 48 79 80 54 34 98 99 23 24 16 77 58 69 56 96 9 118 78 19 62 94 113 105 95 0 99 86 25 73 62 35 58 92 48 70 47 48 74 56 13 28 80 94 26 36 66 86 77 50 86 17 37 103 69 17 89 28 51 119 110 84 93 72 85 120 85 59 72 27 1 82 66 79 82 76 90 63 78 45 16 82 77 71 59 68 114 68 16 63 31 45 112 55 53 33 71 
4 57 68 103 95 57 60 88 17 15 10 40 51 54 69 9 61 24 64 27 16 74 33 38 43 39 32 49 84 31 22 52 36 13 87 26 61 61 57 32 58 95 65 47 9 69 15 23 50 74 58 68 45 52 61 52 20 59 66 39 11 92 85 107 42 88 31 88 44 93 29 25 82 83 53 32 22 23 99 0 44 80 43 48 74 81 42 90 52 58 53 34 65 86 73 38 46 79 64 34 19 55 66 57 82 62 34 52 89 16 71 48 28 37 34 46 39 69 28 17 41 95 88 100 39 55 43 24 74 14 59 23 62 109 75 23 39 39 50 31 40 91 71 68 64 23 57 67 74 42 
44 13 89 85 90 79 27 97 61 30 40 4 53 52 66 38 89 68 68 41 53 66 30 79 13 5 24 44 91 75 52 51 9 34 77 18 36 74 20 59 91 76 41 65 35 82 48 67 14 46 21 95 47 59 69 80 44 71 62 77 54 89 83 87 9 102 45 101 80 83 73 25 74 99 88 76 65 62 86 44 0 76 68 64 51 95 77 98 16 39 42 57 79 75 68 9 8 60 62 33 25 81 37 87 69 58 75 17 83 51 63 49 72 79 10 81 63 97 72 48 35 113 87 86 69 75 7 21 98 50 25 45 68 89 100 43 17 40 70 75 20 72 89 56 71 67 69 36 53 15 
76 79 45 32 15 44 56 28 82 82 69 77 28 27 11 84 56 94 17 52 70 12 52 82 63 75 58 34 22 90 61 28 80 84 13 71 45 30 64 56 69 30 41 40 80 29 67 94 65 46 64 57 35 28 24 54 60 29 15 74 78 13 6 39 67 37 49 35 71 15 95 63 8 40 69 90 82 72 25 80 76 0 49 38 36 36 68 29 63 39 34 51 31 15 8 69 85 29 16 50 71 51 49 61 18 19 79 62 9 68 13 32 96 86 72 69 49 60 98 65 44 52 11 25 58 41 69 68 52 68 59 57 20 40 57 56 60 42 43 91 57 30 39 21 20 89 30 52 33 61 
39 78 24 80 62 13 66 46 37 54 35 66 28 33 41 51 20 48 31 26 28 50 38 33 58 64 44 36 44 42 21 32 65 54 61 52 60 21 69 11 26 74 60 9 48 27 28 48 65 70 70 27 29 24 25 12 26 20 41 24 36 58 52 86 60 46 23 46 22 65 48 43 54 40 24 42 36 26 73 43 68 49 0 11 64 38 18 48 65 53 43 10 23 61 45 59 74 64 38 36 47 13 66 19 60 39 30 63 58 27 47 30 49 37 59 20 5 29 51 26 38 52 54 74 9 12 62 48 31 28 67 24 29 87 33 25 52 31 7 43 51 72 28 49 29 43 19 69 62 56 
44 73 25 68 52 15 58 40 45 55 38 63 18 23 30 54 27 57 20 24 34 38 33 44 52 60 40 26 36 52 26 22 62 56 49 50 50 13 62 18 36 63 50 2 51 21 33 57 58 60 63 32 19 12 14 21 28 11 29 36 42 48 41 75 56 41 20 41 34 53 57 41 43 37 34 52 45 35 62 48 64 38 11 0 53 33 30 42 58 43 33 14 17 50 34 55 71 53 27 31 46 20 56 29 49 27 41 57 47 33 35 20 59 48 56 32 10 35 60 31 30 50 43 63 20 11 58 46 34 34 60 25 17 76 37 25 47 24 8 53 45 61 26 37 18 52 9 60 51 50 
71 49 72 34 45 67 25 63 83 69 64 54 35 30 31 74 80 95 40 50 71 24 40 92 39 52 43 29 57 96 64 31 57 72 30 54 15 54 33 64 89 25 10 55 70 57 66 94 37 9 33 83 36 41 46 74 58 51 28 86 77 46 41 36 43 72 49 70 86 35 98 50 29 73 88 96 85 77 35 74 51 36 64 53 0 69 82 64 35 15 22 59 58 27 30 47 59 9 29 40 57 73 15 82 20 27 88 34 38 69 24 34 98 95 51 84 60 86 99 64 33 86 46 35 71 63 44 53 81 68 28 57 42 38 85 55 39 37 61 96 36 21 68 17 45 91 51 18 2 37 
77 102 17 67 40 25 83 12 75 89 72 95 42 45 37 88 30 85 30 58 66 45 65 66 83 92 72 52 15 78 58 45 95 90 49 83 73 21 89 49 43 66 70 34 84 13 65 85 87 78 90 26 48 36 26 34 62 24 41 57 74 36 34 74 86 8 54 8 52 49 84 74 44 4 46 77 73 64 58 81 95 36 38 33 69 0 50 14 86 66 57 46 16 51 39 86 103 64 39 62 80 30 78 36 54 43 64 85 41 65 44 46 86 70 88 49 41 29 88 63 60 18 31 59 45 26 89 79 19 66 86 59 28 74 24 59 78 55 31 79 76 66 10 51 25 80 26 82 66 80 
39 89 33 99 80 25 81 61 29 56 38 74 47 52 60 51 22 37 50 37 26 69 51 16 69 73 55 53 60 28 25 50 72 55 80 59 76 38 82 19 15 93 76 28 50 43 30 37 77 87 83 29 46 42 43 15 33 38 60 7 31 76 70 105 71 57 36 58 4 83 35 52 73 51 11 27 25 19 92 42 77 68 18 30 82 50 0 63 78 69 60 23 39 80 64 68 82 83 57 49 53 19 82 16 79 58 14 76 77 27 65 47 37 20 67 3 21 28 39 30 53 60 71 93 10 27 73 55 37 29 82 32 47 106 35 34 64 47 24 29 63 91 39 67 47 32 37 85 80 68 
86 104 30 57 29 37 82 2 86 96 80 98 45 46 34 96 44 97 30 65 76 40 70 79 85 96 76 54 7 90 68 47 99 98 40 88 72 29 89 59 57 57 68 43 92 21 75 97 89 74 90 41 52 40 30 47 70 31 38 70 84 25 25 64 89 10 61 8 65 39 96 79 36 16 59 89 84 75 48 90 98 29 48 42 64 14 63 0 88 65 58 56 25 42 35 90 106 58 38 67 86 43 76 50 47 41 76 86 31 75 40 49 98 83 92 62 51 43 100 73 63 24 21 49 57 37 91 85 33 76 85 67 30 64 38 67 81 59 41 91 78 57 23 48 27 92 33 80 62 83 
51 16 83 69 76 74 10 86 67 41 45 20 44 41 54 48 85 76 57 40 57 52 26 83 9 18 23 34 80 81 54 41 24 46 62 26 20 66 5 59 90 60 25 59 45 73 52 75 2 29 6 91 39 51 60 77 46 63 49 79 60 75 69 71 10 92 42 91 81 68 81 28 59 91 87 82 71 66 70 52 16 63 65 58 35 86 78 88 0 24 30 56 71 60 55 15 24 44 49 29 32 77 20 85 53 46 79 1 69 55 50 40 80 84 20 81 60 93 81 51 27 105 74 70 68 70 11 27 92 54 8 46 58 72 95 44 14 34 66 81 14 56 82 42 61 74 62 19 37 10 
55 40 66 47 52 58 17 63 68 53 48 41 25 21 30 58 71 80 35 35 56 27 24 79 26 39 27 17 57 81 50 22 44 57 38 39 7 47 24 51 79 38 7 45 54 53 51 79 25 17 25 75 24 32 40 64 43 44 26 73 62 51 45 51 30 70 35 69 73 44 83 34 35 70 77 81 71 63 47 58 39 39 53 43 15 66 69 65 24 0 10 46 52 36 31 33 47 22 26 25 42 63 13 72 30 23 74 23 44 54 25 23 83 81 37 72 49 78 84 49 18 84 50 47 59 54 32 37 75 53 20 42 37 52 79 40 24 23 51 81 21 35 63 18 40 76 43 16 16 24 
49 46 56 50 49 48 26 56 61 50 42 42 16 12 24 54 61 73 27 27 48 25 19 70 28 40 24 7 50 73 41 12 45 53 37 37 17 38 31 41 69 42 17 35 50 44 44 72 31 27 32 65 14 22 31 54 36 34 20 63 55 47 41 54 32 62 26 61 64 43 75 30 33 61 67 73 63 55 48 53 42 34 43 33 22 57 60 58 30 10 0 37 43 35 26 34 50 26 20 18 38 53 23 62 30 16 65 28 42 46 22 13 76 72 38 62 39 68 77 42 11 75 45 48 49 44 34 34 65 46 28 34 29 56 69 32 25 14 41 73 22 38 54 16 31 69 34 26 22 26 
30 68 34 79 65 23 58 54 31 43 25 55 25 30 41 41 31 43 33 16 20 49 29 33 48 53 34 30 50 39 12 29 54 44 61 41 53 27 60 5 34 73 53 13 38 35 19 42 55 64 61 38 23 23 28 22 16 25 40 26 28 62 55 85 50 54 13 54 27 66 44 32 55 49 31 39 31 21 74 34 57 51 10 14 59 46 23 56 56 46 37 0 31 61 46 48 64 61 38 26 36 24 59 29 59 37 29 54 60 19 46 25 45 36 48 26 5 39 47 17 30 62 57 75 13 21 52 37 42 20 59 13 31 87 43 14 43 24 15 40 42 71 37 46 32 38 23 62 58 46 
61 87 15 64 41 14 69 23 61 73 55 78 27 30 28 72 25 72 18 41 51 37 49 55 67 76 56 37 20 65 43 30 79 73 44 67 59 5 74 34 38 60 57 18 68 4 50 72 72 66 75 26 32 20 11 24 45 8 30 46 59 37 32 71 70 24 37 23 42 46 71 57 38 20 39 65 59 50 56 65 79 31 23 17 58 16 39 25 71 52 43 31 0 45 31 70 87 55 28 46 64 21 65 30 47 30 52 70 39 50 35 31 73 59 72 39 26 29 75 48 44 34 32 57 32 12 73 63 23 51 71 42 15 71 28 43 62 39 16 66 60 59 11 40 13 67 10 68 55 65 
83 75 60 18 18 58 51 42 91 86 76 77 36 32 20 89 71 103 30 59 78 12 55 94 62 75 60 37 36 101 70 34 80 89 2 72 40 44 59 66 83 15 35 52 85 43 75 103 61 36 59 72 41 38 37 68 67 42 21 86 86 20 17 25 66 51 56 50 84 8 105 66 7 55 83 101 92 82 13 86 75 15 61 50 27 51 80 42 60 36 35 61 45 0 15 69 83 18 23 53 74 65 42 75 6 24 90 58 12 76 15 38 106 97 73 81 60 75 107 72 46 66 21 13 70 55 68 70 67 77 54 65 33 26 72 64 60 47 56 101 57 15 54 19 34 99 43 45 24 60 
69 71 46 34 23 43 48 33 76 74 62 69 21 19 4 77 56 88 14 45 64 6 44 78 55 67 50 26 27 85 55 20 71 77 15 63 37 29 56 50 67 29 33 36 72 30 60 88 56 39 56 57 28 22 21 52 53 26 7 70 72 21 14 41 59 42 42 40 68 20 90 55 9 43 67 85 77 67 28 73 68 8 45 34 30 39 64 35 55 31 26 46 31 15 0 61 76 24 8 42 63 50 41 59 16 11 75 54 16 62 5 25 91 82 64 66 44 60 92 58 36 56 19 29 54 39 61 60 54 62 51 50 17 42 59 50 51 34 40 86 49 28 41 13 18 84 27 45 27 52 
37 20 80 80 83 70 25 88 54 26 33 8 45 44 58 33 79 62 59 32 45 59 21 71 7 6 14 36 82 68 43 43 11 30 71 11 31 65 20 50 82 71 36 55 30 73 40 61 13 43 21 86 38 50 61 71 35 62 54 68 47 82 75 83 5 93 35 92 72 77 67 16 67 90 79 69 58 54 80 38 9 69 59 55 47 86 68 90 15 33 34 48 70 69 61 0 16 55 54 24 18 72 34 78 63 50 67 15 76 43 56 40 66 72 5 72 54 88 66 39 26 104 80 80 60 66 5 14 89 42 24 36 59 85 91 34 9 31 61 68 12 67 80 50 62 60 60 34 48 9 
46 14 96 93 99 86 34 105 63 31 44 8 61 60 74 39 95 70 76 48 57 74 37 82 21 10 31 52 99 77 57 59 10 35 85 22 44 82 27 65 97 84 49 72 37 89 52 69 22 53 27 102 55 67 77 86 49 78 70 81 57 97 91 95 17 110 51 109 85 91 75 31 82 107 93 78 68 66 94 46 8 85 74 71 59 103 82 106 24 47 50 64 87 83 76 16 0 68 70 40 29 88 44 93 77 66 79 25 91 55 72 57 74 82 15 86 69 103 74 52 43 121 96 94 75 82 15 26 105 54 32 51 76 97 107 49 25 48 77 77 28 80 97 65 79 69 77 43 61 24 
76 58 70 25 37 65 34 57 87 76 69 62 35 30 27 80 78 99 37 54 75 18 46 94 47 60 49 32 51 99 67 32 66 79 21 61 24 52 42 66 89 16 19 55 76 54 70 99 46 18 42 81 38 40 44 73 62 49 25 87 82 38 34 28 51 66 52 65 87 26 102 56 22 68 88 99 89 81 26 79 60 29 64 53 9 64 83 58 44 22 26 61 55 18 24 55 68 0 27 45 64 72 24 81 12 25 90 43 30 73 20 35 102 97 59 85 61 84 104 68 38 81 39 26 72 61 53 59 78 72 37 60 40 30 83 59 47 41 60 100 44 12 65 15 42 95 49 27 7 46 
61 66 43 41 31 38 44 36 68 66 54 62 13 11 5 68 51 80 10 37 55 11 36 71 48 60 42 18 30 77 47 12 64 68 23 55 34 25 51 43 62 35 31 29 64 28 52 79 51 38 51 54 19 15 17 47 45 22 2 63 63 29 22 48 52 44 34 42 61 28 81 47 17 44 61 77 69 59 36 64 62 16 38 27 29 39 57 38 49 26 20 38 28 23 8 54 70 27 0 34 55 45 38 54 21 3 67 48 24 53 8 16 82 74 57 59 37 57 84 50 28 57 26 36 47 34 54 52 51 54 47 42 13 49 56 41 44 26 34 78 42 34 39 12 15 75 22 42 27 46 
31 42 56 69 65 46 32 65 43 32 24 32 22 23 39 35 56 55 37 12 31 42 2 55 21 30 9 16 60 56 26 22 32 35 55 21 29 41 33 30 61 61 31 32 31 49 26 54 28 42 34 62 15 27 37 48 19 38 35 51 37 63 56 73 25 69 13 68 53 60 58 13 50 66 58 57 46 39 66 34 33 50 36 31 40 62 49 67 29 25 18 26 46 53 42 24 40 45 34 0 21 49 35 56 49 31 51 27 58 29 38 18 58 57 25 52 31 65 59 25 7 80 60 66 39 42 27 18 65 29 33 18 37 75 68 16 16 8 38 57 15 57 56 34 39 51 36 37 40 20 
19 38 71 89 86 60 41 84 36 11 15 21 43 44 60 16 67 44 57 22 28 63 19 54 23 20 14 37 79 50 28 43 18 15 75 7 43 59 38 37 68 80 47 47 12 67 23 43 31 56 39 75 36 46 56 58 21 56 56 52 29 84 77 93 22 88 26 87 56 81 48 8 71 84 64 51 40 37 86 19 25 71 47 46 57 80 53 86 32 42 38 36 64 74 63 18 29 64 55 21 0 60 48 65 69 52 50 32 79 26 59 39 48 54 15 57 42 76 48 23 27 97 81 87 47 57 23 5 79 25 40 23 56 94 80 22 20 29 51 50 21 76 72 55 59 42 54 49 58 23 
51 91 14 84 63 7 78 41 46 67 48 79 38 43 46 63 7 56 36 39 39 55 51 36 71 77 57 46 40 47 33 42 78 66 64 65 71 21 81 23 17 80 70 18 61 24 40 56 77 80 82 14 40 32 28 4 39 23 47 27 46 58 53 91 74 38 36 38 22 67 54 56 58 31 17 47 44 35 77 55 81 51 13 20 73 30 19 43 77 63 53 24 21 65 50 72 88 72 45 49 60 0 76 9 66 46 33 76 60 39 52 40 56 40 72 19 18 15 58 39 50 41 53 77 16 10 76 61 19 40 80 37 32 92 20 38 65 44 12 48 64 78 19 56 31 51 22 80 71 69 
64 34 79 49 59 71 10 75 78 58 57 40 39 34 41 65 84 89 48 46 66 37 34 90 26 39 34 30 68 91 61 35 44 62 44 43 6 61 18 63 92 40 7 58 60 66 61 88 22 8 18 88 37 45 53 77 54 57 37 85 72 60 55 50 29 83 46 81 86 50 93 41 43 83 90 92 81 74 50 66 37 49 66 56 15 78 82 76 20 13 23 59 65 42 41 34 44 24 38 35 48 76 0 85 35 35 86 19 52 64 36 36 93 92 39 85 62 91 94 60 29 96 60 50 72 67 31 43 88 64 13 53 50 52 92 51 28 35 64 92 26 36 76 28 53 86 56 3 17 25 
53 97 19 93 72 16 86 48 45 70 51 85 47 52 55 66 6 53 45 45 41 65 58 31 77 83 63 55 48 44 36 51 83 69 74 70 79 30 89 27 8 89 79 27 64 33 43 53 84 89 90 13 48 41 38 8 44 32 56 23 46 67 62 100 80 43 42 44 17 77 51 62 68 36 9 43 42 34 86 57 87 61 19 29 82 36 16 50 85 72 62 29 30 75 59 78 93 81 54 56 65 9 85 0 75 55 30 83 69 41 62 49 53 35 77 14 24 12 55 42 57 44 62 87 18 19 82 66 21 42 87 42 42 101 19 43 72 51 21 45 71 88 26 65 41 48 32 88 80 76 
79 68 62 20 25 59 44 46 88 81 72 71 33 29 19 85 72 100 30 56 75 10 50 93 56 69 55 33 40 99 67 31 74 84 9 67 33 45 52 64 83 13 28 51 80 46 72 100 55 30 52 73 38 36 37 68 64 43 19 85 83 26 22 26 60 56 53 54 83 14 102 61 10 58 83 99 89 80 17 82 69 18 60 49 20 54 79 47 53 30 30 59 47 6 16 63 77 12 21 49 69 66 35 75 0 22 89 52 18 73 13 35 103 96 67 81 59 76 104 69 42 70 27 17 69 55 62 65 70 74 47 62 33 27 75 60 54 43 55 99 51 12 57 14 34 96 43 38 17 54 
59 62 45 42 34 40 41 40 67 63 52 59 12 8 8 66 53 79 13 35 54 12 33 71 44 57 39 15 34 77 46 9 61 66 25 52 30 27 47 42 63 35 27 30 61 31 50 78 47 35 48 56 17 15 19 48 43 24 4 63 62 32 25 48 49 47 32 46 62 30 80 44 19 47 62 77 68 58 37 62 58 19 39 27 27 43 58 41 46 23 16 37 30 24 11 50 66 25 3 31 52 46 35 55 22 0 67 44 27 52 8 14 81 74 53 60 37 59 83 48 25 61 29 38 47 36 51 49 54 52 43 40 15 49 58 39 41 23 35 77 38 33 41 10 18 74 24 39 25 42 
33 87 47 109 92 39 83 75 18 50 34 72 55 60 70 44 36 23 61 39 22 78 53 4 70 70 56 59 73 14 25 58 68 48 90 57 80 50 84 24 27 103 82 38 43 56 27 24 78 92 85 43 52 52 55 29 33 50 69 7 23 88 82 115 71 72 39 72 13 94 21 51 84 65 22 13 14 13 103 34 75 79 30 41 88 64 14 76 79 74 65 29 52 90 75 67 79 90 67 51 50 33 86 30 89 67 0 78 88 24 75 55 23 7 65 16 30 42 25 28 57 74 84 104 20 40 72 53 51 25 84 33 58 116 49 35 65 51 36 15 65 100 53 76 59 19 49 89 87 69 
50 17 82 68 75 72 10 85 66 41 45 20 43 40 52 48 84 76 56 39 56 50 25 82 8 19 22 33 78 80 53 40 25 45 61 26 19 65 6 58 89 59 24 58 44 72 51 75 3 28 7 89 38 49 59 75 45 61 48 78 59 74 68 70 10 91 41 90 80 67 80 27 58 89 86 81 70 65 69 52 17 62 63 57 34 85 76 86 1 23 28 54 70 58 54 15 25 43 48 27 32 76 19 83 52 44 78 0 68 54 48 39 80 83 20 80 59 92 80 50 26 103 73 69 67 68 11 27 91 53 8 45 57 72 94 43 13 32 64 80 13 55 81 41 60 73 60 19 36 9 
85 85 52 26 7 53 61 31 91 90 78 84 37 35 19 93 64 103 27 61 79 17 60 92 70 82 66 42 26 100 71 36 87 93 9 79 50 39 69 65 77 25 45 49 89 36 76 103 70 48 69 64 44 37 33 63 69 38 23 83 87 7 7 33 74 41 58 39 80 8 104 71 9 45 78 100 92 82 17 89 83 9 58 47 38 41 77 31 69 44 42 60 39 12 16 76 91 30 24 58 79 60 52 69 18 27 88 68 0 77 20 41 106 95 80 77 58 67 107 74 52 55 10 18 67 50 76 76 59 78 64 66 29 33 64 66 67 50 52 101 64 26 46 26 29 99 39 56 35 67 
12 63 52 94 83 41 60 73 14 29 11 48 40 44 58 24 45 26 51 18 2 64 30 28 46 46 32 41 69 27 7 42 45 27 77 33 59 46 60 16 43 87 61 32 22 54 3 26 54 71 61 52 35 40 47 36 10 44 55 26 9 80 73 99 47 73 20 73 30 82 29 27 71 67 39 27 17 11 89 16 51 68 27 33 69 65 27 75 55 54 46 19 50 76 62 43 55 73 53 29 26 39 64 41 73 52 24 54 77 0 61 38 29 29 41 31 24 53 31 4 35 79 75 90 23 39 48 29 58 1 61 12 49 101 59 13 41 32 34 27 41 84 55 59 50 22 42 66 68 45 
67 66 50 33 27 46 43 39 75 71 60 64 20 17 7 74 59 87 17 43 63 3 40 79 50 62 46 22 33 85 54 18 67 74 16 59 32 32 50 50 70 27 28 37 69 34 59 87 51 34 51 61 25 23 24 55 51 29 5 71 70 25 19 40 54 47 40 46 69 22 89 51 11 49 69 85 76 67 28 71 63 13 47 35 24 44 65 40 50 25 22 46 35 15 5 56 72 20 8 38 59 52 36 62 13 8 75 48 20 61 0 22 90 82 60 67 45 64 91 57 32 62 24 29 55 42 56 56 58 61 46 49 20 41 63 48 47 31 42 86 44 26 45 7 22 83 30 39 21 48 
44 55 43 56 47 35 38 47 53 50 37 49 4 5 21 52 47 65 18 21 40 26 20 59 36 46 27 6 42 63 32 4 50 52 39 39 30 26 43 30 56 48 30 22 47 33 36 64 41 40 44 52 3 10 20 41 29 22 18 52 48 45 38 61 40 53 18 51 51 44 67 31 33 50 54 64 54 45 51 48 49 32 30 20 34 46 47 49 40 23 13 25 31 38 25 40 57 35 16 18 39 40 36 49 35 14 55 39 41 38 22 0 67 61 43 50 26 55 69 34 13 65 42 52 37 31 42 36 52 38 40 26 19 62 56 25 31 10 28 64 29 46 42 21 21 60 21 39 32 34 
29 85 70 123 111 61 87 96 14 43 35 68 69 73 86 35 59 4 78 48 27 93 59 22 71 67 59 70 93 9 35 72 64 39 106 55 87 70 86 40 50 116 90 57 37 77 32 5 79 100 86 66 65 68 73 52 39 69 84 30 21 107 100 129 71 94 50 94 36 111 2 52 100 87 45 10 13 23 119 28 72 96 49 59 98 86 37 98 80 83 76 45 73 106 91 66 74 102 82 58 48 56 93 53 103 81 23 80 106 29 90 67 0 19 62 39 48 65 2 34 65 97 102 119 41 61 71 52 74 29 87 41 76 130 72 43 67 61 56 8 68 113 75 89 77 7 68 94 98 70 
36 92 53 116 99 46 89 81 19 53 39 75 62 67 77 46 41 21 68 45 27 85 59 4 75 74 61 66 80 9 31 65 72 50 97 61 86 57 89 31 31 110 88 46 46 63 32 21 83 99 90 48 59 59 62 36 38 57 76 13 25 95 89 122 76 78 46 78 18 101 17 56 91 71 27 8 15 18 110 37 79 86 37 48 95 70 20 83 84 81 72 36 59 97 82 72 82 97 74 57 54 40 92 35 96 74 7 83 95 29 82 61 19 0 69 21 37 47 21 33 63 79 91 111 27 47 77 58 56 30 89 39 65 123 54 41 70 58 43 10 70 107 60 82 66 17 56 95 94 74 
34 23 81 85 87 70 30 90 51 21 30 7 47 46 62 29 79 58 62 32 42 63 22 69 12 5 16 39 85 65 42 46 7 25 75 8 36 67 25 50 81 76 41 56 25 74 38 57 18 48 26 86 40 52 63 70 34 63 57 67 44 85 79 88 9 95 36 94 70 81 63 15 71 92 78 66 55 52 84 34 10 72 59 56 51 88 67 92 20 37 38 48 72 73 64 5 15 59 57 25 15 72 39 77 67 53 65 20 80 41 60 43 62 69 0 71 54 88 63 37 29 106 83 84 60 67 9 11 89 40 29 35 62 90 92 34 13 33 62 65 16 72 82 54 64 57 62 39 53 13 
43 92 32 100 81 25 84 60 32 60 42 78 49 54 61 55 20 39 51 40 30 70 54 17 73 76 58 55 59 30 28 53 76 58 81 63 79 38 85 22 12 95 79 29 53 43 33 39 80 89 86 27 48 44 45 15 36 39 61 9 35 77 71 107 75 56 39 57 3 84 37 55 74 50 7 29 28 22 93 46 81 69 20 32 84 49 3 62 81 72 62 26 39 81 66 72 86 85 59 52 57 19 85 14 81 60 16 80 77 31 67 50 39 21 71 0 23 26 41 33 56 58 72 94 13 27 76 59 35 32 85 35 48 108 33 37 67 50 25 31 67 93 39 69 48 34 38 88 82 71 
35 73 29 79 62 17 61 49 35 49 31 61 26 31 40 47 25 46 31 21 25 48 34 34 53 59 39 32 46 41 17 29 60 49 60 47 56 22 64 8 30 72 56 8 44 30 24 46 60 66 65 32 25 22 25 17 21 21 39 26 33 59 52 85 55 49 18 49 25 64 46 38 53 43 28 41 34 24 72 39 63 49 5 10 60 41 21 51 60 49 39 5 26 60 44 54 69 61 37 31 42 18 62 24 59 37 30 59 58 24 45 26 48 37 54 23 0 34 50 22 33 56 54 73 10 15 57 43 36 25 63 19 28 86 38 20 47 27 10 42 46 70 32 46 29 41 19 65 59 51 
66 107 14 93 68 19 93 42 57 82 63 95 52 56 57 78 8 65 47 55 53 66 67 43 86 93 73 61 44 56 48 56 94 81 73 81 85 32 97 38 16 90 84 33 76 31 55 66 93 93 98 3 55 45 40 17 55 35 59 35 59 64 60 100 89 35 52 36 29 75 63 72 67 28 20 55 54 47 85 69 97 60 29 35 86 29 28 43 93 78 68 39 29 75 60 88 103 84 57 65 76 15 91 12 76 59 42 92 67 53 64 55 65 47 88 26 34 0 67 54 65 32 59 86 30 23 91 77 10 54 95 53 44 100 7 54 81 59 27 57 80 89 21 69 42 61 35 94 84 85 
30 85 72 125 112 63 88 98 16 43 36 68 71 75 88 35 61 4 80 49 29 95 60 24 71 67 59 72 95 11 37 73 64 39 108 55 88 72 86 42 51 118 91 59 37 79 33 5 79 101 87 68 66 70 75 54 41 71 86 32 22 109 102 130 71 96 51 96 38 112 4 53 101 89 47 12 15 25 120 28 72 98 51 60 99 88 39 100 81 84 77 47 75 107 92 66 74 104 84 59 48 58 94 55 104 83 25 80 107 31 91 69 2 21 63 41 50 67 0 35 66 99 104 121 43 63 72 53 76 31 88 43 78 132 74 44 67 63 58 10 68 115 77 90 79 8 69 95 99 71 
13 60 51 90 80 40 56 71 19 27 9 44 36 40 54 24 45 31 48 14 6 60 26 32 42 43 28 36 67 31 5 38 42 27 73 30 54 44 56 15 45 82 56 30 21 52 2 30 50 67 57 53 31 37 44 36 5 42 51 29 13 76 69 95 43 71 16 71 33 78 33 23 67 66 41 32 21 15 85 17 48 65 26 31 64 63 30 73 51 49 42 17 48 72 58 39 52 68 50 25 23 39 60 42 69 48 28 50 74 4 57 34 34 33 37 33 22 54 35 0 31 79 72 86 24 38 44 26 58 4 56 7 46 97 59 9 37 27 32 32 37 79 54 55 47 27 40 62 64 41 
38 42 56 62 59 46 28 61 50 39 31 35 18 17 33 42 57 62 32 17 38 35 8 61 22 33 14 10 55 63 31 16 36 42 48 27 23 39 31 34 63 53 25 32 38 46 33 61 28 35 32 63 12 24 34 50 25 36 29 55 44 57 50 66 26 66 17 65 57 54 64 19 43 64 61 63 52 45 59 41 35 44 38 30 33 60 53 63 27 18 11 30 44 46 36 26 43 38 28 7 27 50 29 57 42 25 57 26 52 35 32 13 65 63 29 56 33 65 66 31 0 78 54 59 43 42 28 24 64 35 29 24 33 68 68 22 18 6 38 63 15 50 55 27 35 58 34 32 33 20 
92 120 27 81 53 38 101 24 87 105 87 113 60 63 55 103 38 97 48 75 80 62 83 75 101 110 90 70 30 88 73 63 113 106 64 101 91 39 107 63 49 81 89 50 100 31 80 97 106 96 108 31 66 54 44 45 78 42 59 67 87 49 48 88 104 14 71 16 61 63 95 91 60 14 52 87 85 76 72 95 113 52 52 50 86 18 60 24 105 84 75 62 34 66 56 104 121 81 57 80 97 41 96 44 70 61 74 103 55 79 62 65 97 79 106 58 56 32 99 79 78 0 45 73 57 40 107 96 23 81 104 75 46 88 25 76 96 73 46 89 94 81 24 69 44 92 44 100 84 99 
84 90 44 36 9 46 67 21 89 92 78 88 38 37 21 93 57 101 24 61 77 23 62 87 74 86 68 44 16 96 68 38 90 94 19 81 56 33 75 62 70 35 52 45 89 29 75 100 76 56 75 56 45 35 29 57 68 33 25 78 85 5 5 43 78 31 57 29 75 18 101 73 17 35 71 96 89 79 27 88 87 11 54 43 46 31 71 21 74 50 45 57 32 21 19 80 96 39 26 60 81 53 60 62 27 29 84 73 10 75 24 42 102 91 83 72 54 59 104 72 54 45 0 28 63 44 80 78 50 76 70 65 26 43 55 65 71 52 47 97 68 37 38 32 25 96 34 63 43 72 
96 84 71 8 20 70 60 49 105 98 89 88 50 46 33 102 82 117 42 73 92 25 68 107 73 86 72 50 44 114 84 47 91 102 13 85 50 56 68 79 95 12 45 65 98 54 88 116 72 43 68 82 55 51 49 80 81 54 34 99 100 24 25 15 77 59 70 57 97 10 118 79 19 63 95 114 105 96 1 100 86 25 74 63 35 59 93 49 70 47 48 75 57 13 29 80 94 26 36 66 87 77 50 87 17 38 104 69 18 90 29 52 119 111 84 94 73 86 121 86 59 73 28 0 83 67 79 83 77 90 63 78 45 15 82 77 71 60 68 115 68 15 64 32 46 112 56 53 33 71 
35 80 30 89 72 20 71 55 30 51 33 67 36 41 50 48 21 40 41 28 23 59 42 24 61 65 46 42 52 33 18 40 65 51 70 52 66 30 73 9 21 83 66 18 45 36 25 40 68 76 74 29 35 32 34 13 25 30 49 15 30 68 61 95 63 53 26 53 14 74 39 44 63 47 18 33 28 19 82 39 69 58 9 20 71 45 10 57 68 59 49 13 32 70 54 60 75 72 47 39 47 16 72 18 69 47 20 67 67 23 55 37 41 27 60 13 10 30 43 24 43 57 63 83 0 19 65 48 35 24 72 24 38 96 35 25 55 37 16 34 54 81 35 57 38 35 28 75 70 59 
51 84 14 74 53 4 69 35 49 64 46 74 28 33 36 62 17 60 25 35 40 45 45 43 64 72 51 37 33 53 32 32 73 65 54 61 61 11 73 23 27 69 60 10 59 16 40 60 70 70 74 21 31 22 18 13 37 13 36 34 48 49 43 80 67 34 31 34 30 57 59 51 48 28 27 52 47 38 66 55 75 41 12 11 63 26 27 37 70 54 44 21 12 55 39 66 82 61 34 42 57 10 67 19 55 36 40 68 50 39 42 31 61 47 67 27 15 23 63 38 42 40 44 67 19 0 69 57 22 40 71 34 22 81 25 35 59 36 5 54 57 68 16 46 21 55 12 71 61 62 
42 15 83 78 83 73 21 90 59 30 38 9 46 45 59 38 83 67 60 36 50 59 24 76 6 7 18 37 84 73 48 44 13 35 70 16 29 68 16 55 86 69 34 59 35 75 45 66 9 40 17 89 40 52 63 74 40 64 55 73 52 82 75 81 2 95 39 94 76 76 72 21 66 93 83 74 63 59 79 43 7 69 62 58 44 89 73 91 11 32 34 52 73 68 61 5 15 53 54 27 23 76 31 82 62 51 72 11 76 48 56 42 71 77 9 76 57 91 72 44 28 107 80 79 65 69 0 19 92 47 20 41 61 83 95 39 10 33 65 73 13 65 83 49 64 65 63 30 46 8 
23 34 71 84 83 60 36 83 40 16 19 18 40 41 57 21 68 49 55 22 31 59 16 57 18 17 10 34 77 54 30 40 17 20 72 4 39 58 33 38 70 76 43 46 17 66 26 48 26 51 34 75 33 44 55 59 22 55 53 55 33 81 74 88 18 86 25 86 59 78 53 5 67 83 66 55 44 40 82 24 21 68 48 46 53 79 55 85 27 37 34 37 63 70 60 14 26 59 52 18 5 61 43 66 65 49 53 27 76 29 56 36 52 58 11 59 43 77 53 26 24 96 78 83 48 57 19 0 79 28 35 24 54 90 81 22 15 26 51 54 16 72 72 51 57 46 53 44 53 18 
71 107 8 85 59 19 91 32 65 86 67 96 49 53 51 83 15 74 41 57 58 60 68 52 87 94 74 59 34 65 52 52 96 85 65 83 82 27 95 42 26 82 80 33 80 24 59 74 92 89 96 8 53 42 34 22 58 30 53 44 65 55 51 92 90 24 53 26 38 67 72 74 60 17 29 64 62 54 76 74 98 52 31 34 81 19 37 33 92 75 65 42 23 67 54 89 105 78 51 65 79 19 88 21 70 54 51 91 59 58 58 52 74 56 89 35 36 10 76 58 64 23 50 77 35 22 92 79 0 60 93 56 38 92 5 57 81 58 27 66 80 82 13 63 36 69 31 91 79 85 
11 62 53 94 83 42 59 74 15 27 9 46 40 44 58 23 46 26 51 18 3 64 30 29 45 45 31 41 70 27 8 43 44 26 77 32 58 47 59 17 44 87 60 33 21 55 2 26 53 71 60 54 35 40 48 37 10 45 56 27 9 80 73 99 46 74 20 74 31 82 29 26 71 69 40 28 17 12 90 14 50 68 28 34 68 66 29 76 54 53 46 20 51 77 62 42 54 72 54 29 25 40 64 42 74 52 25 53 78 1 61 38 29 30 40 32 25 54 31 4 35 81 76 90 24 40 47 28 60 0 60 12 50 101 60 13 40 31 35 28 40 84 57 59 51 22 43 66 68 44 
58 21 84 62 71 75 3 84 74 49 52 28 44 40 51 56 87 83 55 45 63 47 31 88 17 27 28 34 77 87 59 41 33 54 56 34 14 66 5 63 93 53 18 61 53 73 58 83 10 21 5 92 40 51 60 79 51 63 46 84 67 71 65 63 19 91 46 89 86 62 87 35 55 90 91 88 77 71 63 59 25 59 67 60 28 86 82 85 8 20 28 59 71 54 51 24 32 37 47 33 40 80 13 87 47 43 84 8 64 61 46 40 87 89 29 85 63 95 88 56 29 104 70 63 72 71 20 35 93 60 0 51 57 65 97 49 20 36 68 88 19 49 82 38 60 81 62 11 30 17 
19 56 48 82 72 37 50 65 26 30 13 43 29 32 47 29 44 38 41 6 14 53 20 37 37 41 23 29 61 38 8 31 41 31 65 28 47 38 51 14 46 75 49 25 25 46 10 38 45 60 52 51 23 29 38 35 3 36 44 33 21 69 62 87 39 66 8 66 35 71 41 20 59 62 42 39 28 21 78 23 45 57 24 25 57 59 32 67 46 42 34 13 42 65 50 36 51 60 42 18 23 37 53 42 62 40 33 45 66 12 49 26 41 39 35 35 19 53 43 7 24 75 65 78 24 34 41 24 56 12 51 0 39 89 57 2 32 20 29 39 32 72 50 47 41 34 34 55 56 36 
58 74 30 51 34 25 55 28 62 67 52 68 14 16 13 68 38 74 3 36 50 22 39 62 55 66 46 24 23 70 42 17 69 69 32 58 45 12 60 35 50 47 42 19 64 15 48 74 59 51 61 41 21 10 4 35 42 9 15 53 59 30 24 58 59 34 32 32 51 36 75 49 26 32 50 70 62 52 45 62 68 20 29 17 42 28 47 30 58 37 29 31 15 33 17 59 76 40 13 37 56 32 50 42 33 15 58 57 29 49 20 19 76 65 62 48 28 44 78 46 33 46 26 45 38 22 61 54 38 50 57 39 0 59 43 39 51 28 23 71 48 45 26 25 2 69 10 54 40 53 
106 86 86 7 35 85 62 64 116 106 99 92 61 57 46 111 97 128 56 83 103 37 76 120 77 90 80 60 59 126 95 58 96 110 27 91 53 70 70 92 109 14 48 78 106 69 99 127 75 44 70 97 65 64 63 94 91 68 47 112 110 39 40 2 81 74 80 72 110 25 130 86 33 78 109 126 117 108 16 109 89 40 87 76 38 74 106 64 72 52 56 87 71 26 42 85 97 30 49 75 94 92 52 101 27 49 116 72 33 101 41 62 130 123 90 108 86 100 132 97 68 88 43 15 96 81 83 90 92 101 65 89 59 0 97 88 77 70 82 127 74 17 79 41 60 123 69 54 37 76 
71 110 13 90 65 21 94 37 64 87 68 99 53 57 56 83 13 72 46 59 59 65 70 50 89 97 76 62 39 63 53 56 98 86 71 85 86 31 99 43 23 87 85 36 81 29 60 72 96 94 100 6 56 46 39 22 59 34 58 42 65 60 57 97 93 29 55 31 36 72 70 76 65 22 27 62 61 53 82 75 100 57 33 37 85 24 35 38 95 79 69 43 28 72 59 91 107 83 56 68 80 20 92 19 75 58 49 94 64 59 63 56 72 54 92 33 38 7 74 59 68 25 55 82 35 25 95 81 5 60 97 57 43 97 0 58 84 61 30 64 82 87 18 68 41 67 35 95 83 87 
19 55 49 81 72 38 48 65 28 29 13 41 28 31 46 29 46 40 40 5 15 51 18 39 35 39 21 27 61 40 10 30 39 30 64 27 45 38 49 16 47 73 47 25 25 47 11 39 43 58 50 53 22 29 38 36 3 36 43 35 22 69 62 86 37 67 7 66 37 70 42 18 59 62 44 41 30 23 77 23 43 56 25 25 55 59 34 67 44 40 32 14 43 64 50 34 49 59 41 16 22 38 51 43 60 39 35 43 66 13 48 25 43 41 34 37 20 54 44 9 22 76 65 77 25 35 39 22 57 13 49 2 39 88 58 0 30 18 30 41 30 70 51 46 41 36 34 53 55 34 
37 25 73 72 74 63 21 79 53 30 32 17 36 34 49 36 73 63 50 27 43 50 13 69 5 15 9 27 73 67 40 34 20 34 62 15 24 57 19 45 77 63 29 48 32 64 38 62 13 37 20 79 30 42 52 64 32 53 45 65 46 73 66 75 8 84 29 83 68 68 67 14 58 82 74 68 57 52 71 39 17 60 52 47 39 78 64 81 14 24 25 43 62 60 51 9 25 47 44 16 20 65 28 72 54 41 65 13 67 41 47 31 67 70 13 67 47 81 67 37 18 96 71 71 55 59 10 15 81 40 20 32 51 77 84 30 0 23 54 67 3 59 72 41 53 60 52 29 40 4 
36 48 50 63 57 40 34 57 46 40 29 39 14 15 31 42 51 58 28 13 34 35 10 55 28 37 17 9 51 58 27 14 40 42 48 29 29 34 37 28 57 55 30 25 38 41 29 58 34 40 38 57 7 19 29 43 21 30 27 50 41 55 48 68 31 61 12 60 51 53 61 21 42 59 55 59 48 40 59 39 40 42 31 24 37 55 47 59 34 23 14 24 39 47 34 31 48 41 26 8 29 44 35 51 43 23 51 32 50 32 31 10 61 58 33 50 27 59 63 27 6 73 52 60 37 36 33 26 58 31 36 20 28 70 61 18 23 0 32 59 21 52 49 28 31 54 29 38 36 26 
46 80 19 74 56 8 66 39 44 59 41 69 26 31 36 57 19 55 26 29 35 45 40 40 59 67 46 34 37 49 27 30 68 59 55 56 58 13 69 18 28 69 58 6 54 20 34 55 66 68 70 25 27 20 19 13 31 14 36 31 43 52 46 81 63 39 26 39 28 59 55 46 49 33 27 49 43 33 68 50 70 43 7 8 61 31 24 41 66 51 41 15 16 56 40 61 77 60 34 38 51 12 64 21 55 35 36 64 52 34 42 28 56 43 62 25 10 27 58 32 38 46 47 68 16 5 65 51 27 35 68 29 23 82 30 30 54 32 0 50 53 68 21 45 22 50 12 68 59 57 
31 88 62 120 105 54 87 89 14 46 35 71 65 70 82 39 51 10 73 46 25 89 58 14 72 70 59 68 87 1 32 68 67 43 102 57 86 64 86 35 41 113 89 51 40 70 30 11 80 99 87 58 61 63 68 44 38 64 80 22 21 101 95 125 72 86 47 87 28 106 6 53 95 80 37 2 10 19 114 31 75 91 43 53 96 79 29 91 81 81 73 40 66 101 86 68 77 100 78 57 50 48 92 45 99 77 15 80 101 27 86 64 8 10 65 31 42 57 10 32 63 89 97 115 34 54 73 54 66 28 88 39 71 127 64 41 67 59 50 0 68 110 68 85 71 8 62 94 95 71 
38 27 71 69 71 61 19 77 54 32 32 20 33 32 46 38 72 64 47 26 43 47 12 69 7 18 9 24 71 68 40 31 23 36 59 17 22 55 19 45 76 60 26 46 34 62 38 63 13 34 20 78 27 39 50 63 32 51 42 65 47 70 63 72 10 82 28 81 67 65 68 15 55 80 73 68 57 52 68 40 20 57 51 45 36 76 63 78 14 21 22 42 60 57 49 12 28 44 42 15 21 64 26 71 51 38 65 13 64 41 44 29 68 70 16 67 46 80 68 37 15 94 68 68 54 57 13 16 80 40 19 32 48 74 82 30 3 21 53 68 0 56 70 38 51 61 50 27 37 5 
88 70 74 13 31 71 46 57 98 88 81 75 45 40 32 93 84 111 42 65 86 23 58 104 60 73 62 43 51 109 78 42 78 92 17 74 36 57 54 76 96 4 31 63 88 58 82 110 58 28 54 86 48 48 50 80 74 55 31 96 93 34 32 16 64 67 63 65 95 20 113 68 22 70 95 110 100 91 16 91 72 30 72 61 21 66 91 57 56 35 38 71 59 15 28 67 80 12 34 57 76 78 36 88 12 33 100 55 26 84 26 46 113 107 72 93 70 89 115 79 50 81 37 15 81 68 65 72 82 84 49 72 45 17 87 70 59 52 68 110 56 0 69 24 47 106 55 38 19 58 
67 97 7 72 47 15 80 22 65 81 63 88 38 42 38 79 20 75 28 50 56 47 59 55 77 86 66 48 22 67 49 41 88 81 52 76 71 15 85 39 34 69 69 25 76 11 56 75 83 77 86 18 43 31 22 24 53 19 40 47 64 42 39 79 81 18 46 18 42 54 74 67 47 12 36 66 63 54 63 71 89 39 28 26 68 10 39 23 82 63 54 37 11 54 41 80 97 65 39 56 72 19 76 26 57 41 53 81 46 55 45 42 75 60 82 39 32 21 77 54 55 24 38 64 35 16 83 72 13 57 82 50 26 79 18 51 72 49 21 68 70 69 0 51 23 70 20 80 66 75 
64 58 55 35 33 50 35 47 74 66 57 58 20 15 13 70 63 86 22 41 61 9 35 79 43 56 40 18 40 85 53 17 61 69 21 53 24 37 42 51 73 27 20 39 65 40 57 85 44 26 43 66 24 25 29 58 49 34 10 72 68 33 27 40 47 55 38 53 71 27 88 46 17 55 72 85 75 66 31 68 56 21 49 37 17 51 67 48 42 18 16 46 40 19 13 50 65 15 12 34 55 56 28 65 14 10 76 41 26 59 7 21 89 82 54 69 46 69 90 55 27 69 32 32 57 46 49 51 63 59 38 47 25 41 68 46 41 28 45 85 38 24 51 0 27 82 34 31 15 41 
60 77 28 52 33 24 57 26 63 69 54 71 17 19 15 70 37 75 5 38 52 24 42 62 58 68 48 27 20 71 43 19 72 71 33 61 48 10 63 36 49 48 45 20 66 13 50 75 62 53 64 39 24 12 3 34 44 8 17 53 60 30 23 59 62 31 34 30 51 36 76 51 26 30 49 70 63 53 45 64 71 20 29 18 45 25 47 27 61 40 31 32 13 34 18 62 79 42 15 39 59 31 53 41 34 18 59 60 29 50 22 21 77 66 64 48 29 42 79 47 35 44 25 46 38 21 64 57 36 51 60 41 2 60 41 41 53 31 22 71 51 47 23 27 0 70 9 56 42 56 
23 80 65 116 104 55 81 90 7 38 28 63 62 66 79 30 54 5 72 41 20 86 52 20 65 62 52 63 87 8 28 65 59 34 99 49 81 64 79 34 46 109 83 50 32 71 25 5 73 93 80 61 58 61 67 47 32 63 77 25 14 100 93 122 65 88 43 88 32 104 6 46 93 82 42 10 7 17 112 23 67 89 43 52 91 80 32 92 74 76 69 38 67 99 84 60 69 95 75 51 42 51 86 48 96 74 19 73 99 22 83 60 7 17 57 34 41 61 8 27 58 92 96 112 35 55 65 46 69 22 81 34 69 123 67 36 60 54 50 8 61 106 70 82 70 0 61 88 91 64 
53 77 22 62 43 16 59 31 54 63 47 68 17 22 23 63 29 66 13 32 43 32 39 52 57 66 46 27 27 61 35 21 69 64 42 57 51 5 64 27 40 57 49 10 59 13 42 66 62 58 65 32 22 11 6 25 37 2 24 43 51 39 33 68 60 33 28 32 41 46 66 47 36 30 39 61 54 44 55 57 69 30 19 9 51 26 37 33 62 43 34 23 10 43 27 60 77 49 22 36 54 22 56 32 43 24 49 60 39 42 30 21 68 56 62 38 19 35 69 40 34 44 34 56 28 12 63 53 31 43 62 34 10 69 35 34 52 29 12 62 50 55 20 34 9 61 0 60 49 55 
65 32 82 51 63 75 8 78 80 59 59 39 42 38 45 65 87 91 51 49 68 40 36 93 27 38 35 33 72 93 63 38 44 63 47 43 9 64 16 66 95 42 11 61 61 69 63 90 21 10 16 92 40 49 57 80 56 61 41 87 73 63 58 52 29 86 49 85 89 53 94 42 46 86 93 94 83 76 53 67 36 52 69 60 18 82 85 80 19 16 26 62 68 45 45 34 43 27 42 37 49 80 3 88 38 39 89 19 56 66 39 39 94 95 39 88 65 94 95 62 32 100 63 53 75 71 30 44 91 66 11 55 54 54 95 53 29 38 68 94 27 38 80 31 56 88 60 0 20 26 
71 51 70 32 42 65 27 61 83 69 64 55 33 28 28 74 78 95 37 50 70 21 40 91 41 53 43 28 54 95 63 29 59 73 27 55 17 52 35 63 87 23 12 53 70 55 66 94 39 12 35 81 34 39 44 72 58 49 25 84 77 43 38 35 44 69 48 68 84 32 97 50 26 70 86 95 85 77 33 74 53 33 62 51 2 66 80 62 37 16 22 58 55 24 27 48 61 7 27 40 58 71 17 80 17 25 87 36 35 68 21 32 98 94 53 82 59 84 99 64 33 84 43 33 70 61 46 53 79 68 30 56 40 37 83 55 40 36 59 95 37 19 66 15 42 91 49 20 0 39 
41 22 76 71 75 66 17 81 57 33 35 17 38 36 50 40 76 67 52 31 47 50 17 73 2 15 13 29 75 71 44 36 20 37 62 17 22 60 15 49 81 62 27 51 36 67 42 66 9 34 16 83 32 44 54 68 36 56 46 69 50 73 67 74 6 87 33 86 72 68 71 18 58 85 78 72 61 56 71 42 15 61 56 50 37 80 68 83 10 24 26 46 65 60 52 9 24 46 46 20 23 69 25 76 54 42 69 9 67 45 48 34 70 74 13 71 51 85 71 41 20 99 72 71 59 62 8 18 85 44 17 36 53 76 87 34 4 26 57 71 5 58 75 41 56 64 55 26 39 0 
16 12 16 2 5 8 9 10 16 4 9 2 18 1 20 7 5 5 10 20 7 16 10 15 16 7 1 3 9 10 2 4 6 4 19 12 14 1 11 10 3 9 2 19 9 7 14 8 4 11 2 13 1 7 12 5 3 7 11 16 11 18 11 7 18 6 11 9 2 20 3 15 14 15 7 7 1 6 10 4 9 12 12 2 12 1 14 9 19 15 8 6 16 10 13 15 1 10 6 19 19 1 19 18 1 10 14 9 14 13 5 8 3 3 7 8 17 8 1 14 13 5 20 9 5 4 16 6 14 3 19 15 15 18 5 5 18 9 20 10 17 16 14 19 19 6 3 1 15 6 
30 30 30 30 30 30 30 30 30 30 30 30 30 30 30 30 30 30 30 30 30 30 30 30 30 30 30 30 30 30 30 30 30 30 30 30 30 30 30 30 30 30 30 30 30 30 30 30 30 30 30 30 30 30 30 30 30 30 30 30 30 30 30 30 30 30 30 30 30 30 30 30 30 30 30 30 30 30 30 30 30 30 30 30 30 30 30 30 30 30 30 30 30 30 30 30 30 30 30 30 30 30 30 30 30 30 30 30 30 30 30 30 30 30 30 30 30 30 30 30 30 30 30 30 30 30 30 30 30 30 30 30 30 30 30 30 30 30 30 30 30 30 30 30 30 30 30 30 30 30 