7 22 150 60 12
0 35 53 85 75 16 26 26 24 85 31 31 4 89 28 76 86 76 53 74 63 27 102 49 18 99 28 13 35 26 72 10 20 51 56 88 23 84 14 50 42 58 47 48 25 71 14 53 84 52 90 33 18 103 78 21 18 47 65 70 12 61 54 56 37 59 22 70 26 63 9 21 70 30 63 7 19 74 71 52 64 34 43 84 41 14 23 79 39 36 10 88 26 63 35 34 89 65 30 63 100 78 18 87 73 33 50 88 25 80 19 17 51 25 33 72 50 50 48 24 82 85 48 56 53 86 82 66 100 26 66 40 70 50 63 10 65 52 60 14 91 81 43 51 50 25 81 20 62 64 
35 0 18 67 74 21 31 17 21 97 5 43 35 66 23 70 76 71 22 60 28 17 82 35 27 80 60 29 59 12 89 32 50 53 61 66 57 65 49 68 51 61 35 55 15 81 28 26 61 74 66 24 27 82 81 15 31 72 43 41 28 34 78 42 8 24 41 72 19 29 44 45 73 5 32 38 24 79 85 22 29 63 62 73 30 49 13 74 13 49 37 78 57 44 15 18 66 30 12 62 80 63 52 101 91 68 16 67 60 57 47 21 26 48 19 74 20 50 17 59 95 77 13 30 23 83 57 55 78 55 82 6 79 20 57 33 70 64 81 47 75 58 69 48 48 14 93 15 49 34 
53 18 0 63 79 39 45 32 36 107 23 57 54 58 36 72 75 74 15 58 12 32 75 39 44 75 77 46 75 29 101 50 68 62 70 59 75 61 67 81 63 70 41 66 31 90 45 22 54 88 58 34 43 74 88 33 48 88 38 31 46 28 92 43 18 6 57 78 34 15 62 62 81 23 22 56 40 87 96 17 14 79 76 72 38 67 31 76 19 63 55 77 74 42 26 29 59 12 26 68 74 61 70 111 103 86 7 60 78 50 64 39 24 64 30 80 18 58 15 77 105 78 5 25 17 86 48 56 71 72 94 14 88 17 62 51 79 75 94 65 72 51 85 55 55 30 102 33 49 23 
85 67 63 0 38 71 59 83 61 73 72 61 88 13 57 26 18 28 48 12 72 60 17 36 90 13 91 71 78 65 78 75 85 44 49 10 94 2 90 70 56 45 38 52 63 60 71 42 12 80 16 51 66 18 48 69 68 85 25 33 87 35 85 28 59 60 70 43 85 76 87 75 47 69 85 92 66 52 71 47 73 87 71 15 44 92 68 28 54 62 93 20 88 23 82 53 11 61 79 36 14 9 91 78 80 103 57 9 99 15 80 82 41 74 54 44 81 41 78 100 73 23 65 38 46 36 21 21 17 84 73 70 58 80 30 76 50 59 80 100 9 14 85 38 40 63 69 71 22 40 
75 74 79 38 0 67 51 86 58 35 77 45 79 50 54 12 23 10 65 29 92 60 51 40 88 45 69 63 54 66 41 65 66 24 21 48 74 39 74 40 34 18 39 28 63 22 63 58 49 48 54 51 59 53 10 68 58 55 47 60 83 56 53 36 67 80 54 7 87 95 73 58 10 74 102 83 61 14 33 63 93 62 44 24 44 77 68 10 63 41 85 22 67 40 89 56 49 83 84 13 48 30 74 39 42 80 72 47 80 49 62 81 56 54 56 6 94 26 90 81 35 18 79 56 63 11 56 25 54 63 37 80 20 93 17 65 15 29 46 88 35 49 57 26 27 64 31 70 31 64 
16 21 39 71 67 0 16 21 9 83 18 26 18 73 13 65 74 66 37 60 49 11 88 34 21 85 38 8 39 10 72 11 29 43 49 73 36 69 28 50 36 50 33 42 8 67 7 37 68 55 75 19 8 88 71 6 12 52 50 54 16 45 58 42 21 45 21 62 22 50 23 25 63 16 52 21 6 68 69 36 50 42 43 72 27 28 8 69 23 32 22 76 35 48 27 18 74 51 21 54 85 64 31 85 74 47 35 73 39 65 26 14 35 28 17 64 39 41 37 38 80 74 34 40 37 77 67 53 85 33 66 27 66 40 52 12 58 49 62 30 77 65 48 41 40 9 78 6 49 48 
26 31 45 59 51 16 0 36 9 67 31 12 30 64 8 50 60 50 38 48 57 13 77 24 37 73 36 12 30 19 58 16 27 27 33 63 36 58 31 37 21 34 21 26 16 51 12 35 59 43 66 12 8 77 54 19 8 43 42 50 32 41 47 31 26 50 13 46 38 59 28 19 46 28 63 33 10 51 55 36 59 36 31 58 16 33 20 53 25 18 35 61 32 38 41 16 64 55 36 38 74 51 33 70 60 47 39 63 41 56 23 30 32 20 15 48 51 25 48 41 65 59 41 36 37 61 60 40 75 29 51 37 50 51 37 16 42 33 50 40 65 57 40 25 24 16 63 21 37 46 
26 17 32 83 86 21 36 0 27 104 11 47 25 83 31 83 90 84 40 75 39 26 99 49 12 97 55 28 59 20 93 29 46 63 69 83 50 81 41 71 57 70 49 62 22 88 27 43 78 75 83 35 30 99 91 17 33 72 59 58 16 51 78 56 24 39 41 82 2 38 36 44 83 13 37 27 26 88 91 39 39 60 64 87 43 40 17 87 29 53 25 92 52 60 9 31 83 45 5 72 97 78 44 107 95 60 33 83 51 74 44 9 42 48 31 84 24 60 23 50 101 91 27 47 41 95 74 69 95 51 87 18 86 25 70 30 79 70 83 35 91 75 68 59 58 22 99 15 63 51 
24 21 36 61 58 9 9 27 0 77 21 22 27 64 4 56 65 57 31 51 48 4 78 25 30 75 42 12 39 9 67 16 33 35 42 63 41 60 34 46 30 43 23 35 6 61 11 30 59 53 65 9 8 78 63 10 12 52 41 46 26 37 56 32 17 41 20 54 29 50 29 26 55 18 53 31 5 60 64 29 49 43 41 62 17 35 10 60 18 28 32 66 39 38 32 9 64 47 26 45 76 54 36 80 70 51 31 64 45 55 29 23 27 27 8 56 41 32 39 44 74 64 32 32 30 68 58 43 76 36 61 27 59 41 43 17 51 43 60 39 68 56 48 32 31 7 72 12 39 41 
85 97 107 73 35 83 67 104 77 0 98 56 89 86 74 47 58 45 94 64 120 80 86 69 101 80 67 76 52 86 16 76 68 45 36 84 74 75 77 35 46 37 66 42 83 17 76 88 84 37 89 73 74 88 25 86 71 45 80 93 95 88 38 67 91 109 63 32 105 123 79 64 28 95 128 91 77 22 14 92 121 58 42 59 69 80 87 45 88 50 95 56 66 73 109 79 85 113 104 42 83 65 76 4 16 75 100 83 79 84 67 96 85 59 78 30 118 49 115 81 3 52 105 86 92 40 91 59 89 63 20 104 19 118 49 76 28 34 29 94 70 84 49 52 51 84 5 88 64 96 
31 5 23 72 77 18 31 11 21 98 0 43 31 71 24 73 80 74 28 64 32 18 87 39 22 85 57 26 58 12 89 29 48 55 63 71 53 70 45 67 52 63 39 56 15 82 25 31 66 73 72 26 26 87 83 13 30 71 48 47 23 40 76 46 12 29 39 74 13 32 40 43 75 3 34 33 22 81 86 28 33 60 61 77 33 45 11 77 17 49 32 82 54 49 11 21 72 35 7 64 85 67 48 101 91 64 22 72 56 62 44 16 31 46 21 76 21 52 18 55 96 81 17 35 29 86 62 59 84 52 82 9 80 21 61 30 72 65 80 42 80 63 67 50 50 14 94 12 53 39 
31 43 57 61 45 26 12 47 22 56 43 0 35 68 20 47 59 47 48 49 69 25 79 30 45 75 29 19 20 31 46 21 23 21 25 67 32 61 30 24 11 27 27 17 28 41 20 45 64 31 71 22 17 80 47 30 14 31 49 58 39 50 35 35 38 61 9 39 48 71 28 14 39 40 75 38 20 43 43 46 71 26 19 57 24 32 31 50 37 6 41 59 26 43 53 27 68 67 47 33 76 53 30 59 48 41 51 67 38 61 19 39 42 12 26 41 63 21 61 39 54 56 53 46 47 56 66 41 78 22 39 49 40 63 34 21 34 22 38 43 65 62 29 24 22 29 52 32 39 56 
4 35 54 88 79 18 30 25 27 89 31 35 0 92 31 80 90 80 55 77 63 29 106 52 15 102 30 17 38 27 75 14 23 55 60 91 25 87 16 54 46 62 50 52 27 75 17 56 87 55 93 37 22 106 82 22 21 50 68 72 9 64 57 59 38 60 26 74 25 63 12 25 74 30 62 3 22 78 75 54 64 37 46 88 44 15 24 83 41 40 6 91 29 66 34 36 92 66 30 67 103 81 19 91 77 34 51 91 25 83 22 16 54 29 36 76 49 54 48 24 86 89 48 59 55 90 85 70 103 29 70 40 74 50 67 14 69 56 64 12 94 84 46 55 54 28 85 21 66 66 
89 66 58 13 50 73 64 83 64 86 71 68 92 0 60 38 30 41 44 23 66 62 17 40 91 17 98 75 87 66 90 79 91 53 59 2 100 11 96 81 65 56 42 62 65 72 74 39 5 90 3 55 70 16 61 71 73 95 23 27 89 31 95 33 59 55 76 55 85 70 92 82 59 69 79 95 70 64 83 44 67 95 80 28 48 97 69 41 54 70 96 33 95 26 80 55 1 54 78 48 16 21 97 90 92 110 53 3 106 8 87 84 40 81 56 56 76 50 74 106 86 36 61 35 43 49 11 30 12 91 85 68 70 75 41 80 62 70 91 104 20 8 94 46 49 65 82 72 29 35 
28 23 36 57 54 13 8 31 4 74 24 20 31 60 0 52 60 53 30 47 49 5 74 21 34 71 43 15 39 12 65 19 34 31 38 60 43 56 36 45 28 39 19 32 9 58 14 27 55 51 62 5 10 75 59 14 13 51 37 43 30 34 55 28 18 41 21 50 33 51 32 27 51 21 55 35 9 57 62 28 50 44 39 58 13 38 14 56 17 26 36 62 40 34 35 8 60 47 30 41 72 50 39 77 67 53 31 60 47 52 30 27 25 28 7 52 43 28 41 47 72 60 33 30 29 64 55 39 72 37 59 29 56 43 39 20 48 41 58 43 63 53 48 28 27 9 69 16 35 39 
76 70 72 26 12 65 50 83 56 47 73 47 80 38 52 0 13 2 57 17 84 57 40 34 86 34 74 63 60 63 52 66 70 26 27 36 79 27 77 48 38 23 34 33 61 34 62 50 37 57 41 48 58 41 22 66 58 64 37 50 82 47 62 28 62 72 56 17 85 87 76 61 21 70 95 83 59 26 45 55 85 68 51 12 40 80 66 4 57 45 86 12 72 30 84 52 37 74 80 14 36 18 78 51 54 86 65 35 84 37 66 79 48 58 52 18 87 26 84 85 47 9 72 47 55 13 44 16 42 67 48 74 32 87 13 66 25 37 56 90 23 37 64 24 26 61 43 68 22 54 
86 76 75 18 23 74 60 90 65 58 80 59 90 30 60 13 0 14 59 16 86 65 28 41 95 22 87 73 72 70 64 76 82 38 40 28 91 20 89 61 50 36 41 45 69 45 72 53 30 70 34 56 68 30 33 74 68 77 37 48 91 48 75 34 68 74 68 29 92 89 87 73 33 77 98 94 69 37 57 58 87 81 64 3 47 91 73 13 63 57 96 2 84 32 91 59 29 75 87 27 25 14 89 62 66 99 68 27 97 32 78 87 51 70 59 30 92 37 89 98 58 6 76 49 57 18 38 21 31 80 60 80 44 91 24 76 38 50 69 101 12 31 77 35 37 68 54 76 27 55 
76 71 74 28 10 66 50 84 57 45 74 47 80 41 53 2 14 0 59 19 85 58 41 36 87 35 74 63 59 64 50 66 69 25 26 38 78 29 77 47 38 22 35 32 62 32 63 52 39 56 44 49 59 43 20 67 58 63 39 52 82 49 60 30 63 74 56 15 86 89 76 61 19 71 97 84 60 24 43 57 87 67 50 14 41 80 67 3 58 44 86 13 71 32 85 53 39 76 81 14 38 20 77 49 52 86 67 37 84 39 66 80 50 58 53 16 89 26 86 85 45 9 74 49 56 12 46 18 44 67 46 76 30 88 14 66 23 36 55 90 25 39 63 25 26 62 41 69 24 56 
53 22 15 48 65 37 38 40 31 94 28 48 55 44 30 57 59 59 0 43 26 27 61 25 50 60 73 43 68 27 89 47 64 49 58 45 72 46 65 71 52 56 27 54 28 77 42 6 40 79 44 26 39 60 73 32 43 80 23 18 50 13 83 28 17 15 51 64 42 30 60 57 67 26 38 58 36 73 84 2 28 74 67 56 26 66 30 61 13 53 58 62 70 27 36 22 45 19 34 53 59 45 67 98 91 83 9 45 76 35 60 43 9 58 23 66 33 45 30 75 92 62 17 10 2 71 34 41 57 67 83 23 75 32 47 48 65 64 84 67 57 36 77 41 42 27 89 33 34 11 
74 60 58 12 29 60 48 75 51 64 64 49 77 23 47 17 16 19 43 0 69 50 30 26 80 25 79 60 66 55 67 64 72 31 36 21 82 12 78 58 43 33 27 40 54 49 60 36 20 67 26 41 55 31 39 59 56 73 21 33 77 31 72 18 52 57 58 32 77 73 76 63 36 61 81 81 55 42 60 41 70 74 59 13 33 80 59 21 47 49 83 18 76 16 75 44 22 59 71 25 27 3 79 68 69 91 52 20 87 20 68 73 35 61 44 33 75 29 72 88 63 19 59 33 41 30 26 8 29 71 62 64 47 74 18 64 39 47 68 89 17 19 72 25 28 54 59 61 11 38 
63 28 12 72 92 49 57 39 48 120 32 69 63 66 49 84 86 85 26 69 0 44 83 51 51 83 88 57 87 40 113 61 79 74 83 67 85 70 77 94 76 82 53 79 43 103 56 33 62 101 65 47 55 82 100 43 59 100 48 39 54 37 105 55 30 11 68 91 40 4 72 74 93 33 13 65 52 99 109 28 1 91 89 82 50 77 41 88 32 75 63 88 85 53 30 42 67 12 33 80 82 71 80 123 116 96 19 68 88 58 75 47 36 76 43 93 17 70 16 87 118 89 16 36 29 98 55 68 78 83 107 23 101 15 74 61 91 88 107 73 81 59 97 67 68 42 115 43 61 31 
27 17 32 60 60 11 13 26 4 80 18 25 29 62 5 57 65 58 27 50 44 0 77 24 30 74 46 15 43 6 71 19 37 37 44 62 44 59 37 50 34 45 23 38 4 64 14 26 57 56 63 9 12 77 65 9 16 56 38 43 27 34 60 31 13 37 24 56 28 46 33 30 57 15 50 33 9 63 68 25 45 47 44 62 17 38 9 61 14 32 34 66 43 37 29 7 62 43 24 46 74 54 40 83 73 55 27 62 48 53 33 22 24 32 6 58 38 34 35 48 78 65 28 29 27 69 55 43 74 40 65 24 62 38 44 20 54 46 63 41 67 54 52 33 32 4 75 11 38 37 
102 82 75 17 51 88 77 99 78 86 87 79 106 17 74 40 28 41 61 30 83 77 0 53 106 6 109 89 96 81 92 93 102 61 65 16 111 18 108 87 73 61 55 69 80 73 88 56 21 96 18 69 84 2 61 85 85 102 39 44 104 48 101 46 75 72 87 57 101 87 105 93 61 85 96 109 83 65 85 60 84 104 88 27 61 110 85 41 70 79 110 30 106 39 97 70 16 71 94 52 3 26 109 90 94 121 70 15 117 25 98 99 56 91 70 57 93 59 91 118 86 34 78 52 59 46 28 38 5 101 88 84 72 92 47 93 65 76 96 117 16 24 102 55 58 80 82 87 40 52 
49 35 39 36 40 34 24 49 25 69 39 30 52 40 21 34 41 36 25 26 51 24 53 0 54 50 59 35 49 29 64 39 51 24 32 39 60 35 55 48 30 31 3 30 28 52 34 19 35 57 42 15 30 54 48 33 32 60 18 29 51 21 62 7 27 41 36 39 51 55 52 42 41 36 61 56 30 48 59 23 53 57 46 38 7 57 32 39 22 33 57 43 55 14 50 18 40 44 46 28 51 29 57 72 67 70 32 39 65 32 47 47 16 41 18 41 53 19 50 66 67 42 38 18 23 48 36 20 51 52 58 40 49 52 23 40 40 40 61 64 43 33 58 16 17 27 64 35 14 28 
18 27 44 90 88 21 37 12 30 101 22 45 15 91 34 86 95 87 50 80 51 30 106 54 0 104 46 25 53 25 89 25 38 64 69 91 40 89 32 67 56 71 53 62 26 87 25 52 86 70 92 39 29 106 91 21 30 65 67 68 6 61 72 62 33 51 38 83 11 50 27 39 83 23 49 16 27 88 88 49 52 53 60 92 47 30 21 90 37 51 13 96 44 67 21 36 91 57 18 75 104 84 35 104 91 50 44 91 41 82 37 7 51 43 36 85 36 62 35 39 99 95 39 56 50 98 83 74 103 44 83 29 85 37 73 25 79 68 78 23 97 83 61 62 61 26 97 19 69 61 
99 80 75 13 45 85 73 97 75 80 85 75 102 17 71 34 22 35 60 25 83 74 6 50 104 0 104 85 91 78 86 89 98 56 59 16 107 15 104 81 68 56 51 64 77 67 84 54 21 90 19 65 80 8 55 83 82 97 37 44 101 47 95 42 73 72 83 51 99 87 101 89 55 83 96 106 80 59 79 59 84 99 83 21 57 106 82 35 68 74 107 24 101 37 95 67 16 71 92 47 3 21 105 84 88 116 69 15 113 25 94 96 54 87 67 51 93 54 90 113 80 28 77 50 58 40 28 33 10 97 82 83 66 92 42 90 59 70 90 114 10 24 97 51 53 77 76 85 36 52 
28 60 77 91 69 38 36 55 42 67 57 29 30 98 43 74 87 74 73 79 88 46 109 59 46 104 0 31 15 48 51 27 9 48 48 97 7 91 14 32 36 51 56 41 46 57 32 71 94 30 100 48 34 110 67 44 30 22 78 86 40 77 30 64 59 83 23 62 55 89 18 16 60 55 90 31 37 62 53 71 89 9 26 85 52 16 46 76 60 29 34 87 3 72 63 51 98 89 58 59 106 82 11 68 52 12 73 97 12 91 13 45 68 17 50 63 77 50 75 14 64 84 72 73 72 80 95 70 108 7 47 65 57 78 62 26 55 40 38 29 94 91 18 53 51 47 64 45 69 82 
13 29 46 71 63 8 12 28 12 76 26 19 17 75 15 63 73 63 43 60 57 15 89 35 25 85 31 0 31 17 64 4 22 39 44 74 29 70 22 43 30 46 33 36 15 61 1 42 70 47 77 20 5 89 66 13 5 44 52 58 20 49 50 42 28 52 13 58 29 58 17 17 58 24 60 21 6 62 63 41 58 34 36 70 27 23 15 66 29 26 23 74 28 49 35 21 75 58 29 50 86 64 24 79 66 40 42 75 33 67 18 20 39 20 21 60 47 37 45 32 73 72 41 44 42 73 70 52 87 25 58 35 60 48 49 5 53 42 55 28 77 67 40 38 36 16 72 14 49 53 
35 59 75 78 54 39 30 59 39 52 58 20 38 87 39 60 72 59 68 66 87 43 96 49 53 91 15 31 0 47 37 29 16 35 33 85 22 78 25 17 22 36 46 26 44 41 32 65 83 17 89 42 32 97 52 45 28 13 68 78 47 70 19 54 56 80 18 47 60 89 27 14 45 55 92 40 35 46 38 66 88 8 10 71 44 28 47 61 56 17 44 72 14 62 67 46 86 86 61 45 93 69 24 53 38 26 70 85 27 80 16 50 62 11 45 48 79 37 77 29 49 69 71 66 67 65 85 57 96 11 32 66 41 79 49 29 39 24 25 41 81 80 9 40 38 45 49 46 57 76 
26 12 29 65 66 10 19 20 9 86 12 31 27 66 12 63 70 64 27 55 40 6 81 29 25 78 48 17 47 0 77 21 39 43 50 66 46 63 38 55 40 51 29 44 2 70 16 28 61 61 67 15 15 81 71 5 19 60 42 44 23 36 65 37 11 35 28 62 22 41 33 33 63 9 44 31 11 69 74 26 41 50 50 67 23 38 3 67 13 37 31 72 45 41 23 11 66 41 18 53 79 59 41 89 79 57 25 66 49 57 35 17 26 35 11 64 32 40 30 48 84 71 24 31 27 75 58 49 78 42 70 18 68 32 50 22 60 52 69 39 72 58 56 39 39 2 81 6 44 38 
72 89 101 78 41 72 58 93 67 16 89 46 75 90 65 52 64 50 89 67 113 71 92 64 89 86 51 64 37 77 0 64 53 40 32 88 58 79 62 21 37 34 62 34 74 18 65 84 87 21 93 66 63 94 32 76 60 29 79 92 83 85 22 65 83 104 51 35 94 116 65 50 31 86 121 77 66 27 7 87 115 42 29 64 63 65 77 51 81 39 81 63 50 72 99 71 89 108 93 42 89 69 61 17 2 59 94 87 63 86 53 84 80 46 71 34 109 45 106 65 13 58 98 83 87 48 92 60 94 48 6 95 20 109 49 64 28 25 13 79 76 86 33 49 47 74 15 78 64 93 
10 32 50 75 65 11 16 29 16 76 29 21 14 79 19 66 76 66 47 64 61 19 93 39 25 89 27 4 29 21 64 0 18 41 46 79 25 74 17 42 32 48 37 38 19 62 5 46 75 46 81 25 9 93 68 17 7 42 57 62 18 54 48 46 32 56 13 60 30 61 13 14 60 27 63 17 10 64 63 45 62 31 35 74 31 18 19 69 33 26 20 77 24 53 37 26 79 62 31 52 90 67 20 79 66 36 46 79 28 71 15 20 44 18 25 62 50 40 48 28 74 75 45 49 47 76 74 56 91 22 58 38 61 51 52 1 55 43 54 24 81 72 38 41 39 20 72 17 53 57 
20 50 68 85 66 29 27 46 33 68 48 23 23 91 34 70 82 69 64 72 79 37 102 51 38 98 9 22 16 39 53 18 0 44 45 90 9 84 9 33 31 48 48 37 37 57 23 62 86 33 93 39 25 103 65 35 21 27 70 77 32 69 34 57 50 74 15 59 46 80 11 9 58 46 81 24 28 61 54 62 80 14 26 80 44 12 37 72 51 25 28 82 6 65 55 42 91 80 49 55 99 76 8 70 55 19 64 90 14 83 4 36 59 11 41 61 68 44 66 15 65 79 63 64 63 77 87 64 101 5 48 56 56 69 57 17 52 38 41 25 89 84 23 47 45 38 65 36 62 73 
51 53 62 44 24 43 27 63 35 45 55 21 55 53 31 26 38 25 49 31 74 37 61 24 64 56 48 39 35 43 40 41 44 0 8 52 53 44 51 27 12 8 21 8 41 28 39 43 50 36 56 29 35 62 28 45 34 41 39 51 59 44 41 24 46 64 31 19 64 77 50 35 20 52 83 59 37 25 35 47 76 43 27 36 24 54 45 28 43 19 61 38 46 32 66 34 53 68 61 11 58 34 51 48 43 60 55 51 58 48 40 57 40 32 34 21 73 4 70 59 43 35 60 42 47 34 54 23 61 41 34 59 26 73 14 41 17 17 39 64 46 48 41 8 6 41 40 47 25 52 
56 61 70 49 21 49 33 69 42 36 63 25 60 59 38 27 40 26 58 36 83 44 65 32 69 59 48 44 33 50 32 46 45 8 0 57 53 49 53 21 14 3 30 8 48 19 44 52 56 31 62 37 40 66 22 52 39 37 47 59 64 53 36 32 55 73 34 14 71 86 53 37 14 59 92 63 43 18 26 55 84 41 24 39 32 56 52 28 51 20 66 39 46 39 74 43 58 77 68 12 62 39 53 40 34 60 63 57 59 55 42 63 49 33 42 16 81 13 78 60 34 36 68 51 56 32 61 29 66 42 26 67 17 81 18 46 9 10 32 68 49 55 37 16 15 48 31 54 32 60 
88 66 59 10 48 73 63 83 63 84 71 67 91 2 60 36 28 38 45 21 67 62 16 39 91 16 97 74 85 66 88 79 90 52 57 0 99 9 95 79 63 54 41 60 65 70 74 40 5 88 5 54 70 15 59 70 72 93 23 28 89 32 93 32 59 56 75 53 85 71 92 81 57 69 80 95 69 62 81 44 68 93 79 26 47 97 69 39 54 68 96 31 94 25 80 55 1 55 78 46 15 19 96 88 90 109 53 1 105 9 86 83 40 79 55 54 77 49 74 105 84 34 61 36 43 47 12 28 12 90 83 68 68 76 39 79 60 68 89 103 18 8 93 45 47 64 80 72 28 36 
23 57 75 94 74 36 36 50 41 74 53 32 25 100 43 79 91 78 72 82 85 44 111 60 40 107 7 29 22 46 58 25 9 53 53 99 0 93 8 39 40 56 57 46 44 63 30 70 95 37 102 48 32 112 73 42 29 30 79 86 34 77 37 66 57 81 24 68 50 85 13 18 66 52 86 25 35 68 60 70 86 16 32 89 53 10 44 81 58 33 28 91 8 74 59 50 100 87 54 64 109 85 5 75 59 11 71 99 5 92 13 40 68 20 49 69 73 53 71 7 71 88 70 73 71 85 96 73 111 11 54 62 63 74 66 24 60 46 45 22 98 93 25 56 54 45 71 42 71 82 
84 65 61 2 39 69 58 81 60 75 70 61 87 11 56 27 20 29 46 12 70 59 18 35 89 15 91 70 78 63 79 74 84 44 49 9 93 0 89 71 56 46 37 52 62 61 70 40 10 80 14 50 65 19 50 67 67 85 23 31 86 33 85 27 57 58 69 44 84 74 87 75 48 68 82 91 65 53 72 45 71 86 71 17 43 91 67 30 52 61 92 22 88 21 80 52 10 58 77 37 15 10 91 79 81 103 55 8 99 13 80 81 39 73 52 45 79 41 76 99 74 25 63 36 44 38 19 21 17 83 74 68 59 78 31 75 51 60 81 99 11 12 85 38 40 62 70 69 21 38 
14 49 67 90 74 28 31 41 34 77 45 30 16 96 36 77 89 77 65 78 77 37 108 55 32 104 14 22 25 38 62 17 9 51 53 95 8 89 0 42 39 56 53 45 36 66 23 64 91 42 97 42 26 108 74 34 23 35 73 80 26 71 42 62 49 73 20 68 41 77 5 16 66 44 78 16 28 69 63 63 78 21 35 87 48 3 36 80 51 32 20 89 13 69 50 44 95 79 45 63 105 82 3 79 64 19 63 95 11 88 11 31 61 19 43 69 65 51 63 10 74 86 62 66 64 85 91 70 106 14 57 54 65 65 64 16 61 47 50 16 95 88 31 53 51 37 74 34 67 75 
50 68 81 70 40 50 37 71 46 35 67 24 54 81 45 48 61 47 71 58 94 50 87 48 67 81 32 43 17 55 21 42 33 27 21 79 39 71 42 0 18 25 45 19 53 25 43 66 77 9 83 46 41 88 36 55 38 15 66 77 61 70 14 51 63 85 29 33 72 96 43 28 30 65 100 56 45 30 21 69 95 24 7 60 45 45 56 49 61 18 59 61 31 59 77 51 80 90 72 34 84 61 41 37 23 42 75 78 44 75 31 62 63 24 51 33 88 31 85 46 32 57 78 66 69 50 81 50 88 28 16 74 24 88 40 42 24 11 13 58 71 75 17 35 33 53 32 56 52 76 
42 51 63 56 34 36 21 57 30 46 52 11 46 65 28 38 50 38 52 43 76 34 73 30 56 68 36 30 22 40 37 32 31 12 14 63 40 56 39 18 0 16 27 6 37 31 31 48 61 27 67 28 27 74 36 40 25 30 48 59 50 51 32 33 46 67 20 28 59 78 39 23 28 49 83 49 30 32 34 50 77 30 16 49 26 42 41 40 43 6 52 51 33 41 62 34 64 72 57 23 70 47 39 49 39 48 56 63 46 58 28 50 44 20 33 30 72 14 69 47 44 48 60 48 51 45 64 35 73 29 31 58 29 72 26 32 23 12 31 53 59 59 29 18 16 37 42 42 35 58 
58 61 70 45 18 50 34 70 43 37 63 27 62 56 39 23 36 22 56 33 82 45 61 31 71 56 51 46 36 51 34 48 48 8 3 54 56 46 56 25 16 0 29 10 49 20 46 50 53 34 59 37 42 63 20 53 41 40 44 57 66 51 39 30 54 72 36 12 72 85 55 40 12 60 91 65 44 17 28 54 84 45 27 35 32 59 53 24 51 23 68 36 49 37 74 43 55 76 69 8 58 36 56 41 37 63 62 53 62 52 44 64 47 36 42 14 81 12 78 63 35 32 68 49 54 29 58 26 62 45 29 67 18 81 15 48 9 14 35 70 46 52 41 15 14 49 32 55 29 59 
47 35 41 38 39 33 21 49 23 66 39 27 50 42 19 34 41 35 27 27 53 23 55 3 53 51 56 33 46 29 62 37 48 21 30 41 57 37 53 45 27 29 0 27 27 49 33 21 38 54 44 14 28 55 46 32 30 57 21 32 50 24 59 9 28 43 33 37 51 56 50 39 39 36 63 54 28 46 56 25 55 54 43 38 6 55 32 38 23 30 55 43 53 16 50 18 42 47 46 26 52 30 55 70 64 68 34 41 63 34 44 46 18 39 18 39 54 17 51 63 64 42 39 21 25 47 39 20 53 49 55 41 47 54 22 38 38 37 58 62 44 35 55 14 15 27 61 34 15 31 
48 55 66 52 28 42 26 62 35 42 56 17 52 62 32 33 45 32 54 40 79 38 69 30 62 64 41 36 26 44 34 38 37 8 8 60 46 52 45 19 6 10 27 0 41 25 36 49 58 28 65 31 33 71 30 45 31 32 47 58 56 51 33 32 49 69 26 22 64 81 45 29 22 53 86 55 36 26 30 52 80 35 18 44 28 48 46 35 46 12 58 46 38 40 67 37 61 73 62 18 66 43 45 45 37 53 59 60 51 56 34 56 46 26 36 24 76 12 73 53 39 42 63 48 52 39 62 31 70 34 28 61 24 75 22 38 17 9 31 60 54 56 32 16 14 42 37 47 33 58 
25 15 31 63 63 8 16 22 6 83 15 28 27 65 9 61 69 62 28 54 43 4 80 28 26 77 46 15 44 2 74 19 37 41 48 65 44 62 36 53 37 49 27 41 0 67 14 28 60 59 66 13 12 80 69 5 16 57 42 45 23 37 62 35 13 37 26 60 24 44 32 31 61 12 47 30 9 66 71 27 44 48 47 66 21 37 5 65 14 34 31 70 43 40 25 10 66 43 20 50 78 57 39 86 76 55 27 65 47 57 33 18 27 33 9 62 35 38 32 47 81 69 26 32 28 73 58 47 77 40 67 21 65 35 48 20 57 50 66 39 71 57 54 37 36 1 79 7 42 39 
71 81 90 60 22 67 51 88 61 17 82 41 75 72 58 34 45 32 77 49 103 64 73 52 87 67 57 61 41 70 18 62 57 28 19 70 63 61 66 25 31 20 49 25 67 0 61 71 69 30 75 57 58 75 13 71 56 38 64 77 81 71 34 50 74 92 49 17 90 106 67 51 13 79 112 78 61 8 11 75 104 49 31 46 52 69 72 32 71 35 81 44 55 56 93 62 71 96 88 25 70 51 65 20 20 67 83 69 69 69 55 81 68 47 62 16 101 32 98 71 15 40 88 69 75 30 75 43 76 52 15 87 2 101 32 62 11 19 26 82 57 69 41 35 34 68 12 72 48 79 
14 28 45 71 63 7 12 27 11 76 25 20 17 74 14 62 72 63 42 60 56 14 88 34 25 84 32 1 32 16 65 5 23 39 44 74 30 70 23 43 31 46 33 36 14 61 0 41 70 48 76 19 4 88 66 13 5 45 51 57 20 48 51 42 27 51 14 58 28 57 18 17 58 23 59 21 5 62 63 40 57 35 36 70 27 24 14 66 28 26 23 74 29 48 34 21 74 57 29 50 85 63 25 79 67 41 41 74 34 66 19 19 38 20 20 60 47 37 44 33 74 71 40 43 41 73 69 52 86 26 59 34 60 47 49 6 53 43 55 29 77 67 41 38 36 15 72 13 48 52 
53 26 22 42 58 37 35 43 30 88 31 45 56 39 27 50 53 52 6 36 33 26 56 19 52 54 71 42 65 28 84 46 62 43 52 40 70 40 64 66 48 50 21 49 28 71 41 0 35 74 40 23 37 55 67 33 41 76 17 16 51 8 79 22 19 22 48 58 45 37 60 54 60 29 44 59 35 67 78 5 34 71 63 50 21 65 31 55 14 49 59 55 68 20 40 20 40 25 38 47 54 39 66 92 86 81 15 40 75 31 58 45 3 55 21 60 39 39 36 75 86 55 23 4 4 64 31 34 52 64 77 28 69 38 41 47 59 59 80 68 51 31 74 35 36 28 83 34 27 11 
84 61 54 12 49 68 59 78 59 84 66 64 87 5 55 37 30 39 40 20 62 57 21 35 86 21 94 70 83 61 87 75 86 50 56 5 95 10 91 77 61 53 38 58 60 69 70 35 0 86 6 50 65 20 59 66 68 91 18 23 84 26 91 29 54 51 71 52 80 66 87 77 56 64 75 90 65 62 80 39 63 90 76 28 43 93 64 40 49 65 91 33 90 21 75 50 5 50 73 45 20 18 93 88 89 105 48 6 101 4 82 79 35 76 51 54 72 46 69 101 83 36 56 31 38 48 8 27 17 86 82 63 67 71 38 75 59 66 88 99 21 3 90 42 44 60 80 67 25 31 
52 74 88 80 48 55 43 75 53 37 73 31 55 90 51 57 70 56 79 67 101 56 96 57 70 90 30 47 17 61 21 46 33 36 31 88 37 80 42 9 27 34 54 28 59 30 48 74 86 0 92 53 47 97 43 60 43 8 75 86 64 78 5 60 70 92 33 41 76 102 44 31 38 70 106 57 50 37 23 77 102 21 12 69 53 44 62 57 68 25 61 69 29 68 82 59 89 98 77 43 93 70 40 38 22 38 82 87 42 84 33 66 71 27 58 41 94 40 91 44 34 65 85 75 77 58 90 59 97 27 17 80 30 94 49 45 32 20 8 58 80 85 12 44 42 59 34 61 61 85 
90 66 58 16 54 75 66 83 65 89 72 71 93 3 62 41 34 44 44 26 65 63 18 42 92 19 100 77 89 67 93 81 93 56 62 5 102 14 97 83 67 59 44 65 66 75 76 40 6 92 0 56 72 17 64 72 74 97 24 26 90 31 98 35 59 54 78 58 85 69 94 84 62 69 78 96 71 67 86 44 66 97 83 31 49 99 70 44 54 72 97 36 97 28 80 56 4 53 78 51 17 24 99 93 95 112 53 6 107 9 89 84 40 83 57 59 76 53 73 108 89 39 61 36 43 52 10 33 13 93 88 68 73 75 44 82 65 72 94 105 23 9 97 49 51 66 85 73 31 34 
33 24 34 51 51 19 12 35 9 73 26 22 37 55 5 48 56 49 26 41 47 9 69 15 39 65 48 20 42 15 66 25 39 29 37 54 48 50 42 46 28 37 14 31 13 57 19 23 50 53 56 0 15 69 57 18 18 54 32 38 35 29 58 23 17 39 25 48 37 50 38 31 49 23 55 40 14 55 62 24 49 48 41 53 8 43 18 52 15 28 41 57 44 29 37 5 55 44 32 38 66 45 44 77 68 58 28 54 52 46 35 31 20 32 5 50 44 26 41 52 71 56 32 25 25 60 49 34 66 41 59 30 55 44 35 25 46 41 59 48 58 47 51 24 24 13 69 20 30 34 
18 27 43 66 59 8 8 30 8 74 26 17 22 70 10 58 68 59 39 55 55 12 84 30 29 80 34 5 32 15 63 9 25 35 40 70 32 65 26 41 27 42 28 33 12 58 4 37 65 47 72 15 0 84 62 13 4 45 47 53 24 45 50 37 25 49 13 54 31 57 22 18 54 23 60 25 3 59 61 37 56 35 35 65 22 27 15 61 26 23 27 69 31 44 36 17 70 55 30 46 81 59 28 77 65 43 39 70 37 62 21 22 35 20 16 56 47 33 44 37 71 67 39 40 38 69 65 47 82 28 57 34 57 47 45 10 50 40 54 33 72 63 41 33 32 13 69 14 44 49 
103 82 74 18 53 88 77 99 78 88 87 80 106 16 75 41 30 43 60 31 82 77 2 54 106 8 110 89 97 81 94 93 103 62 66 15 112 19 108 88 74 63 55 71 80 75 88 55 20 97 17 69 84 0 63 86 86 103 39 43 104 47 102 46 74 71 88 59 101 86 106 94 62 85 95 110 84 67 86 60 83 105 89 29 61 111 85 43 69 80 111 32 107 40 96 70 15 70 94 54 5 27 110 92 96 122 69 15 118 25 99 99 56 92 71 59 93 60 90 118 88 36 77 51 59 48 27 39 4 102 90 84 73 92 48 94 66 77 98 118 18 24 103 56 59 80 84 87 41 51 
78 81 88 48 10 71 54 91 63 25 83 47 82 61 59 22 33 20 73 39 100 65 61 48 91 55 67 66 52 71 32 68 65 28 22 59 73 50 74 36 36 20 46 30 69 13 66 67 59 43 64 57 62 63 0 73 61 51 57 70 86 65 47 45 74 89 56 9 92 103 74 58 8 80 110 85 65 5 25 71 101 59 41 34 51 77 74 20 70 42 88 31 65 50 94 62 60 92 89 20 58 40 74 29 33 78 80 58 79 59 63 85 64 54 62 7 101 31 98 80 25 27 86 65 71 16 66 35 64 61 29 87 12 100 26 68 13 27 39 89 45 59 53 33 33 69 21 75 41 73 
21 15 33 69 68 6 19 17 10 86 13 30 22 71 14 66 74 67 32 59 43 9 85 33 21 83 44 13 45 5 76 17 35 45 52 70 42 67 34 55 40 53 32 45 5 71 13 33 66 60 72 18 13 86 73 0 17 58 47 49 18 41 63 41 15 39 26 64 19 44 29 30 65 10 46 26 9 70 74 31 44 48 48 71 26 34 2 70 18 37 26 75 41 46 22 15 71 45 17 55 83 63 37 89 78 53 29 71 45 62 32 13 31 33 15 66 34 42 31 44 84 74 28 36 32 78 63 53 83 39 70 21 69 34 53 18 61 53 67 34 76 63 54 42 41 5 82 2 48 43 
18 31 48 68 58 12 8 33 12 71 30 14 21 73 13 58 68 58 43 56 59 16 85 32 30 82 30 5 28 19 60 7 21 34 39 72 29 67 23 38 25 41 30 31 16 56 5 41 68 43 74 18 4 86 61 17 0 41 50 57 25 48 46 39 29 53 9 53 34 61 19 14 53 27 64 25 7 57 58 41 61 31 31 66 24 25 18 61 30 21 27 70 27 46 39 21 72 59 33 45 83 60 25 74 62 40 43 72 34 64 17 25 38 16 20 55 51 32 48 34 68 67 43 43 42 68 67 48 84 24 54 38 55 51 45 8 48 37 50 32 73 65 37 33 32 17 67 18 45 52 
47 72 88 85 55 52 43 72 52 45 71 31 50 95 51 64 77 63 80 73 100 56 102 60 65 97 22 44 13 60 29 42 27 41 37 93 30 85 35 15 30 40 57 32 57 38 45 76 91 8 97 54 45 103 51 58 41 0 78 89 59 81 7 63 69 93 31 48 72 102 39 27 45 68 105 52 48 45 32 78 101 13 14 76 55 38 60 64 68 27 55 76 22 71 80 59 94 98 74 49 99 76 33 46 30 30 82 92 34 89 28 62 73 24 58 49 92 44 90 36 42 72 84 77 79 66 94 64 103 21 25 79 39 92 55 41 40 26 16 52 86 89 4 48 46 58 43 59 65 87 
65 43 38 25 47 50 42 59 41 80 48 49 68 23 37 37 37 39 23 21 48 38 39 18 67 37 78 52 68 42 79 57 70 39 47 23 79 23 73 66 48 44 21 47 42 64 51 17 18 75 24 32 47 39 57 47 50 78 0 13 65 10 80 15 35 36 55 48 61 52 70 61 52 45 60 72 46 58 73 22 49 75 64 34 25 75 46 41 30 51 73 40 74 7 57 31 24 38 55 38 37 23 75 84 82 89 32 24 84 15 65 60 16 60 32 50 56 35 53 84 79 41 40 13 21 51 17 22 36 70 73 45 62 55 31 57 52 56 78 80 34 15 76 31 33 41 76 48 16 17 
70 41 31 33 60 54 50 58 46 93 47 58 72 27 43 50 48 52 18 33 39 43 44 29 68 44 86 58 78 44 92 62 77 51 59 28 86 31 80 77 59 57 32 58 45 77 57 16 23 86 26 38 53 43 70 49 57 89 13 0 67 8 91 27 35 28 63 61 61 43 76 69 65 45 52 75 51 71 86 19 40 85 75 45 34 81 48 54 31 62 76 51 82 20 55 36 28 27 53 51 43 34 82 97 94 97 26 29 91 19 73 61 18 69 37 63 50 47 47 90 92 53 34 13 17 63 16 35 39 79 86 42 75 48 44 63 65 68 90 84 43 20 87 43 45 44 89 51 29 8 
12 28 46 87 83 16 32 16 26 95 23 39 9 89 30 82 91 82 50 77 54 27 104 51 6 101 40 20 47 23 83 18 32 59 64 89 34 86 26 61 50 66 50 56 23 81 20 51 84 64 90 35 24 104 86 18 25 59 65 67 0 60 66 59 32 53 31 78 15 54 21 32 78 23 53 11 22 82 82 49 55 46 54 88 44 25 19 85 36 45 9 92 38 64 25 34 89 59 21 70 102 81 29 98 85 44 45 89 35 80 31 7 50 36 33 80 40 57 39 34 93 91 41 55 50 93 82 70 101 38 77 32 80 41 68 19 73 62 72 19 94 81 55 57 56 24 91 17 65 61 
61 34 28 35 56 45 41 51 37 88 40 50 64 31 34 47 48 49 13 31 37 34 48 21 61 47 77 49 70 36 85 54 69 44 53 32 77 33 71 70 51 51 24 51 37 71 48 8 26 78 31 29 45 47 65 41 48 81 10 8 60 0 83 21 28 26 54 57 54 41 67 60 60 38 50 67 43 66 80 12 39 76 67 44 26 72 40 51 23 54 68 50 74 16 49 27 32 27 46 46 46 33 73 92 88 88 22 32 82 22 64 53 10 61 28 59 46 40 43 82 86 51 30 5 11 61 22 31 44 70 79 36 69 45 39 55 60 61 82 76 44 23 79 36 38 36 83 43 24 7 
54 78 92 85 53 58 47 78 56 38 76 35 57 95 55 62 75 60 83 72 105 60 101 62 72 95 30 50 19 65 22 48 34 41 36 93 37 85 42 14 32 39 59 33 62 34 51 79 91 5 98 58 50 102 47 63 46 7 80 91 66 83 0 65 74 97 37 46 79 106 46 33 42 74 110 59 54 41 26 81 106 21 16 74 58 45 65 62 73 30 62 74 30 73 85 63 94 102 80 48 98 75 40 39 23 37 86 92 41 89 35 69 76 30 62 46 97 45 95 43 35 70 89 79 82 63 95 64 102 28 19 84 34 98 54 48 37 25 9 59 85 90 11 49 47 63 37 65 66 90 
56 42 43 28 36 42 31 56 32 67 46 35 59 33 28 28 34 30 28 18 55 31 46 7 62 42 64 42 54 37 65 46 57 24 32 32 66 27 62 51 33 30 9 32 35 50 42 22 29 60 35 23 37 46 45 41 39 63 15 27 59 21 65 0 34 44 42 36 58 59 59 48 39 43 66 63 37 45 59 26 57 62 49 31 15 64 40 33 29 37 65 36 61 8 57 25 33 47 53 25 43 22 64 71 67 76 36 32 72 26 53 54 19 47 25 38 59 20 56 72 65 35 43 19 26 42 31 13 44 57 59 46 48 58 19 47 38 41 63 71 35 26 62 16 18 35 62 43 7 28 
37 8 18 59 67 21 26 24 17 91 12 38 38 59 18 62 68 63 17 52 30 13 75 27 33 73 59 28 56 11 83 32 50 46 55 59 57 57 49 63 46 54 28 49 13 74 27 19 54 70 59 17 25 74 74 15 29 69 35 35 32 28 74 34 0 24 38 64 26 32 44 43 66 10 37 41 22 72 79 16 32 61 58 65 23 50 13 66 5 44 41 70 56 36 23 12 59 30 19 54 73 55 52 94 85 68 14 59 60 50 46 26 18 45 12 67 26 43 23 60 89 69 14 23 17 75 50 47 71 53 77 13 72 26 50 33 64 58 76 50 67 50 66 41 41 12 86 16 41 28 
59 24 6 60 80 45 50 39 41 109 29 61 60 55 41 72 74 74 15 57 11 37 72 41 51 72 83 52 80 35 104 56 74 64 73 56 81 58 73 85 67 72 43 69 37 92 51 22 51 92 54 39 49 71 89 39 53 93 36 28 53 26 97 44 24 0 62 80 41 15 68 67 82 29 24 63 46 89 99 17 13 85 80 71 41 73 37 77 24 67 62 76 80 42 32 33 56 6 33 69 71 60 76 113 106 92 10 57 84 47 70 45 24 69 34 82 23 60 21 83 107 77 12 25 17 86 44 56 67 77 97 21 90 21 63 57 81 79 98 72 70 48 89 57 58 36 104 39 49 20 
22 41 57 70 54 21 13 41 20 63 39 9 26 76 21 56 68 56 51 58 68 24 87 36 38 83 23 13 18 28 51 13 15 31 34 75 24 69 20 29 20 36 33 26 26 49 14 48 71 33 78 25 13 88 56 26 9 31 55 63 31 54 37 42 38 62 0 48 42 70 19 6 48 37 73 29 17 52 50 49 70 23 22 66 29 23 28 59 38 14 32 68 19 50 48 29 76 67 43 42 84 61 21 66 53 34 51 75 29 68 10 33 45 7 28 50 60 30 58 30 61 66 52 50 50 65 72 49 86 16 45 47 48 61 43 12 43 30 41 33 74 69 28 33 31 26 59 27 47 59 
70 72 78 43 7 62 46 82 54 32 74 39 74 55 50 17 29 15 64 32 91 56 57 39 83 51 62 58 47 62 35 60 59 19 14 53 68 44 68 33 28 12 37 22 60 17 58 58 52 41 58 48 54 59 9 64 53 48 48 61 78 57 46 36 64 80 48 0 83 94 67 51 4 71 100 77 56 9 28 62 92 55 37 29 41 70 65 16 60 35 80 28 60 41 85 53 54 83 80 10 54 34 68 36 37 74 71 52 73 52 56 76 55 48 52 2 91 22 88 75 31 24 77 55 62 18 59 27 59 56 31 77 15 91 17 60 8 22 39 82 41 52 50 23 23 60 27 66 32 64 
26 19 34 85 87 22 38 2 29 105 13 48 25 85 33 85 92 86 42 77 40 28 101 51 11 99 55 29 60 22 94 30 46 64 71 85 50 84 41 72 59 72 51 64 24 90 28 45 80 76 85 37 31 101 92 19 34 72 61 61 15 54 79 58 26 41 42 83 0 39 36 45 84 16 38 26 28 90 92 41 41 60 65 89 45 40 19 89 31 55 24 94 53 62 10 33 85 47 7 74 99 80 44 108 96 60 35 86 51 76 44 10 45 48 33 86 25 61 24 49 102 93 29 49 43 97 76 71 97 52 88 20 88 26 72 31 80 71 84 34 93 77 68 61 60 24 101 17 65 53 
63 29 15 76 95 50 59 38 50 123 32 71 63 70 51 87 89 89 30 73 4 46 87 55 50 87 89 58 89 41 116 61 80 77 86 71 85 74 77 96 78 85 56 81 44 106 57 37 66 102 69 50 57 86 103 44 61 102 52 43 54 41 106 59 32 15 70 94 39 0 72 75 96 33 9 65 53 102 112 32 3 92 90 86 53 77 42 92 34 77 63 92 86 57 29 44 71 16 33 83 86 75 80 126 118 96 22 72 88 62 76 47 39 77 45 96 15 73 15 87 120 92 18 40 32 101 59 71 82 84 109 23 103 13 77 62 94 91 109 73 85 63 98 70 71 43 118 44 64 35 
9 44 62 87 73 23 28 36 29 79 40 28 12 92 32 76 87 76 60 76 72 33 105 52 27 101 18 17 27 33 65 13 11 50 53 92 13 87 5 43 39 55 50 45 32 67 18 60 87 44 94 38 22 106 74 29 19 39 70 76 21 67 46 59 44 68 19 67 36 72 0 16 66 39 73 13 24 70 65 59 73 25 36 85 44 5 31 78 46 32 16 88 16 66 45 39 92 74 40 62 102 79 8 81 66 24 58 91 16 84 12 26 57 20 38 69 59 50 58 15 76 85 57 62 60 84 87 68 103 17 59 49 66 60 63 12 61 48 53 15 93 85 34 51 50 32 75 29 65 70 
21 45 62 75 58 25 19 44 26 64 43 14 25 82 27 61 73 61 57 63 74 30 93 42 39 89 16 17 14 33 50 14 9 35 37 81 18 75 16 28 23 40 39 29 31 51 17 54 77 31 84 31 18 94 58 30 14 27 61 69 32 60 33 48 43 67 6 51 45 75 16 0 50 41 77 27 21 54 50 55 75 17 21 71 35 18 32 63 44 16 31 73 13 56 52 35 82 73 46 46 90 67 16 66 52 28 57 81 24 74 5 35 51 4 34 53 64 35 62 24 61 70 57 56 56 69 78 55 92 10 44 52 50 65 48 14 45 32 39 31 79 75 23 38 36 32 60 31 53 65 
70 73 81 47 10 63 46 83 55 28 75 39 74 59 51 21 33 19 67 36 93 57 61 41 83 55 60 58 45 63 31 60 58 20 14 57 66 48 66 30 28 12 39 22 61 13 58 60 56 38 62 49 54 62 8 65 53 45 52 65 78 60 42 39 66 82 48 4 84 96 66 50 0 72 103 77 57 6 24 65 95 53 34 33 43 69 66 20 62 34 80 32 58 44 87 55 58 86 81 13 58 38 66 32 33 72 73 56 72 56 55 77 57 47 54 3 93 23 90 73 27 28 79 58 65 20 63 31 63 54 27 79 11 93 20 60 5 20 36 81 44 56 47 25 25 61 23 67 36 68 
30 5 23 69 74 16 28 13 18 95 3 40 30 69 21 70 77 71 26 61 33 15 85 36 23 83 55 24 55 9 86 27 46 52 59 69 52 68 44 65 49 60 36 53 12 79 23 29 64 70 69 23 23 85 80 10 27 68 45 45 23 38 74 43 10 29 37 71 16 33 39 41 72 0 36 33 20 78 83 26 34 58 59 74 30 44 8 74 15 46 32 79 52 46 14 18 69 35 10 61 83 64 47 98 88 63 21 69 55 60 43 16 29 44 18 73 23 49 21 54 93 78 18 33 27 83 60 56 81 50 79 10 77 23 57 28 69 62 78 42 77 61 65 47 47 11 90 10 50 38 
63 32 22 85 102 52 63 37 53 128 34 75 62 79 55 95 98 97 38 81 13 50 96 61 49 96 90 60 92 44 121 63 81 83 92 80 86 82 78 100 83 91 63 86 47 112 59 44 75 106 78 55 60 95 110 46 64 105 60 52 53 50 110 66 37 24 73 100 38 9 73 77 103 36 0 64 56 109 117 39 12 94 94 94 59 77 45 99 40 82 62 100 88 65 28 49 80 25 32 90 95 83 81 132 123 97 29 81 88 71 78 46 47 80 50 103 13 79 15 87 126 100 23 48 40 109 68 79 91 86 114 26 109 12 85 64 101 96 113 72 94 72 101 77 77 46 123 46 72 44 
7 38 56 92 83 21 33 27 31 91 33 38 3 95 35 83 94 84 58 81 65 33 109 56 16 106 31 21 40 31 77 17 24 59 63 95 25 91 16 56 49 65 54 55 30 78 21 59 90 57 96 40 25 110 85 26 25 52 72 75 11 67 59 63 41 63 29 77 26 65 13 27 77 33 64 0 25 81 77 57 66 38 49 91 48 15 27 87 44 43 3 95 29 69 36 40 95 69 32 70 107 85 19 93 79 34 54 95 25 87 24 18 57 31 39 79 51 57 50 23 88 92 51 62 58 93 89 73 107 30 72 42 77 52 70 17 72 59 66 8 98 87 47 59 57 31 87 25 69 69 
19 24 40 66 61 6 10 26 5 77 22 20 22 70 9 59 69 60 36 55 52 9 83 30 27 80 37 6 35 11 66 10 28 37 43 69 35 65 28 45 30 44 28 36 9 61 5 35 65 50 71 14 3 84 65 9 7 48 46 51 22 43 54 37 22 46 17 56 28 53 24 21 57 20 56 25 0 62 64 35 53 39 38 66 22 29 11 63 23 27 27 70 34 44 32 15 70 52 27 48 81 59 31 80 68 46 36 69 39 61 24 20 33 24 14 58 43 35 41 39 74 68 36 38 36 71 64 48 81 31 60 30 60 44 46 11 52 43 58 33 72 62 45 35 34 10 72 11 44 46 
74 79 87 52 14 68 51 88 60 22 81 43 78 64 57 26 37 24 73 42 99 63 65 48 88 59 62 62 46 69 27 64 61 25 18 62 68 53 69 30 32 17 46 26 66 8 62 67 62 37 67 55 59 67 5 70 57 45 58 71 82 66 41 45 72 89 52 9 90 102 70 54 6 78 109 81 62 0 19 71 101 54 36 38 49 72 71 24 69 38 84 35 60 51 92 60 63 92 87 20 62 43 69 26 28 73 80 61 74 62 58 82 64 50 60 8 99 29 96 75 21 31 85 65 71 21 68 37 68 57 24 85 7 99 26 64 9 22 34 85 49 62 48 32 31 67 17 72 42 74 
71 85 96 71 33 69 55 91 64 14 86 43 75 83 62 45 57 43 84 60 109 68 85 59 88 79 53 63 38 74 7 63 54 35 26 81 60 72 63 21 34 28 56 30 71 11 63 78 80 23 86 62 61 86 25 74 58 32 73 86 82 80 26 59 79 99 50 28 92 112 65 50 24 83 117 77 64 19 0 82 110 44 28 57 58 66 75 43 77 37 81 55 52 66 96 67 82 104 91 35 82 62 62 16 9 61 89 80 65 79 53 83 75 45 67 27 106 39 103 67 11 51 94 77 82 41 86 53 87 49 6 92 13 106 42 62 21 21 17 79 68 79 35 43 42 71 11 75 57 87 
52 22 17 47 63 36 36 39 29 92 28 46 54 44 28 55 58 57 2 41 28 25 60 23 49 59 71 41 66 26 87 45 62 47 55 44 70 45 63 69 50 54 25 52 27 75 40 5 39 77 44 24 37 60 71 31 41 78 22 19 49 12 81 26 16 17 49 62 41 32 59 55 65 26 39 57 35 71 82 0 30 72 65 55 24 64 29 59 12 51 57 60 68 25 36 20 44 21 34 51 59 44 66 96 89 81 10 45 74 35 58 42 7 56 21 64 34 42 31 74 90 61 18 9 1 69 34 39 56 65 81 24 73 33 45 46 63 62 82 66 56 36 75 39 40 26 87 32 32 12 
64 29 14 73 93 50 59 39 49 121 33 71 64 67 50 85 87 87 28 70 1 45 84 53 52 84 89 58 88 41 115 62 80 76 84 68 86 71 78 95 77 84 55 80 44 104 57 34 63 102 66 49 56 83 101 44 61 101 49 40 55 39 106 57 32 13 70 92 41 3 73 75 95 34 12 66 53 101 110 30 0 92 90 84 52 78 42 89 33 77 64 89 86 55 31 43 68 13 34 81 83 73 81 125 117 97 21 69 89 59 77 48 37 77 44 94 17 72 17 88 119 90 17 38 30 99 56 69 79 84 108 24 102 16 76 63 93 90 108 74 82 60 98 69 70 43 116 44 62 32 
34 63 79 87 62 42 36 60 43 58 60 26 37 95 44 68 81 67 74 74 91 47 104 57 53 99 9 34 8 50 42 31 14 43 41 93 16 86 21 24 30 45 54 35 48 49 35 71 90 21 97 48 35 105 59 48 31 13 75 85 46 76 21 62 61 85 23 55 60 92 25 17 53 58 94 38 39 54 44 72 92 0 18 80 50 24 49 70 61 25 42 81 8 70 68 52 94 90 63 53 101 77 19 59 43 18 74 93 21 88 16 50 68 16 51 56 81 45 79 23 55 77 75 72 73 73 92 66 104 8 38 69 48 82 57 30 47 32 29 38 89 88 9 48 46 49 55 48 65 82 
43 62 76 71 44 43 31 64 41 42 61 19 46 80 39 51 64 50 67 59 89 44 88 46 60 83 26 36 10 50 29 35 26 27 24 79 32 71 35 7 16 27 43 18 47 31 36 63 76 12 83 41 35 89 41 48 31 14 64 75 54 67 16 49 58 80 22 37 65 90 36 21 34 59 94 49 38 36 28 65 90 18 0 63 41 38 50 52 56 13 52 63 24 57 71 47 80 86 65 36 85 62 34 44 30 37 70 78 38 74 24 56 60 17 46 38 82 30 80 39 39 60 72 63 65 55 80 50 89 21 23 68 30 82 41 34 29 14 19 51 73 75 13 34 32 48 39 50 51 73 
84 73 72 15 24 72 58 87 62 59 77 57 88 28 58 12 3 14 56 13 82 62 27 38 92 21 85 70 71 67 64 74 80 36 39 26 89 17 87 60 49 35 38 44 66 46 70 50 28 69 31 53 65 29 34 71 66 76 34 45 88 44 74 31 65 71 66 29 89 86 85 71 33 74 94 91 66 38 57 55 84 80 63 0 45 89 71 14 60 55 93 5 82 29 88 56 27 72 84 26 24 11 88 63 66 97 65 25 95 29 76 85 48 68 56 30 89 35 85 96 59 8 73 46 54 20 36 18 30 78 60 77 44 88 22 74 37 49 69 98 11 29 76 33 35 66 55 73 24 51 
41 30 38 44 44 27 16 43 17 69 33 24 44 48 13 40 47 41 26 33 50 17 61 7 47 57 52 27 44 23 63 31 44 24 32 47 53 43 48 45 26 32 6 28 21 52 27 21 43 53 49 8 22 61 51 26 24 55 25 34 44 26 58 15 23 41 29 41 45 53 44 35 43 30 59 48 22 49 58 24 52 50 41 45 0 49 26 44 19 28 49 49 49 21 44 12 48 45 40 31 58 37 49 72 65 63 31 47 58 40 39 40 18 35 12 43 50 20 47 58 67 48 36 22 24 52 43 26 59 45 56 36 50 49 27 32 41 38 58 56 50 40 53 17 18 21 64 28 21 32 
14 49 67 92 77 28 33 40 35 80 45 32 15 97 38 80 91 80 66 80 77 38 110 57 30 106 16 23 28 38 65 18 12 54 56 97 10 91 3 45 42 59 55 48 37 69 24 65 93 44 99 43 27 111 77 34 25 38 75 81 25 72 45 64 50 73 23 70 40 77 5 18 69 44 77 15 29 72 66 64 78 24 38 89 49 0 36 82 52 35 18 92 15 71 49 45 97 79 44 65 107 84 5 82 67 19 63 97 11 89 14 31 63 22 44 72 64 54 62 10 77 89 62 67 65 88 92 72 108 17 60 54 68 65 67 17 64 50 53 13 97 90 34 56 54 38 77 34 70 76 
23 13 31 68 68 8 20 17 10 87 11 31 24 69 14 66 73 67 30 59 41 9 85 32 21 82 46 15 47 3 77 19 37 45 52 69 44 67 36 56 41 53 32 46 5 72 14 31 64 62 70 18 15 85 74 2 18 60 46 48 19 40 65 40 13 37 28 65 19 42 31 32 66 8 45 27 11 71 75 29 42 49 50 71 26 36 0 70 17 38 27 75 43 45 21 14 70 43 16 55 82 62 39 90 80 55 27 69 47 61 34 14 30 35 14 67 32 42 30 46 85 74 26 35 31 78 62 52 82 41 71 19 70 32 53 20 62 54 69 36 75 61 56 42 41 5 83 2 47 41 
79 74 76 28 10 69 53 87 60 45 77 50 83 41 56 4 13 3 61 21 88 61 41 39 90 35 76 66 61 67 51 69 72 28 28 39 81 30 80 49 40 24 38 35 65 32 66 55 40 57 44 52 61 43 20 70 61 64 41 54 85 51 62 33 66 77 59 16 89 92 78 63 20 74 99 87 63 24 43 59 89 70 52 14 44 82 70 0 61 47 89 12 74 35 88 56 40 79 84 17 38 21 80 49 52 88 69 38 87 41 68 83 52 60 56 16 92 29 89 88 45 8 76 51 59 9 47 20 44 69 47 79 30 91 17 69 25 38 56 93 25 40 65 28 29 65 41 72 27 59 
39 13 19 54 63 23 25 29 18 88 17 37 41 54 17 57 63 58 13 47 32 14 70 22 37 68 60 29 56 13 81 33 51 43 51 54 58 52 51 61 43 51 23 46 14 71 28 14 49 68 54 15 26 69 70 18 30 68 30 31 36 23 73 29 5 24 38 60 31 34 46 44 62 15 40 44 23 69 77 12 33 61 56 60 19 52 17 61 0 43 45 65 57 31 28 9 54 29 24 50 68 50 54 91 83 69 13 54 62 45 47 30 13 45 10 63 30 39 27 62 86 64 16 18 13 70 45 42 66 54 75 17 69 30 45 34 60 56 75 53 62 46 65 37 37 13 83 20 36 24 
36 49 63 62 41 32 18 53 28 50 49 6 40 70 26 45 57 44 53 49 75 32 79 33 51 74 29 26 17 37 39 26 25 19 20 68 33 61 32 18 6 23 30 12 34 35 26 49 65 25 72 28 23 80 42 37 21 27 51 62 45 54 30 37 44 67 14 35 55 77 32 16 34 46 82 43 27 38 37 51 77 25 13 55 28 35 38 47 43 0 46 57 26 45 59 33 69 72 54 30 76 53 33 53 41 41 56 68 39 63 21 46 46 13 32 36 70 20 67 40 47 54 59 50 52 52 68 41 79 22 33 56 34 70 33 26 29 16 31 47 65 63 25 23 21 35 46 38 40 60 
10 37 55 93 85 22 35 25 32 95 32 41 6 96 36 86 96 86 58 83 63 34 110 57 13 107 34 23 44 31 81 20 28 61 66 96 28 92 20 59 52 68 55 58 31 81 23 59 91 61 97 41 27 111 88 26 27 55 73 76 9 68 62 65 41 62 32 80 24 63 16 31 80 32 62 3 27 84 81 57 64 42 52 93 49 18 27 89 45 46 0 97 33 71 34 41 96 68 30 73 108 86 23 97 83 37 54 96 28 87 28 16 58 35 40 82 49 60 48 26 92 95 50 63 58 96 89 75 108 34 75 41 80 50 72 20 75 62 69 10 100 88 51 61 59 31 91 25 71 69 
88 78 77 20 22 76 61 92 66 56 82 59 91 33 62 12 2 13 62 18 88 66 30 43 96 24 87 74 72 72 63 77 82 38 39 31 91 22 89 61 51 36 43 46 70 44 74 55 33 69 36 57 69 32 31 75 70 76 40 51 92 50 74 36 70 76 68 28 94 92 88 73 32 79 100 95 70 35 55 60 89 81 63 5 49 92 75 12 65 57 97 0 84 35 93 61 32 78 89 27 27 17 90 60 64 99 71 30 97 35 78 89 54 71 61 28 94 38 91 98 56 4 78 52 60 16 41 23 33 80 59 82 42 93 25 78 37 50 68 102 14 34 77 36 38 70 52 77 29 57 
26 57 74 88 67 35 32 52 39 66 54 26 29 95 40 72 84 71 70 76 85 43 106 55 44 101 3 28 14 45 50 24 6 46 46 94 8 88 13 31 33 49 53 38 43 55 29 68 90 29 97 44 31 107 65 41 27 22 74 82 38 74 30 61 56 80 19 60 53 86 16 13 58 52 88 29 34 60 52 68 86 8 24 82 49 15 43 74 57 26 33 84 0 69 61 48 95 86 55 57 103 79 10 67 51 15 70 94 13 88 10 43 65 14 47 61 75 47 73 15 63 81 69 69 69 78 92 67 105 4 46 63 55 75 60 23 52 38 38 29 91 88 18 50 48 44 63 42 66 79 
63 44 42 23 40 48 38 60 38 73 49 43 66 26 34 30 32 32 27 16 53 37 39 14 67 37 72 49 62 41 72 53 65 32 39 25 74 21 69 59 41 37 16 40 40 56 48 20 21 68 28 29 44 40 50 46 46 71 7 20 64 16 73 8 36 42 50 41 62 57 66 56 44 46 65 69 44 51 66 25 55 70 57 29 21 71 45 35 31 45 71 35 69 0 59 30 26 44 56 31 37 19 71 77 74 84 35 25 79 18 61 59 19 55 30 43 59 28 56 80 72 35 43 17 25 44 22 14 37 65 66 48 54 58 24 54 45 49 71 77 31 18 70 24 26 40 68 47 8 24 
35 15 26 82 89 27 41 9 32 109 11 53 34 80 35 84 91 85 36 75 30 29 97 50 21 95 63 35 67 23 99 37 55 66 74 80 59 80 50 77 62 74 50 67 25 93 34 40 75 82 80 37 36 96 94 22 39 80 57 55 25 49 85 57 23 32 48 85 10 29 45 52 87 14 28 36 32 92 96 36 31 68 71 88 44 49 21 88 28 59 34 93 61 59 0 32 81 38 5 75 95 78 53 112 101 69 28 81 60 71 52 18 41 55 32 87 15 63 14 59 107 92 21 44 37 97 71 70 93 60 93 12 91 16 72 38 83 75 90 44 90 72 76 62 61 25 104 21 64 47 
34 18 29 53 56 18 16 31 9 79 21 27 36 55 8 52 59 53 22 44 42 7 70 18 36 67 51 21 46 11 71 26 42 34 43 55 50 52 44 51 34 43 18 37 10 62 21 20 50 59 56 5 17 70 62 15 21 59 31 36 34 27 63 25 12 33 29 53 33 44 39 35 55 18 49 40 15 60 67 20 43 52 47 56 12 45 14 56 9 33 41 61 48 30 32 0 55 39 28 43 68 47 46 82 74 61 23 55 55 46 38 29 17 36 1 55 38 31 35 54 77 60 26 22 21 64 48 38 67 45 65 24 60 38 39 27 52 46 65 48 61 47 56 29 29 9 74 17 32 31 
89 66 59 11 49 74 64 83 64 85 72 68 92 1 60 37 29 39 45 22 67 62 16 40 91 16 98 75 86 66 89 79 91 53 58 1 100 10 95 80 64 55 42 61 66 71 74 40 5 89 4 55 70 15 60 71 72 94 24 28 89 32 94 33 59 56 76 54 85 71 92 82 58 69 80 95 70 63 82 44 68 94 80 27 48 97 70 40 54 69 96 32 95 26 81 55 0 55 78 47 15 20 97 89 91 110 54 2 105 9 86 84 40 80 56 55 77 49 74 106 85 35 62 36 43 47 12 29 12 91 84 68 69 76 40 80 61 69 90 104 19 8 93 46 48 65 81 72 29 36 
65 30 12 61 83 51 55 45 47 113 35 67 66 54 47 74 75 76 19 59 12 43 71 44 57 71 89 58 86 41 108 62 80 68 77 55 87 58 79 90 72 76 47 73 43 96 57 25 50 98 53 44 55 70 92 45 59 98 38 27 59 27 102 47 30 6 67 83 47 16 74 73 86 35 25 69 52 92 104 21 13 90 86 72 45 79 43 79 29 72 68 78 86 44 38 39 55 0 39 72 70 61 82 117 111 98 16 56 90 46 76 51 28 75 40 85 27 64 25 89 112 79 18 27 21 88 43 58 66 83 102 27 94 25 66 63 85 83 103 78 70 47 95 61 62 42 108 45 52 20 
30 12 26 79 84 21 36 5 26 104 7 47 30 78 30 80 87 81 34 71 33 24 94 46 18 92 58 29 61 18 93 31 49 61 68 78 54 77 45 72 57 69 46 62 20 88 29 38 73 77 78 32 30 94 89 17 33 74 55 53 21 46 80 53 19 33 43 80 7 33 40 46 81 10 32 32 27 87 91 34 34 63 65 84 40 44 16 84 24 54 30 89 55 56 5 28 78 39 0 71 92 74 48 107 95 64 27 79 55 69 47 14 38 49 28 82 19 58 18 54 101 88 21 42 35 93 69 66 91 54 87 12 86 20 67 32 78 70 84 40 87 70 70 57 57 20 99 15 60 45 
63 62 68 36 13 54 38 72 45 42 64 33 67 48 41 14 27 14 53 25 80 46 52 28 75 47 59 50 45 53 42 52 55 11 12 46 64 37 63 34 23 8 26 18 50 25 50 47 45 43 51 38 46 54 20 55 45 49 38 51 70 46 48 25 54 69 42 10 74 83 62 46 13 61 90 70 48 20 35 51 81 53 36 26 31 65 55 17 50 30 73 27 57 31 75 43 47 72 71 0 49 27 63 46 44 71 60 45 70 44 51 68 44 43 43 12 81 13 78 71 40 24 66 45 51 23 50 18 54 53 37 67 23 80 7 53 14 23 43 76 37 44 50 13 14 50 37 57 22 54 
100 80 74 14 48 85 74 97 76 83 85 76 103 16 72 36 25 38 59 27 82 74 3 51 104 3 106 86 93 79 89 90 99 58 62 15 109 15 105 84 70 58 52 66 78 70 85 54 20 93 17 66 81 5 58 83 83 99 37 43 102 46 98 43 73 71 84 54 99 86 102 90 58 83 95 107 81 62 82 59 83 101 85 24 58 107 82 38 68 76 108 27 103 37 95 68 15 70 92 49 0 23 106 87 91 118 68 14 114 24 95 97 54 88 68 54 92 56 89 115 83 31 76 50 58 43 27 35 7 98 85 83 68 91 44 91 62 73 93 115 13 23 99 52 55 77 79 85 37 51 
78 63 61 9 30 64 51 78 54 65 67 53 81 21 50 18 14 20 45 3 71 54 26 29 84 21 82 64 69 59 69 67 76 34 39 19 85 10 82 61 47 36 30 43 57 51 63 39 18 70 24 45 59 27 40 63 60 76 23 34 81 33 75 22 55 60 61 34 80 75 79 67 38 64 83 85 59 43 62 44 73 77 62 11 37 84 62 21 50 53 86 17 79 19 78 47 20 61 74 27 23 0 83 69 71 94 54 18 91 19 72 76 38 65 48 35 78 32 75 91 65 18 62 35 43 30 26 12 26 75 64 67 49 77 21 68 41 50 71 92 13 19 76 29 31 57 61 65 15 40 
18 52 70 91 74 31 33 44 36 76 48 30 19 97 39 78 89 77 67 79 80 40 109 57 35 105 11 24 24 41 61 20 8 51 53 96 5 91 3 41 39 56 55 45 39 65 25 66 93 40 99 44 28 110 74 37 25 33 75 82 29 73 40 64 52 76 21 68 44 80 8 16 66 47 81 19 31 69 62 66 81 19 34 88 49 5 39 80 54 33 23 90 10 71 53 46 97 82 48 63 106 83 0 77 62 16 66 96 8 89 11 35 64 19 45 69 68 52 66 8 73 87 65 69 67 85 93 71 108 13 56 57 64 68 65 19 61 46 48 18 96 90 29 54 52 40 73 37 69 77 
87 101 111 78 39 85 70 107 80 4 101 59 91 90 77 51 62 49 98 68 123 83 90 72 104 84 68 79 53 89 17 79 70 48 40 88 75 79 79 37 49 41 70 45 86 20 79 92 88 38 93 77 77 92 29 89 74 46 84 97 98 92 39 71 94 113 66 36 108 126 81 66 32 98 132 93 80 26 16 96 125 59 44 63 72 82 90 49 91 53 97 60 67 77 112 82 89 117 107 46 87 69 77 0 16 76 104 87 80 88 69 99 89 61 82 34 121 53 118 82 5 56 108 90 96 44 95 63 93 64 21 107 23 121 53 78 32 36 30 95 74 88 50 56 55 87 8 91 68 100 
73 91 103 80 42 74 60 95 70 16 91 48 77 92 67 54 66 52 91 69 116 73 94 67 91 88 52 66 38 79 2 66 55 43 34 90 59 81 64 23 39 37 64 37 76 20 67 86 89 22 95 68 65 96 33 78 62 30 82 94 85 88 23 67 85 106 53 37 96 118 66 52 33 88 123 79 68 28 9 89 117 43 30 66 65 67 80 52 83 41 83 64 51 74 101 74 91 111 95 44 91 71 62 16 0 60 96 89 64 88 54 86 83 48 73 36 111 47 108 66 13 60 100 85 89 50 94 62 96 49 8 97 22 111 51 65 30 27 14 80 77 88 34 51 49 77 16 80 66 95 
33 68 86 103 80 47 47 60 51 75 64 41 34 110 53 86 99 86 83 91 96 55 121 70 50 116 12 40 26 57 59 36 19 60 60 109 11 103 19 42 48 63 68 53 55 67 41 81 105 38 112 58 43 122 78 53 40 30 89 97 44 88 37 76 68 92 34 74 60 96 24 28 72 63 97 34 46 73 61 81 97 18 37 97 63 19 55 88 69 41 37 99 15 84 69 61 110 98 64 71 118 94 16 76 60 0 82 109 8 102 23 50 79 29 60 75 83 62 82 10 72 95 81 83 82 92 106 82 120 19 55 73 67 84 74 35 66 51 46 29 106 103 26 65 63 56 73 53 81 92 
50 16 7 57 72 35 39 33 31 100 22 51 51 53 31 65 68 67 9 52 19 27 70 32 44 69 73 42 70 25 94 46 64 55 63 53 71 55 63 75 56 62 34 59 27 83 41 15 48 82 53 28 39 69 80 29 43 82 32 26 45 22 86 36 14 10 51 71 35 22 58 57 73 21 29 54 36 80 89 10 21 74 70 65 31 63 27 69 13 56 54 71 70 35 28 23 54 16 27 60 68 54 66 104 96 82 0 54 74 44 60 38 17 59 24 73 24 50 21 73 98 71 8 19 11 79 43 49 65 67 87 15 81 23 55 47 72 69 88 63 66 45 79 48 48 26 95 30 42 18 
88 67 60 9 47 73 63 83 64 83 72 67 91 3 60 35 27 37 45 20 68 62 15 39 91 15 97 75 85 66 87 79 90 51 57 1 99 8 95 78 63 53 41 60 65 69 74 40 6 87 6 54 70 15 58 71 72 92 24 29 89 32 92 32 59 57 75 52 86 72 91 81 56 69 81 95 69 61 80 45 69 93 78 25 47 97 69 38 54 68 96 30 94 25 81 55 2 56 79 45 14 18 96 87 89 109 54 0 104 10 85 84 40 79 56 53 78 48 75 105 82 33 62 36 44 45 13 28 12 89 82 69 67 77 38 79 59 67 89 103 16 9 92 44 47 65 78 72 27 37 
25 60 78 99 80 39 41 51 45 79 56 38 25 106 47 84 97 84 76 87 88 48 117 65 41 113 12 33 27 49 63 28 14 58 59 105 5 99 11 44 46 62 63 51 47 69 34 75 101 42 107 52 37 118 79 45 34 34 84 91 35 82 41 72 60 84 29 73 51 88 16 24 72 55 88 25 39 74 65 74 89 21 38 95 58 11 47 87 62 39 28 97 13 79 60 55 105 90 55 70 114 91 8 80 64 8 74 104 0 98 19 41 72 26 54 75 75 59 73 2 76 94 73 77 75 91 101 79 116 17 59 65 68 76 72 27 66 51 50 20 104 98 30 62 60 48 76 45 77 86 
80 57 50 15 49 65 56 74 55 84 62 61 83 8 52 37 32 39 35 20 58 53 25 32 82 25 91 67 80 57 86 71 83 48 55 9 92 13 88 75 58 52 34 56 57 69 66 31 4 84 9 46 62 25 59 62 64 89 15 19 80 22 89 26 50 47 68 52 76 62 84 74 56 60 71 87 61 62 79 35 59 88 74 29 40 89 61 41 45 63 87 35 88 18 71 46 9 46 69 44 24 19 89 88 88 102 44 10 98 0 79 75 31 73 47 54 68 44 65 98 83 37 52 26 34 49 6 26 21 84 81 59 67 67 37 72 58 65 87 95 24 1 88 40 42 56 80 63 23 27 
19 47 64 80 62 26 23 44 29 67 44 19 22 87 30 66 78 66 60 68 75 33 98 47 37 94 13 18 16 35 53 15 4 40 42 86 13 80 11 31 28 44 44 34 33 55 19 58 82 33 89 35 21 99 63 32 17 28 65 73 31 64 35 53 46 70 10 56 44 76 12 5 55 43 78 24 24 58 53 58 77 16 24 76 39 14 34 68 47 21 28 78 10 61 52 38 86 76 47 51 95 72 11 69 54 23 60 85 19 79 0 34 55 8 37 58 65 40 63 19 64 75 60 60 59 74 83 60 97 7 47 53 54 66 53 14 50 36 41 27 84 79 24 43 41 34 63 32 58 69 
17 21 39 82 81 14 30 9 23 96 16 39 16 84 27 79 87 80 43 73 47 22 99 47 7 96 45 20 50 17 84 20 36 57 63 83 40 81 31 62 50 64 46 56 18 81 19 45 79 66 84 31 22 99 85 13 25 62 60 61 7 53 69 54 26 45 33 76 10 47 26 35 77 16 46 18 20 82 83 42 48 50 56 85 40 31 14 83 30 46 16 89 43 59 18 29 84 51 14 68 97 76 35 99 86 50 38 84 41 75 34 0 44 39 28 78 33 55 32 40 93 87 33 49 43 91 76 66 96 42 78 24 80 34 66 21 73 62 74 26 90 76 58 55 54 19 92 11 61 54 
51 26 24 41 56 35 32 42 27 85 31 42 54 40 25 48 51 50 9 35 36 24 56 16 51 54 68 39 62 26 80 44 59 40 49 40 68 39 61 63 44 47 18 46 27 68 38 3 35 71 40 20 35 56 64 31 38 73 16 18 50 10 76 19 18 24 45 55 45 39 57 51 57 29 47 57 33 64 75 7 37 68 60 48 18 63 30 52 13 46 58 54 65 19 41 17 40 28 38 44 54 38 64 89 83 79 17 40 72 31 55 44 0 52 18 57 40 36 37 72 83 54 24 5 7 62 32 32 52 61 74 29 66 39 38 45 56 55 76 66 50 32 71 32 33 26 80 33 25 14 
25 48 64 74 54 28 20 48 27 59 46 12 29 81 28 58 70 58 58 61 76 32 91 41 43 87 17 20 11 35 46 18 11 32 33 79 20 73 19 24 20 36 39 26 33 47 20 55 76 27 83 32 20 92 54 33 16 24 60 69 36 61 30 47 45 69 7 48 48 77 20 4 47 44 80 31 24 50 45 56 77 16 17 68 35 22 35 60 45 13 35 71 14 55 55 36 80 75 49 43 88 65 19 61 48 29 59 79 26 73 8 39 52 0 35 50 67 33 65 27 57 67 60 56 57 65 78 53 91 10 40 54 46 68 46 17 41 28 35 35 77 74 21 36 33 34 56 34 51 66 
33 19 30 54 56 17 15 31 8 78 21 26 36 56 7 52 59 53 23 44 43 6 70 18 36 67 50 21 45 11 71 25 41 34 42 55 49 52 43 51 33 42 18 36 9 62 20 21 51 58 57 5 16 71 62 15 20 58 32 37 33 28 62 25 12 34 28 52 33 45 38 34 54 18 50 39 14 60 67 21 44 51 46 56 12 44 14 56 10 32 40 61 47 30 32 1 56 40 28 43 68 48 45 82 73 60 24 56 54 47 37 28 18 35 0 55 39 30 36 53 76 60 27 23 22 64 49 38 68 44 64 25 60 39 39 26 51 46 64 48 61 48 55 29 29 9 74 17 32 32 
72 74 80 44 6 64 48 84 56 30 76 41 76 56 52 18 30 16 66 33 93 58 57 41 85 51 63 60 48 64 34 62 61 21 16 54 69 45 69 33 30 14 39 24 62 16 60 60 54 41 59 50 56 59 7 66 55 49 50 63 80 59 46 38 67 82 50 2 86 96 69 53 3 73 103 79 58 8 27 64 94 56 38 30 43 72 67 16 63 36 82 28 61 43 87 55 55 85 82 12 54 35 69 34 36 75 73 53 75 54 58 78 57 50 55 0 93 24 90 76 29 24 79 58 64 17 60 29 60 57 30 80 14 93 19 62 9 23 39 84 41 53 51 25 26 62 25 68 34 66 
50 20 18 81 94 39 51 24 41 118 21 63 49 76 43 87 92 89 33 75 17 38 93 53 36 93 77 47 79 32 109 50 68 73 81 77 73 79 65 88 72 81 54 76 35 101 47 39 72 94 76 44 47 93 101 34 51 92 56 50 40 46 97 59 26 23 60 91 25 15 59 64 93 23 13 51 43 99 106 34 17 81 82 89 50 64 32 92 30 70 49 94 75 59 15 38 77 27 19 81 92 78 68 121 111 83 24 78 75 68 65 33 40 67 39 93 0 69 3 73 115 94 16 43 35 101 66 72 89 73 103 14 99 1 76 51 90 84 101 59 90 69 88 68 68 34 113 33 65 41 
50 50 58 41 26 41 25 60 32 49 52 21 54 50 28 26 37 26 45 29 70 34 59 19 62 54 50 37 37 40 45 40 44 4 13 49 53 41 51 31 14 12 17 12 38 32 37 39 46 40 53 26 33 60 31 42 32 44 35 47 57 40 45 20 43 60 30 22 61 73 50 35 23 49 79 57 35 29 39 42 72 45 30 35 20 54 42 29 39 20 60 38 47 28 63 31 49 64 58 13 56 32 52 53 47 62 50 48 59 44 40 55 36 33 30 24 69 0 66 60 47 35 56 38 43 36 50 20 59 43 39 55 30 69 13 40 21 21 43 64 44 44 44 4 2 38 44 44 21 47 
48 17 15 78 90 37 48 23 39 115 18 61 48 74 41 84 89 86 30 72 16 35 91 50 35 90 75 45 77 30 106 48 66 70 78 74 71 76 63 85 69 78 51 73 32 98 44 36 69 91 73 41 44 90 98 31 48 90 53 47 39 43 95 56 23 21 58 88 24 15 58 62 90 21 15 50 41 96 103 31 17 79 80 85 47 62 30 89 27 67 48 91 73 56 14 35 74 25 18 78 89 75 66 118 108 82 21 75 73 65 63 32 37 65 36 90 3 66 0 72 112 91 13 40 32 98 63 69 86 71 100 11 96 2 73 49 87 82 99 58 87 66 86 64 65 32 110 30 62 39 
24 59 77 100 81 38 41 50 44 81 55 39 24 106 47 85 98 85 75 88 87 48 118 66 39 113 14 32 29 48 65 28 15 59 60 105 7 99 10 46 47 63 63 53 47 71 33 75 101 44 108 52 37 118 80 44 34 36 84 90 34 82 43 72 60 83 30 75 49 87 15 24 73 54 87 23 39 75 67 74 88 23 39 96 58 10 46 88 62 40 26 98 15 80 59 54 106 89 54 71 115 91 8 82 66 10 73 105 2 98 19 40 72 27 53 76 73 60 72 0 78 95 72 77 75 93 101 79 117 18 61 64 70 74 73 27 68 53 52 18 104 99 32 63 61 48 78 44 77 86 
82 95 105 73 35 80 65 101 74 3 96 54 86 86 72 47 58 45 92 63 118 78 86 67 99 80 64 73 49 84 13 74 65 43 34 84 71 74 74 32 44 35 64 39 81 15 74 86 83 34 89 71 71 88 25 84 68 42 79 92 93 86 35 65 89 107 61 31 102 120 76 61 27 93 126 88 74 21 11 90 119 55 39 59 67 77 85 45 86 47 92 56 63 72 107 77 85 112 101 40 83 65 73 5 13 72 98 82 76 83 64 93 83 57 76 29 115 47 112 78 0 52 103 85 90 40 90 58 89 60 17 101 17 115 47 73 26 31 26 91 70 83 46 50 49 81 4 86 63 94 
85 77 78 23 18 74 59 91 64 52 81 56 89 36 60 9 6 9 62 19 89 65 34 42 95 28 84 72 69 71 58 75 79 35 36 34 88 25 86 57 48 32 42 42 69 40 71 55 36 65 39 56 67 36 27 74 67 72 41 53 91 51 70 35 69 77 66 24 93 92 85 70 28 78 100 92 68 31 51 61 90 77 60 8 48 89 74 8 64 54 95 4 81 35 92 60 35 79 88 24 31 18 87 56 60 95 71 33 94 37 75 87 54 67 60 24 94 35 91 95 52 0 78 52 60 12 44 22 37 77 55 81 38 93 22 75 33 46 64 99 18 37 73 33 35 69 48 76 28 58 
48 13 5 65 79 34 41 27 32 105 17 53 48 61 33 72 76 74 17 59 16 28 78 38 39 77 72 41 71 24 98 45 63 60 68 61 70 63 62 78 60 68 39 63 26 88 40 23 56 85 61 32 39 77 86 28 43 84 40 34 41 30 89 43 14 12 52 77 29 18 57 57 79 18 23 51 36 85 94 18 17 75 72 73 36 62 26 76 16 59 50 78 69 43 21 26 62 18 21 66 76 62 65 108 100 81 8 62 73 52 60 33 24 60 27 79 16 56 13 72 103 78 0 27 19 86 51 56 73 67 91 9 86 15 61 46 77 73 91 60 74 53 80 53 54 25 100 28 50 26 
56 30 25 38 56 40 36 47 32 86 35 46 59 35 30 47 49 49 10 33 36 29 52 18 56 50 73 44 66 31 83 49 64 42 51 36 73 36 66 66 48 49 21 48 32 69 43 4 31 75 36 25 40 51 65 36 43 77 13 13 55 5 79 19 23 25 50 55 49 40 62 56 58 33 48 62 38 65 77 9 38 72 63 46 22 67 35 51 18 50 63 52 69 17 44 22 36 27 42 45 50 35 69 90 85 83 19 36 77 26 60 49 5 56 23 58 43 38 40 77 85 52 27 0 8 61 27 31 48 66 77 32 67 42 38 50 58 58 79 71 47 27 75 34 35 31 81 38 24 10 
53 23 17 46 63 37 37 41 30 92 29 47 55 43 29 55 57 56 2 41 29 27 59 23 50 58 72 42 67 27 87 47 63 47 56 43 71 44 64 69 51 54 25 52 28 75 41 4 38 77 43 25 38 59 71 32 42 79 21 17 50 11 82 26 17 17 50 62 43 32 60 56 65 27 40 58 36 71 82 1 30 73 65 54 24 65 31 59 13 52 58 60 69 25 37 21 43 21 35 51 58 43 67 96 89 82 11 44 75 34 59 43 7 57 22 64 35 43 32 75 90 60 19 8 0 68 33 38 55 66 81 25 73 34 45 48 63 62 83 67 55 35 76 39 40 27 87 33 32 10 
86 83 86 36 11 77 61 95 68 40 86 56 90 49 64 13 18 12 71 30 98 69 46 48 98 40 80 73 65 75 48 76 77 34 32 47 85 38 85 50 45 29 47 39 73 30 73 64 48 58 52 60 69 48 16 78 68 66 51 63 93 61 63 42 75 86 65 18 97 101 84 69 20 83 109 93 71 21 41 69 99 73 55 20 52 88 78 9 70 52 96 16 78 44 97 64 47 88 93 23 43 30 85 44 50 92 79 45 91 49 74 91 62 65 64 17 101 36 98 93 40 12 86 61 68 0 56 30 49 74 46 88 29 100 25 76 26 40 56 99 30 49 68 36 37 73 36 80 36 68 
82 57 48 21 56 67 60 74 58 91 62 66 85 11 55 44 38 46 34 26 55 55 28 36 83 28 95 70 85 58 92 74 87 54 61 12 96 19 91 81 64 58 39 62 58 75 69 31 8 90 10 49 65 27 66 63 67 94 17 16 82 22 95 31 50 44 72 59 76 59 87 78 63 60 68 89 64 68 86 34 56 92 80 36 43 92 62 47 45 68 89 41 92 22 71 48 12 43 69 50 27 26 93 95 94 106 43 13 101 6 83 76 32 78 49 60 66 50 63 101 90 44 51 27 33 56 0 32 23 88 87 58 73 65 43 75 64 71 93 97 30 7 93 46 48 58 86 65 29 24 
66 55 56 21 25 53 40 69 43 59 59 41 70 30 39 16 21 18 41 8 68 43 38 20 74 33 70 52 57 49 60 56 64 23 29 28 73 21 70 50 35 26 20 31 47 43 52 34 27 59 33 34 47 39 35 53 48 64 22 35 70 31 64 13 47 56 49 27 71 71 68 55 31 56 79 73 48 37 53 39 69 66 50 18 26 72 52 20 42 41 75 23 67 14 70 38 29 58 66 18 35 12 71 63 62 82 49 28 79 26 60 66 32 53 38 29 72 20 69 79 58 22 56 31 38 30 32 0 38 63 55 59 41 71 11 56 32 39 61 81 25 26 64 17 19 47 54 55 6 38 
100 78 71 17 54 85 75 95 76 89 84 78 103 12 72 42 31 44 57 29 78 74 5 51 103 10 108 87 96 78 94 91 101 61 66 12 111 17 106 88 73 62 53 70 77 76 86 52 17 97 13 66 82 4 64 83 84 103 36 39 101 44 102 44 71 67 86 59 97 82 103 92 63 81 91 107 81 68 87 56 79 104 89 30 59 108 82 44 66 79 108 33 105 37 93 67 12 66 91 54 7 26 108 93 96 120 65 12 116 21 97 96 52 91 68 60 89 59 86 117 89 37 73 48 55 49 23 38 0 101 90 80 74 88 48 91 67 77 97 115 19 20 102 55 57 77 85 84 39 47 
26 55 72 84 63 33 29 51 36 63 52 22 29 91 37 67 80 67 67 71 83 40 101 52 44 97 7 25 11 42 48 22 5 41 42 90 11 83 14 28 29 45 49 34 40 52 26 64 86 27 93 41 28 102 61 39 24 21 70 79 38 70 28 57 53 77 16 56 52 84 17 10 54 50 86 30 31 57 49 65 84 8 21 78 45 17 41 69 54 22 34 80 4 65 60 45 91 83 54 53 98 75 13 64 49 19 67 89 17 84 7 42 61 10 44 57 73 43 71 18 60 77 67 66 66 74 88 63 101 0 43 61 51 73 55 21 49 34 36 31 87 84 17 46 43 41 60 40 62 75 
66 82 94 73 37 66 51 87 61 20 82 39 70 85 59 48 60 46 83 62 107 65 88 58 83 82 47 58 32 70 6 58 48 34 26 83 54 74 57 16 31 29 55 28 67 15 59 77 82 17 88 59 57 90 29 70 54 25 73 86 77 79 19 59 77 97 45 31 88 109 59 44 27 79 114 72 60 24 6 81 108 38 23 60 56 60 71 47 75 33 75 59 46 66 93 65 84 102 87 37 85 64 56 21 8 55 87 82 59 81 47 78 74 40 64 30 103 39 100 61 17 55 91 77 81 46 87 55 90 43 0 89 17 103 44 58 23 18 10 74 72 81 29 43 41 68 17 72 58 87 
40 6 14 70 80 27 37 18 27 104 9 49 40 68 29 74 80 76 23 64 23 24 84 40 29 83 65 35 66 18 95 38 56 59 67 68 62 68 54 74 58 67 41 61 21 87 34 28 63 80 68 30 34 84 87 21 38 79 45 42 32 36 84 46 13 21 47 77 20 23 49 52 79 10 26 42 30 85 92 24 24 69 68 77 36 54 19 79 17 56 41 82 63 48 12 24 68 27 12 67 83 67 57 107 97 73 15 69 65 59 53 24 29 54 25 80 14 55 11 64 101 81 9 32 25 88 58 59 80 61 89 0 85 14 63 39 76 70 87 51 79 60 75 54 54 20 99 20 53 34 
70 79 88 58 20 66 50 86 59 19 80 40 74 70 56 32 44 30 75 47 101 62 72 49 85 66 57 60 41 68 20 61 56 26 17 68 63 59 65 24 29 18 47 24 65 2 60 69 67 30 73 55 57 73 12 69 55 39 62 75 80 69 34 48 72 90 48 15 88 103 66 50 11 77 109 77 60 7 13 73 102 48 30 44 50 68 70 30 69 34 80 42 55 54 91 60 69 94 86 23 68 49 64 23 22 67 81 67 68 67 54 80 66 46 60 14 99 30 96 70 17 38 86 67 73 29 73 41 74 51 17 85 0 99 30 61 9 18 27 81 55 67 41 33 32 66 14 71 46 77 
50 20 17 80 93 40 51 25 41 118 21 63 50 75 43 87 91 88 32 74 15 38 92 52 37 92 78 48 79 32 109 51 69 73 81 76 74 78 65 88 72 81 54 75 35 101 47 38 71 94 75 44 47 92 100 34 51 92 55 48 41 45 98 58 26 21 61 91 26 13 60 65 93 23 12 52 44 99 106 33 16 82 82 88 49 65 32 91 30 70 50 93 75 58 16 38 76 25 20 80 91 77 68 121 111 84 23 77 76 67 66 34 39 68 39 93 1 69 2 74 115 93 15 42 34 100 65 71 88 73 103 14 99 0 76 52 90 84 101 60 89 68 89 67 67 34 113 33 65 40 
63 57 62 30 17 52 37 70 43 49 61 34 67 41 39 13 24 14 47 18 74 44 47 23 73 42 62 49 49 50 49 52 57 14 18 39 66 31 64 40 26 15 22 22 48 32 49 41 38 49 44 35 45 48 26 53 45 55 31 44 68 39 54 19 50 63 43 17 72 77 63 48 20 57 85 70 46 26 42 45 76 57 41 22 27 67 53 17 45 33 72 25 60 24 72 39 40 66 67 7 44 21 65 53 51 74 55 38 72 37 53 66 38 46 39 19 76 13 73 73 47 22 61 38 45 25 43 11 48 55 44 63 30 76 0 53 21 29 50 77 32 37 55 11 13 48 44 55 15 47 
10 33 51 76 65 12 16 30 17 76 30 21 14 80 20 66 76 66 48 64 61 20 93 40 25 90 26 5 29 22 64 1 17 41 46 79 24 75 16 42 32 48 38 38 20 62 6 47 75 45 82 25 10 94 68 18 8 41 57 63 19 55 48 47 33 57 12 60 31 62 12 14 60 28 64 17 11 64 62 46 63 30 34 74 32 17 20 69 34 26 20 78 23 54 38 27 80 63 32 53 91 68 19 78 65 35 47 79 27 72 14 21 45 17 26 62 51 40 49 27 73 75 46 50 48 76 75 56 91 21 58 39 61 52 53 0 55 43 53 24 81 73 37 41 40 21 72 18 53 58 
65 70 79 50 15 58 42 79 51 28 72 34 69 62 48 25 38 23 65 39 91 54 65 40 79 59 55 53 39 60 28 55 52 17 9 60 60 51 61 24 23 9 38 17 57 11 53 59 59 32 65 46 50 66 13 61 48 40 52 65 73 60 37 38 64 81 43 8 80 94 61 45 5 69 101 72 52 9 21 63 93 47 29 37 41 64 62 25 60 29 75 37 52 45 83 52 61 85 78 14 62 41 61 32 30 66 72 59 66 58 50 73 56 41 51 9 90 21 87 68 26 33 77 58 63 26 64 32 67 49 23 76 9 90 21 55 0 14 31 76 49 58 41 24 23 58 23 63 37 67 
52 64 75 59 29 49 33 70 43 34 65 22 56 70 41 37 50 36 64 47 88 46 76 40 68 70 40 42 24 52 25 43 38 17 10 68 46 60 47 11 12 14 37 9 50 19 43 59 66 20 72 41 40 77 27 53 37 26 56 68 62 61 25 41 58 79 30 22 71 91 48 32 20 62 96 59 43 22 21 62 90 32 14 49 38 50 54 38 56 16 62 50 38 49 75 46 69 83 70 23 73 50 46 36 27 51 69 67 51 65 36 62 55 28 46 23 84 21 82 53 31 46 73 58 62 40 71 39 77 34 18 70 18 84 29 43 14 0 22 63 60 65 27 25 23 50 29 54 42 68 
60 81 94 80 46 62 50 83 60 29 80 38 64 91 58 56 69 55 84 68 107 63 96 61 78 90 38 55 25 69 13 54 41 39 32 89 45 81 50 13 31 35 58 31 66 26 55 80 88 8 94 59 54 98 39 67 50 16 78 90 72 82 9 63 76 98 41 39 84 109 53 39 36 78 113 66 58 34 17 82 108 29 19 69 58 53 69 56 75 31 69 68 38 71 90 65 90 103 84 43 93 71 48 30 14 46 88 89 50 87 41 74 76 35 64 39 101 43 99 52 26 64 91 79 83 56 93 61 97 36 10 87 27 101 50 53 31 22 0 67 80 87 20 47 45 67 27 69 64 89 
14 47 65 100 88 30 40 35 39 94 42 43 12 104 43 90 101 90 67 89 73 41 117 64 23 114 29 28 41 39 79 24 25 64 68 103 22 99 16 58 53 70 62 60 39 82 29 68 99 58 105 48 33 118 89 34 32 52 80 84 19 76 59 71 50 72 33 82 34 73 15 31 81 42 72 8 33 85 79 66 74 38 51 98 56 13 36 93 53 47 10 102 29 77 44 48 104 78 40 76 115 92 18 95 80 29 63 103 20 95 27 26 66 35 48 84 59 64 58 18 91 99 60 71 67 99 97 81 115 31 74 51 81 60 77 24 76 63 67 0 106 96 47 65 64 40 90 34 77 78 
91 75 72 9 35 77 65 91 68 70 80 65 94 20 63 23 12 25 57 17 81 67 16 43 97 10 94 77 81 72 76 81 89 46 49 18 98 11 95 71 59 46 44 54 71 57 77 51 21 80 23 58 72 18 45 76 73 86 34 43 94 44 85 35 67 70 74 41 93 85 93 79 44 77 94 98 72 49 68 56 82 89 73 11 50 97 75 25 62 65 100 14 91 31 90 61 19 70 87 37 13 13 96 74 77 106 66 16 104 24 84 90 50 77 61 41 90 44 87 104 70 18 74 47 55 30 30 25 19 87 72 79 55 89 32 81 49 60 80 106 0 23 87 41 43 70 66 78 28 50 
81 58 51 14 49 65 57 75 56 84 63 62 84 8 53 37 31 39 36 19 59 54 24 33 83 24 91 67 80 58 86 72 84 48 55 8 93 12 88 75 59 52 35 56 57 69 67 31 3 85 9 47 63 24 59 63 65 89 15 20 81 23 90 26 50 48 69 52 77 63 85 75 56 61 72 87 62 62 79 36 60 88 75 29 40 90 61 40 46 63 88 34 88 18 72 47 8 47 70 44 23 19 90 88 88 103 45 9 98 1 79 76 32 74 48 53 69 44 66 99 83 37 53 27 35 49 7 26 20 84 81 60 67 68 37 73 58 65 87 96 23 0 88 41 43 57 79 64 23 28 
43 69 85 85 57 48 40 68 48 49 67 29 46 94 48 64 77 63 77 72 97 52 102 58 61 97 18 40 9 56 33 38 23 41 37 93 25 85 31 17 29 41 55 32 54 41 41 74 90 12 97 51 41 103 53 54 37 4 76 87 55 79 11 62 66 89 28 50 68 98 34 23 47 65 101 47 45 48 35 75 98 9 13 76 53 34 56 65 65 25 51 77 18 70 76 56 93 95 70 50 99 76 29 50 34 26 79 92 30 88 24 58 71 21 55 51 88 44 86 32 46 73 80 75 76 68 93 64 102 17 29 75 41 89 55 37 41 27 20 47 87 88 0 47 45 55 46 55 65 85 
51 48 55 38 26 41 25 59 32 52 50 24 55 46 28 24 35 25 41 25 67 33 55 16 62 51 53 38 40 39 49 41 47 8 16 45 56 38 53 35 18 15 14 16 37 35 38 35 42 44 49 24 33 56 33 42 33 48 31 43 57 36 49 16 41 57 33 23 61 70 51 38 25 47 77 59 35 32 43 39 69 48 34 33 17 56 42 28 37 23 61 36 50 24 62 29 46 61 57 13 52 29 54 56 51 65 48 44 62 40 43 55 32 36 29 25 68 4 64 63 50 33 53 34 39 36 46 17 55 46 43 54 33 67 11 41 24 25 47 65 41 41 47 0 2 37 47 44 17 44 
50 48 55 40 27 40 24 58 31 51 50 22 54 49 27 26 37 26 42 28 68 32 58 17 61 53 51 36 38 39 47 39 45 6 15 47 54 40 51 33 16 14 15 14 36 34 36 36 44 42 51 24 32 59 33 41 32 46 33 45 56 38 47 18 41 58 31 23 60 71 50 36 25 47 77 57 34 31 42 40 70 46 32 35 18 54 41 29 37 21 59 38 48 26 61 29 48 62 57 14 55 31 52 55 49 63 48 47 60 42 41 54 33 33 29 26 68 2 65 61 49 35 54 35 40 37 48 19 57 43 41 54 32 67 13 40 23 23 45 64 43 43 45 2 0 36 46 43 19 45 
25 14 30 63 64 9 16 22 7 84 14 29 28 65 9 61 68 62 27 54 42 4 80 27 26 77 47 16 45 2 74 20 38 41 48 64 45 62 37 53 37 49 27 42 1 68 15 28 60 59 66 13 13 80 69 5 17 58 41 44 24 36 63 35 12 36 26 60 24 43 32 32 61 11 46 31 10 67 71 26 43 49 48 66 21 38 5 65 13 35 31 70 44 40 25 9 65 42 20 50 77 57 40 87 77 56 26 65 48 56 34 19 26 34 9 62 34 38 32 48 81 69 25 31 27 73 58 47 77 41 68 20 66 34 48 21 58 50 67 40 70 57 55 37 36 0 79 7 42 38 
81 93 102 69 31 78 63 99 72 5 94 52 85 82 69 43 54 41 89 59 115 75 82 64 97 76 64 72 49 81 15 72 65 40 31 80 71 70 74 32 42 32 61 37 79 12 72 83 80 34 85 69 69 84 21 82 67 43 76 89 91 83 37 62 86 104 59 27 101 118 75 60 23 90 123 87 72 17 11 87 116 55 39 55 64 77 83 41 83 46 91 52 63 68 104 74 81 108 99 37 79 61 73 8 16 73 95 78 76 80 63 92 80 56 74 25 113 44 110 78 4 48 100 81 87 36 86 54 85 60 17 99 14 113 44 72 23 29 27 90 66 79 46 47 46 79 0 84 59 91 
20 15 33 71 70 6 21 15 12 88 12 32 21 72 16 68 76 69 33 61 43 11 87 35 19 85 45 14 46 6 78 17 36 47 54 72 42 69 34 56 42 55 34 47 7 72 13 34 67 61 73 20 14 87 75 2 18 59 48 51 17 43 65 43 16 39 27 66 17 44 29 31 67 10 46 25 11 72 75 32 44 48 50 73 28 34 2 72 20 38 25 77 42 47 21 17 72 45 15 57 85 65 37 91 80 53 30 72 45 63 32 11 33 34 17 68 33 44 30 44 86 76 28 38 33 80 65 55 84 40 72 20 71 33 55 18 63 54 69 34 78 64 55 44 43 7 84 0 50 44 
62 49 49 22 31 49 37 63 39 64 53 39 66 29 35 22 27 24 34 11 61 38 40 14 69 36 69 49 57 44 64 53 62 25 32 28 71 21 67 52 35 29 15 33 42 48 48 27 25 61 31 30 44 41 41 48 45 65 16 29 65 24 66 7 41 49 47 32 65 64 65 53 36 50 72 69 44 42 57 32 62 65 51 24 21 70 47 27 36 40 71 29 66 8 64 32 29 52 60 22 37 15 69 68 66 81 42 27 77 23 58 61 25 51 32 34 65 21 62 77 63 28 50 24 32 36 29 6 39 62 58 53 46 65 15 53 37 42 64 77 28 23 65 17 19 42 59 50 0 32 
64 34 23 40 64 48 46 51 41 96 39 56 66 35 39 54 55 56 11 38 31 37 52 28 61 52 82 53 76 38 93 57 73 52 60 36 82 38 75 76 58 59 31 58 39 79 52 11 31 85 34 34 49 51 73 43 52 87 17 8 61 7 90 28 28 20 59 64 53 35 70 65 68 38 44 69 46 74 87 12 32 82 73 51 32 76 41 59 24 60 69 57 79 24 47 31 36 20 45 54 51 40 77 100 95 92 18 37 86 27 69 54 14 66 32 66 41 47 39 86 94 58 26 10 10 68 24 38 47 75 87 34 77 40 47 58 67 68 89 78 50 28 85 44 45 38 91 44 32 0 
6 11 9 20 3 17 18 14 1 12 4 10 8 1 17 18 20 18 14 6 14 9 6 17 16 3 2 17 5 13 11 16 18 15 20 13 10 11 9 13 10 10 14 15 12 2 14 17 11 10 11 19 11 16 18 5 2 20 3 10 1 19 11 1 9 13 6 17 8 19 4 10 20 18 10 8 5 1 6 8 18 16 2 18 16 16 16 16 4 18 15 7 6 20 3 11 19 20 3 7 9 14 2 12 14 9 17 17 14 13 1 16 9 2 19 1 14 13 14 12 15 17 18 1 19 6 12 7 3 9 5 18 5 4 2 1 12 1 14 18 11 7 13 18 14 8 4 3 1 1 
30 30 30 30 30 30 30 30 30 30 30 30 30 30 30 30 30 30 30 30 30 30 30 30 30 30 30 30 30 30 30 30 30 30 30 30 30 30 30 30 30 30 30 30 30 30 30 30 30 30 30 30 30 30 30 30 30 30 30 30 30 30 30 30 30 30 30 30 30 30 30 30 30 30 30 30 30 30 30 30 30 30 30 30 30 30 30 30 30 30 30 30 30 30 30 30 30 30 30 30 30 30 30 30 30 30 30 30 30 30 30 30 30 30 30 30 30 30 30 30 30 30 30 30 30 30 30 30 30 30 30 30 30 30 30 30 30 30 30 30 30 30 30 30 30 30 30 30 30 30 