7 23 150 60 11
0 36 21 72 29 61 63 67 64 44 68 34 53 23 34 65 59 65 44 57 63 50 64 86 59 7 23 19 64 75 72 79 66 6 59 28 23 42 15 32 59 67 32 79 23 54 88 73 23 29 30 26 49 31 32 39 22 68 16 18 70 23 32 28 10 77 32 56 22 15 59 15 50 32 30 60 34 38 37 60 56 33 41 35 45 49 71 46 64 16 44 55 72 51 67 16 53 30 22 14 52 72 53 27 35 55 75 36 46 8 33 55 79 61 34 75 48 69 13 38 44 32 65 60 64 57 15 69 57 43 62 25 57 36 67 44 66 14 39 25 28 70 55 16 44 70 26 78 15 26 
36 0 46 41 50 37 95 82 41 51 37 7 20 36 35 48 45 89 38 42 78 17 85 87 82 29 23 46 88 78 80 81 90 41 63 9 40 27 51 13 76 56 17 82 49 35 87 73 52 52 46 53 58 68 62 40 59 31 23 52 80 46 68 44 40 79 61 82 59 28 34 21 85 23 67 81 36 75 53 27 61 15 72 50 12 65 48 79 89 21 42 55 41 65 83 26 82 6 31 30 77 41 16 42 56 87 63 23 80 43 47 33 82 45 44 69 63 33 45 6 52 12 88 26 35 64 34 57 85 70 82 11 91 19 61 49 99 49 74 26 59 42 36 52 69 57 45 84 21 60 
21 46 0 87 51 78 75 88 82 66 83 47 66 45 55 84 79 82 64 77 83 63 83 108 78 26 24 40 82 97 93 101 83 25 81 42 8 61 28 47 79 88 34 101 3 72 110 94 41 7 51 7 71 36 48 61 24 77 34 14 92 44 41 10 32 99 49 72 30 35 76 29 58 50 34 79 55 43 59 73 78 35 56 14 50 70 89 59 80 32 66 77 87 73 88 20 68 40 44 16 70 87 60 49 56 68 96 54 56 26 14 73 101 80 56 97 70 79 10 45 66 36 84 72 80 79 37 90 72 60 81 39 66 53 88 65 77 17 46 22 44 86 73 23 62 90 47 100 31 18 
72 41 87 0 72 18 118 87 20 59 4 40 21 60 50 29 33 105 43 32 85 24 97 77 97 65 64 73 102 72 79 73 105 75 63 45 81 35 85 40 86 41 57 75 90 27 75 65 80 93 66 94 65 101 88 50 95 19 56 90 81 71 100 85 71 71 87 101 93 59 18 58 114 42 101 94 50 107 70 14 64 55 96 91 43 76 21 105 106 56 47 54 2 74 89 67 103 47 55 71 94 3 33 63 75 111 44 39 109 76 88 24 75 31 59 56 74 19 84 44 61 52 101 16 8 67 63 41 106 92 93 48 118 37 51 57 122 86 105 67 86 9 26 88 89 40 68 80 57 98 
29 50 51 72 0 55 46 37 56 20 67 44 58 14 22 52 46 39 30 45 33 57 36 58 32 29 49 10 37 48 43 52 39 25 33 41 53 37 26 39 29 50 56 51 51 46 61 46 12 57 5 54 22 37 16 23 38 75 29 41 41 6 33 58 19 50 15 31 32 24 54 35 43 31 39 32 21 41 8 63 29 56 24 65 62 19 62 33 38 33 27 32 71 22 37 43 32 47 19 43 26 70 66 9 6 38 57 33 37 24 63 48 52 49 13 52 19 76 41 56 19 53 38 65 63 29 18 52 35 20 33 40 46 37 45 21 50 36 37 52 16 66 47 33 18 53 5 49 33 46 
61 37 78 18 55 0 100 68 4 41 15 33 21 44 33 13 15 86 25 13 66 23 78 61 78 54 58 58 83 54 60 56 86 62 44 37 74 19 71 31 67 25 54 58 81 8 59 48 64 85 49 85 46 87 71 32 82 32 45 79 62 55 85 79 57 54 70 82 79 46 2 48 98 29 87 75 33 93 52 19 45 52 79 86 44 58 11 88 87 46 29 35 17 55 70 59 85 41 41 62 76 16 38 46 57 93 29 25 92 63 83 6 58 13 41 40 55 33 74 42 42 49 82 23 11 48 48 25 87 74 75 39 101 25 34 38 105 75 90 62 69 11 7 75 71 24 51 62 47 87 
63 95 75 118 46 100 0 49 101 60 114 89 104 60 68 96 90 24 75 89 47 103 34 81 29 67 86 48 27 73 63 77 25 57 65 85 81 83 48 85 42 90 95 74 73 92 86 75 42 79 52 74 57 39 32 68 51 121 71 61 59 49 34 85 55 76 33 20 45 66 100 75 19 77 42 34 68 33 48 110 63 96 23 89 106 45 106 16 21 74 72 70 117 49 47 79 15 90 65 76 26 116 111 55 43 8 95 80 19 55 89 94 75 92 59 86 48 123 65 99 59 94 30 112 109 60 60 91 14 26 36 83 11 83 82 62 4 58 29 88 36 112 93 52 29 93 50 69 74 59 
67 82 88 87 37 68 49 0 67 31 84 75 81 48 47 59 54 25 46 55 4 82 15 32 20 66 85 47 22 25 14 28 24 62 24 73 90 58 61 69 9 49 91 25 88 61 37 29 47 94 38 91 24 66 43 42 72 98 64 77 10 44 60 96 56 27 42 29 65 59 69 70 60 59 69 15 46 66 30 84 23 90 41 102 94 18 70 48 28 68 42 33 85 17 2 80 35 80 52 80 25 85 94 42 31 45 52 59 54 61 101 64 26 57 38 40 19 99 78 88 30 87 19 88 80 20 54 50 35 34 13 73 56 63 39 33 53 73 60 89 45 79 61 68 29 52 41 20 68 81 
64 41 82 20 56 4 101 67 0 41 17 37 25 46 34 10 13 86 26 12 65 27 78 58 78 57 62 60 83 52 58 53 86 65 43 40 77 22 73 34 66 22 58 55 84 10 56 45 66 88 50 88 46 89 73 33 85 35 48 82 61 56 87 82 60 51 72 83 81 49 7 52 99 32 90 75 35 95 52 23 44 56 80 89 48 57 7 89 87 49 29 34 18 55 69 62 86 45 43 66 76 17 42 48 58 94 25 28 94 66 87 9 55 10 42 37 55 36 77 46 42 53 82 27 14 47 51 22 88 75 74 43 102 28 31 39 105 78 92 66 71 11 9 78 71 21 53 59 50 90 
44 51 66 59 20 41 60 31 41 0 55 44 50 21 16 35 29 45 16 28 27 50 38 41 37 41 58 29 42 31 29 35 45 41 14 42 66 27 45 38 27 30 61 35 67 32 43 28 32 73 16 71 7 57 36 11 57 67 36 59 29 24 53 72 35 33 35 42 52 32 41 42 62 28 59 34 15 61 13 54 12 61 41 79 63 17 45 50 46 40 12 12 58 15 32 54 45 49 24 55 35 57 63 17 19 54 37 28 56 41 77 35 35 31 9 32 14 68 57 57 1 57 41 57 51 13 29 32 47 35 34 43 63 32 25 2 65 54 57 62 36 52 33 51 31 33 20 34 40 65 
68 37 83 4 67 15 114 84 17 55 0 36 17 55 45 27 30 101 39 29 81 20 93 75 93 61 60 69 98 69 75 70 101 70 60 41 77 30 80 36 82 39 54 73 86 23 73 63 75 89 62 90 61 97 83 45 90 19 52 85 78 66 95 81 67 68 82 96 88 54 14 54 110 38 97 90 46 103 65 11 60 52 92 88 40 72 19 101 102 52 43 50 4 70 85 63 99 43 51 67 90 4 31 58 70 106 42 34 104 72 85 20 72 27 55 54 70 19 80 41 57 49 97 14 4 63 58 39 101 87 89 44 114 33 48 53 118 82 101 63 81 7 22 83 84 38 64 77 53 94 
34 7 47 40 44 33 89 75 37 44 36 0 19 30 28 42 39 83 31 36 71 16 78 80 76 26 25 41 81 71 72 74 84 37 56 5 41 21 48 6 69 50 21 75 50 29 80 66 47 53 40 54 51 65 57 33 56 34 19 50 73 40 64 46 36 72 56 76 56 23 30 18 81 16 64 74 29 71 47 26 54 20 66 53 19 58 44 74 83 17 35 48 40 58 76 27 76 8 25 31 70 40 21 36 49 81 57 16 76 39 50 28 75 39 37 63 56 35 44 13 45 16 81 26 33 57 29 51 80 64 75 8 87 13 55 42 93 47 71 29 54 39 30 50 63 51 39 77 18 58 
53 20 66 21 58 21 104 81 25 50 17 19 0 44 37 34 33 94 35 31 78 3 88 79 87 45 43 57 92 72 76 74 95 56 59 24 60 23 66 21 78 44 36 76 69 23 78 66 63 72 52 73 57 83 72 39 75 17 37 70 77 55 82 64 53 72 72 89 74 40 18 38 98 26 83 85 38 90 58 7 58 34 82 70 24 67 31 90 95 37 39 50 21 66 83 46 90 26 39 50 83 21 17 49 62 96 50 24 93 58 67 20 76 32 47 59 65 18 64 23 52 32 92 7 15 62 45 45 93 78 85 27 103 21 52 48 108 67 88 46 70 22 23 69 76 44 53 79 37 78 
23 36 45 60 14 44 60 48 46 21 55 30 44 0 12 45 39 53 22 37 43 43 49 63 46 20 37 13 51 52 50 56 53 21 36 26 45 25 28 25 41 45 43 56 46 36 65 49 20 52 10 50 26 43 28 16 40 61 16 39 49 11 40 51 15 54 27 46 36 11 43 22 54 17 44 45 12 48 18 50 33 43 37 58 48 30 52 46 53 20 21 31 59 31 48 33 46 33 5 33 40 58 52 6 19 52 52 20 49 21 56 37 56 41 11 51 28 63 37 41 21 40 51 52 51 34 7 47 49 34 46 26 59 23 43 20 64 35 46 41 26 55 37 33 33 48 9 55 20 46 
34 35 55 50 22 33 68 47 34 16 45 28 37 12 0 33 27 57 10 25 43 36 51 55 50 28 43 25 55 45 45 49 58 32 29 26 53 14 40 22 41 33 45 49 56 24 57 41 31 62 16 60 23 55 38 6 52 54 21 51 45 22 52 59 27 47 37 52 48 19 32 28 65 12 56 48 1 60 21 42 27 45 46 66 47 31 41 55 58 25 10 22 48 30 48 40 53 33 11 41 46 48 48 13 25 61 41 13 59 33 64 26 50 29 10 42 28 55 47 41 17 41 55 44 41 29 18 35 56 42 48 27 68 16 33 14 73 46 57 47 36 44 25 45 39 36 18 50 26 58 
65 48 84 29 52 13 96 59 10 35 27 42 34 45 33 0 6 79 23 8 57 36 70 48 71 58 66 58 76 42 49 43 79 65 35 45 81 23 73 39 59 12 64 46 86 12 46 36 63 91 47 91 39 88 69 29 85 45 50 83 52 54 85 86 60 41 68 77 81 50 15 55 96 33 89 67 33 93 47 32 36 63 76 93 56 51 10 85 81 52 25 26 27 48 61 66 80 51 43 69 70 26 50 45 53 89 16 30 90 66 91 14 45 4 39 27 48 46 79 53 36 59 74 36 24 39 51 12 82 70 67 48 98 31 21 33 100 78 89 71 68 20 12 78 66 11 50 50 53 90 
59 45 79 33 46 15 90 54 13 29 30 39 33 39 27 6 0 73 17 2 52 35 65 46 65 53 63 52 70 39 45 41 73 59 30 41 76 19 67 35 53 11 61 43 81 10 44 33 57 86 41 86 33 82 63 23 79 47 45 77 47 48 78 82 54 39 62 71 75 44 17 50 90 29 83 62 27 86 41 34 30 60 70 89 55 45 16 79 75 47 18 21 31 42 56 62 74 48 37 64 64 30 50 39 47 83 17 25 84 60 86 13 43 2 32 25 42 48 73 51 30 56 69 38 26 34 45 12 76 64 61 44 92 27 19 27 94 73 83 67 62 25 10 72 60 12 44 46 48 85 
65 89 82 105 39 86 24 25 86 45 101 83 94 53 57 79 73 0 61 73 24 94 10 57 7 67 87 46 3 50 39 53 1 59 45 80 87 71 53 77 20 71 94 50 81 78 62 53 42 87 43 83 40 52 33 55 61 112 68 69 35 44 45 91 55 53 33 9 54 62 86 73 39 68 55 11 56 49 36 99 43 94 26 97 101 28 89 29 3 71 57 52 103 31 23 81 15 86 58 79 13 102 105 47 33 23 75 70 35 57 96 81 51 76 47 65 31 113 72 95 44 92 6 102 96 40 56 72 12 22 13 79 34 74 62 47 28 65 44 90 37 97 78 59 21 74 44 45 71 70 
44 38 64 43 30 25 75 46 26 16 39 31 35 22 10 23 17 61 0 15 43 35 54 49 53 38 50 35 58 39 42 43 61 43 25 31 63 12 50 26 43 23 51 43 66 17 49 34 40 72 24 70 22 65 46 6 62 51 30 61 43 31 61 68 37 40 45 57 58 29 25 36 73 16 66 50 10 69 26 38 24 51 54 75 50 33 31 63 62 34 4 16 42 31 48 48 59 38 21 50 50 41 49 22 31 67 31 14 67 43 73 19 44 19 16 33 30 52 57 44 17 47 57 41 35 27 28 25 62 49 50 33 76 18 24 13 79 56 66 55 45 37 17 55 45 26 27 45 34 68 
57 42 77 32 45 13 89 55 12 28 29 36 31 37 25 8 2 73 15 0 52 33 65 48 65 51 60 50 70 41 46 43 73 57 30 39 74 16 65 32 54 13 58 45 79 8 47 35 55 84 39 83 33 80 61 21 77 45 42 75 49 46 77 79 52 41 61 70 73 42 15 47 88 26 81 62 25 85 40 32 31 57 68 86 52 45 17 78 75 45 17 21 30 42 56 59 73 45 35 62 64 30 48 37 46 82 20 22 82 58 84 11 45 4 31 28 42 46 71 48 30 53 69 36 25 34 43 15 76 63 61 41 91 25 21 26 93 70 82 64 60 24 8 70 59 14 42 48 46 82 
63 78 83 85 33 66 47 4 65 27 81 71 78 43 43 57 52 24 43 52 0 78 14 34 18 62 81 43 21 26 16 30 23 58 22 69 86 55 56 65 5 48 86 27 83 58 39 29 42 90 34 86 20 62 39 38 67 94 60 73 12 39 56 91 52 29 38 27 60 55 67 66 57 55 65 13 42 62 25 81 21 86 37 98 90 13 68 44 26 64 39 30 83 13 5 76 33 76 48 75 22 82 91 37 27 43 51 55 51 56 96 61 28 55 34 40 15 96 73 84 26 83 18 85 77 17 50 49 33 30 11 69 54 59 38 29 51 68 57 85 41 77 59 63 25 51 37 22 64 77 
50 17 63 24 57 23 103 82 27 50 20 16 3 43 36 36 35 94 35 33 78 0 88 81 86 43 40 55 92 73 77 75 94 54 60 22 57 23 64 19 78 46 33 77 66 25 80 67 62 69 51 70 57 81 71 39 73 18 35 67 78 54 80 61 51 73 70 88 72 38 20 35 96 25 80 84 37 87 57 10 59 31 80 67 21 67 33 89 94 34 39 51 24 66 83 43 89 23 38 47 82 24 14 48 61 95 52 23 91 55 64 22 77 34 46 61 64 19 61 20 52 28 91 9 18 62 44 47 92 77 84 25 101 20 54 48 107 64 86 43 68 25 25 66 75 47 52 80 35 75 
64 85 83 97 36 78 34 15 78 38 93 78 88 49 51 70 65 10 54 65 14 88 0 47 6 65 85 44 7 40 29 43 9 58 36 75 87 65 55 73 11 62 92 40 82 70 52 43 42 89 39 85 32 56 35 48 64 105 65 71 25 42 50 92 53 42 34 15 57 60 79 71 46 63 59 4 50 55 31 92 34 92 30 98 97 21 81 35 13 69 50 43 95 23 13 79 22 82 54 78 14 95 100 43 30 31 66 64 42 57 97 73 41 67 41 55 23 106 73 91 36 89 4 95 89 31 54 63 20 24 3 75 42 68 52 40 38 67 49 88 38 89 71 61 21 65 41 35 69 73 
86 87 108 77 58 61 81 32 58 41 75 80 79 63 55 48 46 57 49 48 34 81 47 0 52 82 99 69 54 10 18 6 56 82 26 80 108 60 84 75 39 36 101 7 108 56 5 14 71 115 56 112 36 93 70 49 97 93 77 100 22 64 88 114 76 8 69 61 90 74 63 84 91 65 96 47 54 95 50 80 29 100 70 121 98 41 56 78 60 81 46 33 75 38 34 95 67 88 65 96 56 74 95 58 54 77 34 64 85 82 119 59 6 48 51 21 40 94 99 93 41 96 51 84 72 29 70 36 67 63 45 82 88 67 27 42 85 95 90 103 72 68 56 91 58 37 61 12 81 105 
59 82 78 97 32 78 29 20 78 37 93 76 87 46 50 71 65 7 53 65 18 86 6 52 0 61 81 40 5 44 34 48 8 53 38 73 82 64 49 70 13 63 88 45 77 70 57 47 36 83 36 79 32 50 29 47 58 104 61 65 30 38 43 87 49 47 29 9 51 56 78 67 40 61 53 5 49 48 29 91 36 88 24 92 94 20 82 29 9 65 49 45 95 23 18 75 16 79 51 73 8 95 97 40 26 25 68 63 35 52 91 73 46 68 39 58 23 105 67 88 36 85 6 94 89 33 50 65 15 18 7 72 36 66 55 39 33 61 43 84 33 89 70 55 15 66 37 40 65 67 
7 29 26 65 29 54 67 66 57 41 61 26 45 20 28 58 53 67 38 51 62 43 65 82 61 0 20 21 66 72 69 76 68 11 56 21 25 35 21 24 58 62 28 76 28 47 84 69 25 33 28 32 46 38 35 35 30 60 9 25 68 23 38 31 12 74 35 58 29 9 52 8 56 25 37 61 29 45 36 52 53 28 45 38 39 48 64 51 66 8 39 50 65 50 67 14 56 24 17 13 54 64 46 25 35 59 69 29 51 13 36 48 76 55 31 70 47 62 20 32 41 26 67 53 57 54 12 63 60 45 62 18 62 29 62 40 71 21 45 23 31 63 48 23 46 64 25 75 8 33 
23 23 24 64 49 58 86 85 62 58 60 25 43 37 43 66 63 87 50 60 81 40 85 99 81 20 0 41 86 88 87 92 88 29 72 21 17 43 38 27 78 73 10 92 27 54 100 84 45 29 47 31 64 53 54 49 41 53 21 32 87 43 55 21 32 90 54 78 44 26 55 15 72 34 51 81 44 60 55 50 70 12 64 27 26 67 69 69 86 17 53 66 64 68 86 6 76 17 34 10 74 64 36 43 55 78 80 37 69 31 25 53 93 63 48 84 66 55 26 21 58 12 87 49 58 72 31 74 80 65 82 18 80 35 75 56 89 31 61 4 50 64 55 36 66 74 44 93 17 40 
19 46 40 73 10 58 48 47 60 29 69 41 57 13 25 58 52 46 35 50 43 55 44 69 40 21 41 0 45 58 53 63 47 14 43 36 43 39 16 36 39 57 48 61 40 50 72 56 6 47 13 43 32 30 15 29 28 74 23 31 51 4 26 48 9 61 15 37 23 18 57 27 41 31 31 40 25 34 19 63 39 49 25 54 57 30 66 33 45 26 34 41 72 32 47 35 36 42 18 33 33 72 63 13 16 40 64 34 35 13 53 51 62 54 20 61 29 75 30 50 28 46 46 65 65 40 12 59 39 24 42 35 45 36 54 29 52 26 32 44 12 69 50 22 25 60 8 60 26 36 
64 88 82 102 37 83 27 22 83 42 98 81 92 51 55 76 70 3 58 70 21 92 7 54 5 66 86 45 0 47 36 50 2 58 42 78 86 69 53 75 17 68 93 47 81 75 59 50 41 87 41 83 37 53 33 53 61 109 66 69 32 43 46 91 54 50 33 10 54 61 84 72 41 66 56 8 54 50 34 96 40 93 26 96 99 25 87 30 6 70 55 49 100 28 20 80 17 84 56 78 12 100 103 45 31 25 72 68 37 56 96 78 48 73 45 61 28 111 71 93 41 90 3 99 94 37 55 69 14 22 9 77 36 72 59 45 31 65 45 89 37 94 76 59 20 71 42 42 70 71 
75 78 97 72 48 54 73 25 52 31 69 71 72 52 45 42 39 50 39 41 26 73 40 10 44 72 88 58 47 0 10 4 49 72 16 71 97 51 74 65 31 30 91 4 98 49 13 6 60 104 46 101 26 83 60 39 86 86 67 89 14 54 78 103 65 3 59 53 80 63 56 73 81 56 85 39 44 85 39 73 19 90 61 110 89 31 52 69 52 71 36 23 70 27 27 85 59 78 55 86 48 69 87 48 44 69 31 54 76 71 108 52 4 41 41 17 30 87 88 84 31 86 44 77 65 18 60 31 59 54 37 72 80 58 20 32 77 84 80 92 61 63 49 81 49 32 50 8 71 95 
72 80 93 79 43 60 63 14 58 29 75 72 76 50 45 49 45 39 42 46 16 77 29 18 34 69 87 53 36 10 0 14 38 68 17 72 95 54 68 67 21 38 91 11 94 54 23 15 54 100 42 97 23 76 52 39 80 91 65 84 4 49 70 100 61 13 51 43 73 61 62 72 72 57 78 29 44 77 34 78 18 90 52 107 91 24 59 60 42 69 38 26 77 21 16 83 49 79 53 83 38 76 91 44 38 59 40 56 67 67 105 57 12 48 38 27 24 92 84 86 29 87 33 82 72 15 57 39 49 45 27 72 70 60 28 31 67 79 72 91 54 70 54 75 40 41 46 6 70 89 
79 81 101 73 52 56 77 28 53 35 70 74 74 56 49 43 41 53 43 43 30 75 43 6 48 76 92 63 50 4 14 0 52 76 20 74 102 54 78 69 35 31 94 3 102 51 9 8 65 108 50 106 30 88 64 43 91 88 71 94 18 58 82 107 70 2 63 57 84 67 58 77 86 59 90 43 48 89 44 75 23 93 65 114 92 36 52 73 56 74 39 26 71 32 30 89 63 81 59 90 52 70 90 52 48 73 30 57 80 76 112 54 2 43 45 17 34 89 92 87 35 90 47 79 67 23 64 32 63 58 41 76 84 61 22 36 81 89 84 96 66 64 51 85 53 33 54 9 75 99 
66 90 83 105 39 86 25 24 86 45 101 84 95 53 58 79 73 1 61 73 23 94 9 56 8 68 88 47 2 49 38 52 0 60 45 80 88 72 54 78 20 71 95 49 82 78 61 53 43 89 43 84 40 53 34 55 62 112 68 70 34 45 47 92 56 52 34 11 55 63 86 74 40 69 56 11 57 51 37 99 43 95 27 98 102 28 89 30 4 72 57 52 103 31 22 82 17 87 59 80 14 102 105 48 34 24 75 71 36 58 97 81 50 76 47 64 31 113 73 95 44 93 5 102 97 40 57 72 14 23 12 80 35 74 61 47 29 66 45 91 38 97 78 61 22 74 44 44 72 72 
6 41 25 75 25 62 57 62 65 41 70 37 56 21 32 65 59 59 43 57 58 54 58 82 53 11 29 14 58 72 68 76 60 0 56 32 28 43 10 34 54 66 38 75 26 55 85 70 17 32 26 29 46 27 26 38 20 71 18 18 66 18 27 33 6 74 26 50 18 16 60 19 45 33 26 55 33 34 33 63 53 39 35 39 50 44 72 40 58 20 43 52 74 47 62 22 47 35 22 20 46 74 58 24 30 49 74 37 40 2 38 56 76 61 31 73 44 73 16 43 41 37 60 63 67 53 14 68 51 37 56 30 51 37 65 41 60 13 33 31 22 72 56 13 38 69 21 74 19 25 
59 63 81 63 33 44 65 24 43 14 60 56 59 36 29 35 30 45 25 30 22 60 36 26 38 56 72 43 42 16 17 20 45 56 0 55 81 37 59 50 25 25 75 20 82 37 29 13 45 88 30 85 10 69 46 23 71 74 50 74 18 38 64 87 49 18 45 45 65 47 45 57 71 40 71 34 28 72 24 61 3 74 50 94 74 20 45 59 47 54 21 9 61 16 26 69 50 62 38 69 39 60 74 31 30 60 29 39 65 55 92 40 20 32 24 21 18 76 72 69 14 71 40 65 56 5 43 27 51 43 33 56 70 43 16 15 70 69 67 76 47 55 37 65 38 28 34 20 55 79 
28 9 42 45 41 37 85 73 40 42 41 5 24 26 26 45 41 80 31 39 69 22 75 80 73 21 21 36 78 71 72 74 80 32 55 0 37 22 43 6 67 52 20 75 45 32 81 66 43 48 36 49 49 59 52 32 51 39 14 45 72 36 59 42 31 72 52 72 50 18 34 13 76 15 59 72 27 66 44 31 53 19 62 49 21 56 48 70 80 12 34 47 45 56 74 22 72 7 21 26 67 45 26 32 46 77 59 17 71 34 46 32 75 42 35 64 54 40 39 15 43 15 78 31 38 56 24 53 76 60 72 3 82 14 56 40 89 42 65 25 49 44 33 44 59 53 36 76 13 53 
23 40 8 81 53 74 81 90 77 66 77 41 60 45 53 81 76 87 63 74 86 57 87 108 82 25 17 43 86 97 95 102 88 28 81 37 0 57 34 43 82 86 26 101 12 69 110 94 45 12 53 14 72 44 53 60 31 70 32 21 93 46 48 5 34 99 53 77 36 34 71 26 65 47 41 83 54 51 60 67 78 28 62 12 42 72 85 65 85 29 64 76 81 74 90 14 74 34 43 12 74 81 53 50 59 74 93 51 63 30 10 68 102 77 56 95 72 72 16 38 66 29 88 66 74 80 37 87 78 64 85 34 73 49 87 65 84 23 53 14 49 81 70 29 66 88 49 101 28 27 
42 27 61 35 37 19 83 58 22 27 30 21 23 25 14 23 19 71 12 16 55 23 65 60 64 35 43 39 69 51 54 54 72 43 37 22 57 0 51 16 54 29 42 55 63 12 60 45 45 68 31 67 34 68 53 16 63 40 26 60 55 36 65 63 38 51 52 66 60 27 18 31 79 10 68 61 15 73 35 27 36 41 61 70 38 44 29 70 72 28 16 28 34 42 59 42 68 29 21 45 60 33 37 28 40 75 36 6 73 44 67 13 55 20 24 42 41 41 55 34 28 37 68 30 26 39 29 31 71 57 61 24 83 8 34 25 87 56 71 47 51 30 13 56 54 31 33 57 29 68 
15 51 28 85 26 71 48 61 73 45 80 48 66 28 40 73 67 53 50 65 56 64 55 84 49 21 38 16 53 74 68 78 54 10 59 43 34 51 0 45 52 72 48 77 27 63 87 72 14 34 29 30 48 17 19 44 12 82 29 16 66 20 17 38 13 76 20 43 8 26 69 30 34 42 16 51 40 23 34 73 55 49 28 43 60 44 80 31 51 30 49 57 84 47 60 31 40 45 30 28 41 84 68 28 30 40 80 46 30 8 42 64 78 69 36 77 44 83 18 54 44 48 55 74 76 55 22 74 44 31 53 40 42 47 70 45 51 12 23 40 16 81 64 7 34 75 24 75 29 20 
32 13 47 40 39 31 85 69 34 38 36 6 21 25 22 39 35 77 26 32 65 19 73 75 70 24 27 36 75 65 67 69 78 34 50 6 43 16 45 0 63 45 26 69 50 26 75 60 43 54 34 54 45 62 52 27 54 37 16 49 67 35 61 48 32 66 51 71 53 19 28 18 77 10 61 69 23 68 41 28 48 25 62 55 25 52 42 70 78 16 29 42 40 52 70 28 71 13 19 31 65 40 27 30 44 77 53 11 72 36 52 26 70 35 31 58 50 39 44 19 39 21 75 29 33 51 24 47 74 59 69 8 82 7 49 36 89 46 67 31 49 39 27 47 58 47 34 71 17 57 
59 76 79 86 29 67 42 9 66 27 82 69 78 41 41 59 53 20 43 54 5 78 11 39 13 58 78 39 17 31 21 35 20 54 25 67 82 54 52 63 0 50 84 32 79 59 44 33 38 86 31 82 21 57 33 38 62 94 57 68 17 36 51 87 48 34 33 22 55 52 67 63 51 53 59 8 41 57 23 81 23 84 32 93 88 11 70 39 22 61 39 32 84 12 8 73 28 74 46 72 17 83 90 35 23 38 55 54 46 52 92 62 33 56 32 44 13 96 69 82 26 81 15 85 78 20 46 52 28 25 7 67 49 58 41 29 46 64 51 82 36 78 59 59 20 53 33 27 61 72 
67 56 88 41 50 25 90 49 22 30 39 50 44 45 33 12 11 71 23 13 48 46 62 36 63 62 73 57 68 30 38 31 71 66 25 52 86 29 72 45 50 0 72 34 90 21 34 24 62 95 45 94 32 87 66 28 85 57 54 85 41 53 83 91 60 29 65 70 80 52 27 59 92 38 88 59 33 91 43 44 27 70 71 99 66 44 21 81 73 57 23 19 39 40 51 71 74 58 44 74 63 38 61 44 49 83 7 35 86 67 96 24 33 12 37 15 41 58 81 62 31 67 66 48 36 30 52 2 76 65 58 54 93 38 10 29 94 80 87 77 66 32 21 78 61 3 49 38 57 92 
32 17 34 57 56 54 95 91 58 61 54 21 36 43 45 64 61 94 51 58 86 33 92 101 88 28 10 48 93 91 91 94 95 38 75 20 26 42 48 26 84 72 0 95 37 51 101 86 53 38 53 40 68 63 63 52 52 45 27 43 91 50 65 29 40 92 63 86 54 32 51 21 83 35 61 88 46 70 61 43 73 2 73 35 16 73 65 79 94 23 55 67 57 73 91 17 84 13 38 21 81 58 27 49 62 87 79 37 79 40 32 50 95 61 53 84 71 46 36 13 62 5 94 41 52 75 38 73 88 73 89 18 90 34 76 60 99 42 71 11 59 59 52 47 73 73 51 96 23 50 
79 82 101 75 51 58 74 25 55 35 73 75 76 56 49 46 43 50 43 45 27 77 40 7 45 76 92 61 47 4 11 3 49 75 20 75 101 55 77 69 32 34 95 0 101 53 12 10 63 108 49 105 29 86 62 43 89 90 71 93 15 57 80 107 69 4 61 54 83 67 60 77 83 60 88 40 48 87 42 77 22 94 63 114 93 34 55 71 53 74 40 27 73 30 27 89 60 82 59 90 49 73 91 51 47 70 34 58 77 75 112 56 1 45 44 20 33 91 91 88 34 91 44 81 69 21 63 34 60 56 38 76 81 62 24 36 78 88 82 96 64 66 53 84 50 36 53 5 75 98 
23 49 3 90 51 81 73 88 84 67 86 50 69 46 56 86 81 81 66 79 83 66 82 108 77 28 27 40 81 98 94 102 82 26 82 45 12 63 27 50 79 90 37 101 0 75 111 95 41 6 52 4 72 34 47 62 22 81 36 12 92 44 39 13 32 100 48 71 28 37 78 32 55 53 31 79 57 41 59 76 79 39 55 16 53 70 91 57 79 34 67 78 90 73 87 23 67 43 45 19 69 90 64 50 56 66 97 57 54 27 16 75 102 83 57 98 70 82 10 49 67 40 83 75 83 79 38 92 71 59 80 42 64 56 90 67 75 15 44 25 44 89 76 21 61 92 48 100 33 15 
54 35 72 27 46 8 92 61 10 32 23 29 23 36 24 12 10 78 17 8 58 25 70 56 70 47 54 50 75 49 54 51 78 55 37 32 69 12 63 26 59 21 51 53 75 0 55 43 55 79 40 79 38 79 63 23 75 37 38 72 56 46 76 74 50 49 62 74 71 39 8 43 89 22 80 67 25 84 43 24 37 50 70 81 44 49 17 80 79 40 20 28 25 47 63 54 76 38 33 57 67 24 39 38 48 84 28 18 84 56 78 3 53 10 33 36 47 38 67 41 34 46 74 28 18 41 41 22 79 66 66 35 93 19 29 30 96 68 82 58 61 20 1 68 62 22 43 56 41 80 
88 87 110 75 61 59 86 37 56 43 73 80 78 65 57 46 44 62 49 47 39 80 52 5 57 84 100 72 59 13 23 9 61 85 29 81 110 60 87 75 44 34 101 12 111 55 0 15 74 117 59 115 39 97 74 50 100 91 78 103 27 67 92 116 79 11 73 66 93 75 61 85 95 66 99 52 56 99 53 78 32 100 75 123 98 45 54 83 65 82 46 34 73 41 39 97 72 88 67 98 61 72 95 61 58 82 31 64 89 85 120 58 11 46 53 19 44 92 101 94 44 97 56 82 70 32 72 34 72 67 50 83 93 67 26 44 90 98 94 104 75 66 55 94 62 35 63 17 83 108 
73 73 94 65 46 48 75 29 45 28 63 66 66 49 41 36 33 53 34 35 29 67 43 14 47 69 84 56 50 6 15 8 53 70 13 66 94 45 72 60 33 24 86 10 95 43 15 0 59 102 44 99 24 83 60 35 85 80 63 87 19 52 78 100 63 6 59 55 79 60 50 70 83 51 85 42 40 85 38 67 17 85 62 107 84 32 45 71 56 67 31 18 64 28 31 81 61 73 51 82 50 63 82 45 43 71 25 49 77 69 105 46 10 35 38 12 30 81 86 79 28 82 48 71 59 17 57 25 61 55 40 68 82 53 14 29 80 82 80 89 61 57 43 79 50 26 48 14 67 93 
23 52 41 80 12 64 42 47 66 32 75 47 63 20 31 63 57 42 40 55 42 62 42 71 36 25 45 6 41 60 54 65 43 17 45 43 45 45 14 43 38 62 53 63 41 55 74 59 0 47 17 44 34 25 9 34 26 80 29 30 52 9 21 50 13 63 9 33 19 24 63 33 34 37 26 38 31 29 21 70 42 54 19 56 63 30 72 27 41 32 39 44 79 33 46 39 30 47 24 37 29 78 69 18 16 34 69 40 29 15 55 57 64 59 25 65 30 82 31 56 32 52 42 71 71 42 18 64 34 20 39 41 39 43 58 33 46 25 26 48 6 75 56 21 21 65 13 61 31 34 
29 52 7 93 57 85 79 94 88 73 89 53 72 52 62 91 86 87 72 84 90 69 89 115 83 33 29 47 87 104 100 108 89 32 88 48 12 68 34 54 86 95 38 108 6 79 117 102 47 0 58 5 78 40 54 68 28 83 41 18 99 51 45 10 38 106 54 78 34 43 82 36 61 57 37 85 62 46 66 79 85 40 61 10 54 77 96 63 86 39 73 84 93 79 94 26 73 46 51 22 75 93 65 56 63 72 103 61 60 33 11 79 108 88 63 104 77 84 16 50 73 41 89 78 86 86 44 97 77 65 87 45 70 60 95 73 81 22 50 26 50 92 80 28 68 97 54 106 38 20 
30 46 51 66 5 49 52 38 50 16 62 40 52 10 16 47 41 43 24 39 34 51 39 56 36 28 47 13 41 46 42 50 43 26 30 36 53 31 29 34 31 45 53 49 52 40 59 44 17 58 0 55 19 42 22 17 41 70 26 43 40 8 38 58 19 48 21 36 36 21 48 32 49 26 43 35 15 46 8 58 27 53 30 65 58 20 56 39 43 30 22 28 65 21 39 42 37 43 15 42 30 64 61 4 9 44 52 28 43 25 63 43 50 43 8 48 19 71 42 51 15 50 41 60 57 27 15 47 40 26 36 36 52 31 41 16 56 38 42 50 21 60 41 35 23 48 4 48 30 49 
26 53 7 94 54 85 74 91 88 71 90 54 73 50 60 91 86 83 70 83 86 70 85 112 79 32 31 43 83 101 97 106 84 29 85 49 14 67 30 54 82 94 40 105 4 79 115 99 44 5 55 0 75 35 50 66 23 84 40 13 95 48 40 14 36 104 50 73 29 41 82 36 56 57 32 81 61 41 62 80 82 42 57 15 57 74 95 58 81 38 71 82 94 76 90 27 69 47 49 23 71 94 67 54 59 67 102 61 55 30 16 79 106 87 61 102 73 86 13 52 71 43 85 79 87 83 42 96 73 61 83 46 65 60 94 70 76 18 45 29 46 93 80 23 64 96 51 103 37 15 
49 58 71 65 22 46 57 24 46 7 61 51 57 26 23 39 33 40 22 33 20 57 32 36 32 46 64 32 37 26 23 30 40 46 10 49 72 34 48 45 21 32 68 29 72 38 39 24 34 78 19 75 0 59 36 18 60 74 42 63 22 28 54 77 39 28 35 38 54 38 46 49 61 35 61 29 22 61 13 60 7 67 40 84 70 12 49 49 41 46 18 13 63 9 25 60 42 56 30 60 31 62 70 22 19 51 38 35 55 45 82 41 30 36 15 31 9 75 62 64 6 64 36 64 57 7 34 34 43 33 28 50 61 39 25 9 62 58 57 68 37 57 38 55 28 35 24 28 47 69 
31 68 36 101 37 87 39 66 89 57 97 65 83 43 55 88 82 52 65 80 62 81 56 93 50 38 53 30 53 83 76 88 53 27 69 59 44 68 17 62 57 87 63 86 34 79 97 83 25 40 42 35 59 0 23 59 12 99 46 22 73 34 6 47 30 86 24 42 9 42 86 47 21 59 3 53 55 7 45 90 66 64 26 50 77 52 96 24 49 47 64 69 101 55 65 46 36 62 46 42 42 100 85 43 39 32 94 62 20 25 50 81 87 84 50 90 53 100 28 70 56 63 55 91 93 65 38 89 40 32 55 57 30 64 83 58 41 21 10 53 22 98 80 16 37 90 38 83 46 20 
32 62 48 88 16 71 32 43 73 36 83 57 72 28 38 69 63 33 46 61 39 71 35 70 29 35 54 15 33 60 52 64 34 26 46 52 53 53 19 52 33 66 63 62 47 63 74 60 9 54 22 50 36 23 0 40 29 89 38 36 49 17 18 58 23 62 1 24 22 34 70 43 26 46 26 31 38 25 23 78 43 64 9 63 73 28 78 17 32 42 44 48 87 32 42 48 21 57 33 46 21 86 79 25 17 24 73 49 21 24 62 65 63 65 30 67 29 91 38 66 35 62 35 80 79 42 28 68 25 11 33 51 30 51 61 37 36 31 21 57 4 82 63 26 14 69 19 59 41 38 
39 40 61 50 23 32 68 42 33 11 45 33 39 16 6 29 23 55 6 21 38 39 48 49 47 35 49 29 53 39 39 43 55 38 23 32 60 16 44 27 38 28 52 43 62 23 50 35 34 68 17 66 18 59 40 0 56 56 28 56 40 25 55 65 32 40 39 50 52 25 31 34 67 17 60 45 5 63 19 43 21 51 47 73 52 27 38 56 56 32 5 16 48 26 43 46 53 39 17 48 44 48 52 16 25 61 36 17 61 38 70 26 43 25 9 35 25 58 53 46 12 47 52 46 41 24 24 30 55 42 45 33 69 21 27 9 73 51 60 53 39 43 24 50 39 31 21 44 32 63 
22 59 24 95 38 82 51 72 85 57 90 56 75 40 52 85 79 61 62 77 67 73 64 97 58 30 41 28 61 86 80 91 62 20 71 51 31 63 12 54 62 85 52 89 22 75 100 85 26 28 41 23 60 12 29 56 0 90 38 10 78 33 17 34 25 89 29 51 7 36 80 38 33 53 9 61 52 19 47 82 68 53 34 38 66 56 92 35 59 39 61 69 94 59 71 35 46 53 42 31 50 94 75 41 42 44 92 57 32 19 38 76 90 81 49 90 56 92 16 60 57 53 64 83 87 68 34 87 50 39 63 48 42 58 82 58 53 9 22 42 26 92 76 7 43 88 37 87 38 9 
68 31 77 19 75 32 121 98 35 67 19 34 17 61 54 45 47 112 51 45 94 18 105 93 104 60 53 74 109 86 91 88 112 71 74 39 70 40 82 37 94 57 45 90 81 37 91 80 80 83 70 84 74 99 89 56 90 0 53 83 93 72 98 74 70 86 89 106 90 57 30 52 114 44 98 101 55 105 75 13 74 43 99 80 29 84 38 107 112 51 55 65 21 82 99 58 107 38 56 62 100 21 18 66 79 114 60 41 109 73 77 34 90 45 64 72 81 1 77 32 68 41 109 9 21 78 62 57 110 96 101 42 120 38 66 65 126 81 105 56 87 26 37 84 93 56 70 93 52 92 
16 23 34 56 29 45 71 64 48 36 52 19 37 16 21 50 45 68 30 42 60 35 65 77 61 9 21 23 66 67 65 71 68 18 50 14 32 26 29 16 57 54 27 71 36 38 78 63 29 41 26 40 42 46 38 28 38 53 0 34 65 23 45 37 16 68 38 60 37 5 43 6 62 16 45 61 22 52 34 44 48 27 48 45 34 46 55 56 67 4 32 44 56 47 64 18 59 18 12 20 55 56 40 22 35 63 61 20 57 20 42 39 71 46 26 63 44 54 29 27 36 24 67 45 48 50 11 55 62 47 62 12 68 20 55 34 75 30 51 25 35 54 39 31 47 56 24 71 4 42 
18 52 14 90 41 79 61 77 82 59 85 50 70 39 51 83 77 69 61 75 73 67 71 100 65 25 32 31 69 89 84 94 70 18 74 45 21 60 16 49 68 85 43 93 12 72 103 87 30 18 43 13 63 22 36 56 10 83 34 0 82 35 27 24 24 92 36 59 16 33 77 31 44 50 20 68 51 29 50 77 71 44 43 28 58 60 89 45 67 33 61 71 89 63 77 26 55 45 40 22 57 89 68 42 46 54 92 54 42 18 28 73 93 79 50 91 60 85 6 52 59 44 71 77 82 71 32 86 59 47 69 42 52 54 83 59 63 5 32 32 32 88 73 9 50 87 39 91 32 8 
70 80 92 81 41 62 59 10 61 29 78 73 77 49 45 52 47 35 43 49 12 78 25 22 30 68 87 51 32 14 4 18 34 66 18 72 93 55 66 67 17 41 91 15 92 56 27 19 52 99 40 95 22 73 49 40 78 93 65 82 0 47 67 99 60 17 49 39 71 60 64 71 69 57 76 25 44 74 33 80 19 90 49 105 92 21 62 57 38 69 39 27 79 19 12 82 45 79 53 82 34 78 92 43 36 55 43 57 63 65 104 59 16 50 38 31 22 94 82 86 28 87 29 83 74 16 56 42 45 42 23 72 66 61 31 31 63 77 68 91 52 72 56 73 37 44 44 10 69 87 
23 46 44 71 6 55 49 44 56 24 66 40 55 11 22 54 48 44 31 46 39 54 42 64 38 23 43 4 43 54 49 58 45 18 38 36 46 36 20 35 36 53 50 57 44 46 67 52 9 51 8 48 28 34 17 25 33 72 23 35 47 0 30 51 12 56 16 36 27 18 54 29 43 29 35 38 21 38 14 61 35 50 26 58 57 26 63 34 43 27 30 36 70 28 44 37 35 42 16 36 31 69 62 9 12 41 60 32 37 17 56 48 58 50 16 57 25 74 34 51 24 47 44 63 62 35 12 55 39 24 39 35 47 34 49 25 53 30 35 46 14 66 47 27 23 56 4 55 27 41 
32 68 41 100 33 85 34 60 87 53 95 64 82 40 52 85 78 45 61 77 56 80 50 88 43 38 55 26 46 78 70 82 47 27 64 59 48 65 17 61 51 83 65 80 39 76 92 78 21 45 38 40 54 6 18 55 17 98 45 27 67 30 0 51 28 80 18 36 11 41 83 47 17 57 9 47 52 8 40 89 61 66 19 55 77 46 93 18 43 47 60 65 99 50 59 48 30 62 44 44 36 99 85 39 34 27 90 60 15 25 55 78 81 81 46 85 47 100 31 71 52 65 49 90 91 60 37 85 34 26 49 57 25 62 78 54 36 24 6 56 17 95 77 18 30 86 34 77 46 25 
28 44 10 85 58 79 85 96 82 72 81 46 64 51 59 86 82 91 68 79 91 61 92 114 87 31 21 48 91 103 100 107 92 33 87 42 5 63 38 48 87 91 29 107 13 74 116 100 50 10 58 14 77 47 58 65 34 74 37 24 99 51 51 0 39 105 58 82 40 40 76 31 68 53 44 88 60 53 66 71 84 31 66 7 45 78 90 69 90 34 70 82 85 80 96 20 78 38 48 17 79 85 56 55 64 78 99 56 66 35 5 74 107 83 62 101 77 75 20 42 72 33 93 70 79 85 43 93 82 69 90 39 77 55 93 71 87 27 56 18 54 85 75 33 71 93 54 106 33 28 
10 40 32 71 19 57 55 56 60 35 67 36 53 15 27 60 54 55 37 52 52 51 53 76 49 12 32 9 54 65 61 70 56 6 49 31 34 38 13 32 48 60 40 69 32 50 79 63 13 38 19 36 39 30 23 32 25 70 16 24 60 12 28 39 0 68 22 46 21 13 56 20 45 29 30 50 27 36 27 60 46 41 32 45 50 38 67 39 54 19 37 46 71 41 56 26 44 35 17 24 42 70 57 18 25 47 68 32 40 6 44 51 70 56 25 67 38 71 22 44 35 39 55 61 63 47 9 62 48 33 51 29 51 34 59 34 59 19 35 35 19 68 51 18 34 63 15 68 18 31 
77 79 99 71 50 54 76 27 51 33 68 72 72 54 47 41 39 53 40 41 29 73 42 8 47 74 90 61 50 3 13 2 52 74 18 72 99 51 76 66 34 29 92 4 100 49 11 6 63 106 48 104 28 86 62 40 89 86 68 92 17 56 80 105 68 0 62 56 82 65 56 75 84 57 88 42 46 88 42 73 21 91 64 112 90 34 51 72 55 72 37 24 69 30 30 87 62 79 57 88 51 68 88 50 46 72 29 55 79 74 110 52 4 41 43 16 33 87 90 85 33 88 47 77 65 21 62 30 62 57 40 73 83 59 20 34 80 87 83 94 64 62 49 83 51 31 52 9 73 97 
32 61 49 87 15 70 33 42 72 35 82 56 72 27 37 68 62 33 45 61 38 70 34 69 29 35 54 15 33 59 51 63 34 26 45 52 53 52 20 51 33 65 63 61 48 62 73 59 9 54 21 50 35 24 1 39 29 89 38 36 49 16 18 58 22 62 0 24 22 33 69 42 27 45 26 31 37 26 22 77 42 63 10 63 72 27 77 18 32 41 43 47 86 31 41 48 21 57 32 46 21 85 78 24 16 25 72 48 21 24 62 64 62 64 29 66 28 90 38 66 34 61 35 79 78 41 27 67 25 11 33 50 31 50 60 36 37 32 22 57 4 81 63 26 13 68 18 58 41 39 
56 82 72 101 31 82 20 29 83 42 96 76 89 46 52 77 71 9 57 70 27 88 15 61 9 58 78 37 10 53 43 57 11 50 45 72 77 66 43 71 22 70 86 54 71 74 66 55 33 78 36 73 38 42 24 50 51 106 60 59 39 36 36 82 46 56 24 0 44 55 82 65 31 62 45 14 51 40 31 94 43 86 16 87 94 25 87 20 8 63 53 51 99 29 27 72 6 78 51 70 6 99 98 40 26 16 75 64 26 48 86 77 55 73 42 65 28 107 62 87 40 84 13 96 92 40 48 72 6 13 16 71 27 68 62 44 24 55 34 81 28 94 75 50 13 73 36 49 63 60 
22 59 30 93 32 79 45 65 81 52 88 56 74 36 48 81 75 54 58 73 60 72 57 90 51 29 44 23 54 80 73 84 55 18 65 50 36 60 8 53 55 80 54 83 28 71 93 79 19 34 36 29 54 9 22 52 7 90 37 16 71 27 11 40 21 82 22 44 0 34 77 37 29 50 8 53 48 16 40 81 62 55 27 44 67 49 88 29 52 38 57 64 92 52 64 37 39 53 38 33 43 92 76 36 35 38 87 54 26 16 44 73 83 77 43 84 49 91 20 61 51 54 56 82 85 61 30 82 43 32 55 48 37 55 77 52 47 13 17 45 19 89 72 7 36 83 31 80 37 16 
15 28 35 59 24 46 66 59 49 32 54 23 40 11 19 50 44 62 29 42 55 38 60 74 56 9 26 18 61 63 61 67 63 16 47 18 34 27 26 19 52 52 32 67 37 39 75 60 24 43 21 41 38 42 34 25 36 57 5 33 60 18 41 40 13 65 33 55 34 0 44 11 58 17 42 56 20 49 29 47 44 32 43 47 39 41 56 51 62 9 30 41 58 42 60 21 54 23 8 22 50 58 45 17 30 58 60 21 53 17 45 40 68 46 22 61 40 58 29 32 32 29 62 48 50 46 6 54 57 42 57 17 63 21 53 31 70 29 48 30 30 55 40 29 42 55 19 67 9 41 
59 34 76 18 54 2 100 69 7 41 14 30 18 43 32 15 17 86 25 15 67 20 79 63 78 52 55 57 84 56 62 58 86 60 45 34 71 18 69 28 67 27 51 60 78 8 61 50 63 82 48 82 46 86 70 31 80 30 43 77 64 54 83 76 56 56 69 82 77 44 0 46 97 27 86 75 32 91 51 17 46 49 78 83 41 58 13 87 87 44 29 36 16 56 71 56 85 38 39 60 76 16 35 45 57 93 31 23 91 61 80 5 60 15 41 42 55 31 72 39 42 46 83 21 10 49 47 27 87 74 75 37 101 23 36 39 104 73 89 59 68 12 8 73 70 26 51 63 45 85 
15 21 29 58 35 48 75 70 52 42 54 18 38 22 28 55 50 73 36 47 66 35 71 84 67 8 15 27 72 73 72 77 74 19 57 13 26 31 30 18 63 59 21 77 32 43 85 70 33 36 32 36 49 47 43 34 38 52 6 31 71 29 47 31 20 75 42 65 37 11 46 0 64 21 46 67 29 53 40 45 55 21 52 39 30 52 59 59 72 2 38 51 58 53 71 12 63 15 18 14 60 58 38 28 41 67 67 25 60 21 36 43 78 51 33 70 51 54 26 24 43 18 73 45 51 56 17 61 67 52 68 10 71 23 61 41 79 28 53 19 39 57 43 31 52 61 30 77 2 40 
50 85 58 114 43 98 19 60 99 62 110 81 98 54 65 96 90 39 73 88 57 96 46 91 40 56 72 41 41 81 72 86 40 45 71 76 65 79 34 77 51 92 83 83 55 89 95 83 34 61 49 56 61 21 26 67 33 114 62 44 69 43 17 68 45 84 27 31 29 58 97 64 0 72 24 45 64 15 49 104 68 84 21 71 95 51 105 12 36 64 71 73 113 55 58 66 24 80 59 62 34 113 102 51 42 16 98 75 6 42 71 92 84 92 57 92 53 116 49 88 61 82 44 106 106 66 52 94 26 28 47 74 9 77 86 63 20 42 11 74 28 109 90 36 33 95 46 79 63 41 
32 23 50 42 31 29 77 59 32 28 38 16 26 17 12 33 29 68 16 26 55 25 63 65 61 25 34 31 66 56 57 59 69 33 40 15 47 10 42 10 53 38 35 60 53 22 66 51 37 57 26 57 35 59 46 17 53 44 16 50 57 29 57 53 29 57 45 62 50 17 27 21 72 0 59 59 13 65 32 32 38 34 55 60 35 42 39 63 69 18 19 32 42 42 60 33 63 22 13 35 56 41 36 22 35 70 46 4 66 34 57 23 60 30 21 49 40 45 45 29 29 30 66 34 34 41 20 40 66 52 60 16 76 5 41 26 82 46 63 38 43 39 23 46 49 40 26 61 19 58 
30 67 34 101 39 87 42 69 90 59 97 64 83 44 56 89 83 55 66 81 65 80 59 96 53 37 51 31 56 85 78 90 56 26 71 59 41 68 16 61 59 88 61 88 31 80 99 85 26 37 43 32 61 3 26 60 9 98 45 20 76 35 9 44 30 88 26 45 8 42 86 46 24 59 0 56 56 9 47 89 68 63 29 47 75 54 96 27 52 46 65 71 101 58 68 44 39 61 46 40 45 100 84 44 41 36 95 63 23 25 47 81 89 85 51 91 55 99 25 69 58 62 58 90 93 67 39 90 43 35 58 56 33 64 84 59 44 19 13 51 24 98 81 14 39 91 39 85 45 17 
60 81 79 94 32 75 34 15 75 34 90 74 85 45 48 67 62 11 50 62 13 84 4 47 5 61 81 40 8 39 29 43 11 55 34 72 83 61 51 69 8 59 88 40 79 67 52 42 38 85 35 81 29 53 31 45 61 101 61 68 25 38 47 88 50 42 31 14 53 56 75 67 45 59 56 0 47 52 27 89 32 88 27 94 93 17 78 33 13 65 46 41 92 19 13 75 20 78 50 74 11 91 96 39 26 30 64 61 40 53 93 70 41 65 37 53 20 103 69 87 33 85 7 92 86 28 50 61 20 21 2 71 41 64 50 36 38 63 47 84 35 86 67 58 17 62 37 35 65 70 
34 36 55 50 21 33 68 46 35 15 46 29 38 12 1 33 27 56 10 25 42 37 50 54 49 29 44 25 54 44 44 48 57 33 28 27 54 15 40 23 41 33 46 48 57 25 56 40 31 62 15 61 22 55 38 5 52 55 22 51 44 21 52 60 27 46 37 51 48 20 32 29 64 13 56 47 0 60 20 42 26 46 46 67 48 30 41 55 57 26 10 22 49 29 47 41 53 34 11 42 45 48 49 13 24 60 41 13 59 33 65 27 49 29 9 41 27 56 48 42 16 42 54 45 42 28 18 35 55 41 47 28 68 17 33 13 72 46 57 48 36 44 26 45 38 36 18 49 27 58 
38 75 43 107 41 93 33 66 95 61 103 71 90 48 60 93 86 49 69 85 62 87 55 95 48 45 60 34 50 85 77 89 51 34 72 66 51 73 23 68 57 91 70 87 41 84 99 85 29 46 46 41 61 7 25 63 19 105 52 29 74 38 8 53 36 88 26 40 16 49 91 53 15 65 9 52 60 0 48 96 69 71 25 56 84 53 101 20 47 54 68 73 107 57 65 53 34 69 52 49 41 106 92 47 42 28 98 68 15 32 57 86 88 89 54 92 55 107 35 77 60 70 53 97 99 67 44 93 37 32 55 64 24 70 86 62 35 28 5 61 25 103 85 23 37 94 42 84 53 26 
37 53 59 70 8 52 48 30 52 13 65 47 58 18 21 47 41 36 26 40 25 57 31 50 29 36 55 19 34 39 34 44 37 33 24 44 60 35 34 41 23 43 61 42 59 43 53 38 21 66 8 62 13 45 23 19 47 75 34 50 33 14 40 66 27 42 22 31 40 29 51 40 49 32 47 27 20 48 0 63 21 61 28 72 65 12 57 37 37 38 23 25 68 13 30 50 33 51 23 50 25 68 68 12 6 41 50 34 42 32 71 46 43 44 10 44 11 76 49 59 12 58 34 65 61 21 24 45 36 22 28 44 50 37 38 14 53 45 44 59 23 63 44 41 19 46 11 41 38 55 
60 27 73 14 63 19 110 84 23 54 11 26 7 50 42 32 34 99 38 32 81 10 92 80 91 52 50 63 96 73 78 75 99 63 61 31 67 27 73 28 81 44 43 77 76 24 78 67 70 79 58 80 60 90 78 43 82 13 44 77 80 61 89 71 60 73 77 94 81 47 17 45 104 32 89 89 42 96 63 0 61 41 87 77 29 71 27 96 100 43 42 52 14 69 86 53 95 33 45 57 88 15 20 54 67 102 48 29 99 64 74 21 77 32 52 59 68 14 71 30 55 38 96 4 10 64 52 44 98 84 89 34 109 27 53 52 114 74 95 53 76 17 24 75 81 43 59 80 44 85 
56 61 78 64 29 45 63 23 44 12 60 54 58 33 27 36 30 43 24 31 21 59 34 29 36 53 70 39 40 19 18 23 43 53 3 53 78 36 55 48 23 27 73 22 79 37 32 17 42 85 27 82 7 66 43 21 68 74 48 71 19 35 61 84 46 21 42 43 62 44 46 55 68 38 68 32 26 69 21 61 0 72 47 91 73 17 46 56 45 52 20 9 62 13 25 66 47 61 36 67 37 61 73 29 26 57 32 38 62 52 89 40 23 33 22 24 15 75 69 68 12 69 39 65 56 3 41 29 49 40 31 54 67 42 18 13 67 66 64 74 44 55 38 62 35 30 31 22 52 76 
33 15 35 55 56 52 96 90 56 61 52 20 34 43 45 63 60 94 51 57 86 31 92 100 88 28 12 49 93 90 90 93 95 39 74 19 28 41 49 25 84 70 2 94 39 50 100 85 54 40 53 42 67 64 64 51 53 43 27 44 90 50 66 31 41 91 63 86 55 32 49 21 84 34 63 88 46 71 61 41 72 0 74 37 14 73 63 80 94 23 54 67 56 73 91 18 85 12 38 22 81 56 25 49 62 88 77 36 80 41 34 49 94 60 52 83 71 44 38 11 61 3 94 39 50 75 38 72 89 73 89 18 91 33 75 59 99 43 72 13 60 57 50 48 73 72 51 95 23 52 
41 72 56 96 24 79 23 41 80 41 92 66 82 37 46 76 70 26 54 68 37 80 30 70 24 45 64 25 26 61 52 65 27 35 50 62 62 61 28 62 32 71 73 63 55 70 75 62 19 61 30 57 40 26 9 47 34 99 48 43 49 26 19 66 32 64 10 16 27 43 78 52 21 55 29 27 46 25 28 87 47 74 0 71 83 30 85 9 24 51 51 52 95 34 39 58 12 67 42 55 16 94 88 33 22 15 78 58 15 33 70 73 64 72 37 71 32 100 46 76 40 71 29 89 88 45 37 73 16 7 29 60 22 60 65 43 27 39 19 66 13 90 71 33 12 74 28 59 51 44 
35 50 14 91 65 86 89 102 89 79 88 53 70 58 66 93 89 97 75 86 98 67 98 121 92 38 27 54 96 110 107 114 98 39 94 49 12 70 43 55 93 99 35 114 16 81 123 107 56 10 65 15 84 50 63 73 38 80 45 28 105 58 55 7 45 112 63 87 44 47 83 39 71 60 47 94 67 56 72 77 91 37 71 0 51 84 97 73 95 41 77 89 92 86 102 27 83 45 55 25 84 92 62 62 70 82 106 64 70 41 3 81 114 90 69 108 84 81 25 48 79 39 98 76 85 92 50 100 87 74 96 46 80 62 100 78 91 31 60 24 59 92 82 37 77 101 61 113 41 30 
45 12 50 43 62 44 106 94 48 63 40 19 24 48 47 56 55 101 50 52 90 21 97 98 94 39 26 57 99 89 91 92 102 50 74 21 42 38 60 25 88 66 16 93 53 44 98 84 63 54 58 57 70 77 73 52 66 29 34 58 92 57 77 45 50 90 72 94 67 39 41 30 95 35 75 93 48 84 65 29 73 14 83 51 0 77 55 90 101 31 53 66 44 77 95 31 93 15 43 36 88 44 11 54 68 98 72 35 91 52 48 42 94 54 56 80 75 30 52 6 64 13 100 26 39 76 45 67 97 82 94 22 102 31 72 61 109 57 84 28 69 46 44 60 81 66 57 95 31 66 
49 65 70 76 19 58 45 18 57 17 72 58 67 30 31 51 45 28 33 45 13 67 21 41 20 48 67 30 25 31 24 36 28 44 20 56 72 44 44 52 11 44 73 34 70 49 45 32 30 77 20 74 12 52 28 27 56 84 46 60 21 26 46 78 38 34 27 25 49 41 58 52 51 42 54 17 30 53 12 71 17 73 30 84 77 0 61 39 29 50 29 25 75 4 18 62 30 63 35 62 19 74 79 24 14 40 49 43 45 43 83 52 34 48 21 41 2 85 60 71 15 70 24 74 68 15 36 46 31 23 17 56 50 47 36 19 50 55 48 71 30 69 50 51 18 47 23 31 50 65 
71 48 89 21 62 11 106 70 7 45 19 44 31 52 41 10 16 89 31 17 68 33 81 56 82 64 69 66 87 52 59 52 89 72 45 48 85 29 80 42 70 21 65 55 91 17 54 45 72 96 56 95 49 96 78 38 92 38 55 89 62 63 93 90 67 51 77 87 88 56 13 59 105 39 96 78 41 101 57 27 46 63 85 97 55 61 0 95 91 57 34 37 19 58 72 70 90 52 50 73 81 18 47 54 63 99 23 35 99 73 94 16 55 13 48 35 59 39 84 53 46 60 85 31 17 50 58 20 92 80 77 50 108 35 31 43 110 85 98 73 77 12 16 85 76 19 59 60 58 97 
46 79 59 105 33 88 16 48 89 50 101 74 90 46 55 85 79 29 63 78 44 89 35 78 29 51 69 33 30 69 60 73 30 40 59 70 65 70 31 70 39 81 79 71 57 80 83 71 27 63 39 58 49 24 17 56 35 107 56 45 57 34 18 69 39 72 18 20 29 51 87 59 12 63 27 33 55 20 37 96 56 80 9 73 90 39 95 0 26 58 60 62 104 43 46 63 13 74 50 60 22 104 96 42 31 9 87 66 6 38 73 82 72 82 46 80 41 108 49 83 49 78 33 98 97 54 45 83 16 16 35 68 13 69 74 52 19 42 15 71 20 99 81 36 21 84 37 67 58 44 
64 89 80 106 38 87 21 28 87 46 102 83 95 53 58 81 75 3 62 75 26 94 13 60 9 66 86 45 6 52 42 56 4 58 47 80 85 72 51 78 22 73 94 53 79 79 65 56 41 86 43 81 41 49 32 56 59 112 67 67 38 43 43 90 54 55 32 8 52 62 87 72 36 69 52 13 57 47 37 100 45 94 24 95 101 29 91 26 0 71 58 54 104 32 26 80 13 86 58 78 12 104 105 47 33 20 77 71 32 56 94 82 54 77 48 67 32 114 70 94 45 91 9 102 97 42 56 74 9 21 15 79 30 74 64 48 25 63 41 89 36 99 79 57 20 76 43 48 71 68 
16 21 32 56 33 46 74 68 49 40 52 17 37 20 25 52 47 71 34 45 64 34 69 81 65 8 17 26 70 71 69 74 72 20 54 12 29 28 30 16 61 57 23 74 34 40 82 67 32 39 30 38 46 47 42 32 39 51 4 33 69 27 47 34 19 72 41 63 38 9 44 2 64 18 46 65 26 54 38 43 52 23 51 41 31 50 57 58 71 0 36 48 56 51 69 14 62 15 16 17 58 56 38 26 39 66 64 22 59 22 39 40 75 48 31 67 49 53 28 24 40 20 71 44 49 54 15 58 66 51 66 10 70 21 58 38 78 30 53 21 38 55 41 32 50 59 28 75 1 41 
44 42 66 47 27 29 72 42 29 12 43 35 39 21 10 25 18 57 4 17 39 39 50 46 49 39 53 34 55 36 38 39 57 43 21 34 64 16 49 29 39 23 55 40 67 20 46 31 39 73 22 71 18 64 44 5 61 55 32 61 39 30 60 70 37 37 43 53 57 30 29 38 71 19 65 46 10 68 23 42 20 54 51 77 53 29 34 60 58 36 0 13 46 27 43 50 56 42 21 52 47 45 53 21 29 65 31 18 65 43 75 23 40 21 14 31 26 57 58 48 13 50 54 45 39 23 29 25 59 46 46 36 73 22 22 10 76 56 64 57 43 40 21 55 42 26 26 41 36 68 
55 55 77 54 32 35 70 33 34 12 50 48 50 31 22 26 21 52 16 21 30 51 43 33 45 50 66 41 49 23 26 26 52 52 9 47 76 28 57 42 32 19 67 27 78 28 34 18 44 84 28 82 13 69 48 16 69 65 44 71 27 36 65 82 46 24 47 51 64 41 36 51 73 32 71 41 22 73 25 52 9 67 52 89 66 25 37 62 54 48 13 0 52 21 34 63 55 55 33 64 44 51 65 28 31 64 25 31 67 52 86 31 27 24 21 20 22 66 68 61 13 63 48 56 47 13 39 21 56 46 40 49 74 35 13 11 75 66 69 70 48 46 28 63 41 22 32 29 49 77 
72 41 87 2 71 17 117 85 18 58 4 40 21 59 48 27 31 103 42 30 83 24 95 75 95 65 64 72 100 70 77 71 103 74 61 45 81 34 84 40 84 39 57 73 90 25 73 64 79 93 65 94 63 101 87 48 94 21 56 89 79 70 99 85 71 69 86 99 92 58 16 58 113 42 101 92 49 107 68 14 62 56 95 92 44 75 19 104 104 56 46 52 0 72 87 67 102 47 55 71 93 1 34 62 73 109 42 38 108 76 89 22 73 29 58 54 72 21 84 44 59 53 99 17 7 65 62 39 104 91 92 48 117 37 49 55 121 86 105 67 85 7 24 87 87 38 67 78 57 98 
51 65 73 74 22 55 49 17 55 15 70 58 66 31 30 48 42 31 31 42 13 66 23 38 23 50 68 32 28 27 21 32 31 47 16 56 74 42 47 52 12 40 73 30 73 47 41 28 33 79 21 76 9 55 32 26 59 82 47 63 19 28 50 80 41 30 31 29 52 42 56 53 55 42 58 19 29 57 13 69 13 73 34 86 77 4 58 43 32 51 27 21 72 0 18 64 34 63 35 63 23 72 78 25 17 43 45 42 49 46 85 50 31 45 21 37 2 84 63 71 13 70 27 73 66 11 37 42 35 27 19 56 54 46 32 17 54 58 52 72 34 66 48 54 22 43 25 27 51 68 
67 83 88 89 37 70 47 2 69 32 85 76 83 48 48 61 56 23 48 56 5 83 13 34 18 67 86 47 20 27 16 30 22 62 26 74 90 59 60 70 8 51 91 27 87 63 39 31 46 94 39 90 25 65 42 43 71 99 64 77 12 44 59 96 56 30 41 27 64 60 71 71 58 60 68 13 47 65 30 86 25 91 39 102 95 18 72 46 26 69 43 34 87 18 0 81 34 81 53 80 24 86 96 42 31 43 54 60 53 61 101 66 28 59 39 43 20 100 78 89 31 88 17 89 81 21 54 53 33 33 11 74 55 64 41 34 51 72 59 89 45 81 63 67 28 54 42 22 69 80 
16 26 20 67 43 59 79 80 62 54 63 27 46 33 40 66 62 81 48 59 76 43 79 95 75 14 6 35 80 85 83 89 82 22 69 22 14 42 31 28 73 71 17 89 23 54 97 81 39 26 42 27 60 46 48 46 35 58 18 26 82 37 48 20 26 87 48 72 37 21 56 12 66 33 44 75 41 53 50 53 66 18 58 27 31 62 70 63 80 14 50 63 67 64 81 0 69 20 30 4 68 67 41 39 50 71 79 36 62 24 24 54 89 63 44 82 61 59 20 26 54 18 81 52 60 68 26 73 73 59 76 19 73 34 73 53 82 25 54 9 44 66 55 30 60 73 39 89 14 34 
53 82 68 103 32 85 15 35 86 45 99 76 90 46 53 80 74 15 59 73 33 89 22 67 16 56 76 36 17 59 49 63 17 47 50 72 74 68 40 71 28 74 84 60 67 76 72 61 30 73 37 69 42 36 21 53 46 107 59 55 45 35 30 78 44 62 21 6 39 54 85 63 24 63 39 20 53 34 33 95 47 85 12 83 93 30 90 13 13 62 56 55 102 34 34 69 0 78 51 67 11 101 98 41 28 10 80 66 20 45 82 79 61 77 43 71 32 109 58 86 43 82 20 98 94 45 47 76 4 11 23 71 21 69 66 47 20 51 28 78 25 96 77 45 14 77 36 55 62 55 
30 6 40 47 47 41 90 80 45 49 43 8 26 33 33 51 48 86 38 45 76 23 82 88 79 24 17 42 84 78 79 81 87 35 62 7 34 29 45 13 74 58 13 82 43 38 88 73 47 46 43 47 56 62 57 39 53 38 18 45 79 42 62 38 35 79 57 78 53 23 38 15 80 22 61 78 34 69 51 33 61 12 67 45 15 63 52 74 86 15 42 55 47 63 81 20 78 0 28 24 73 47 22 39 52 82 65 24 75 37 42 37 83 48 42 71 61 39 39 8 50 8 85 32 40 63 30 60 81 66 79 7 86 20 62 48 94 43 69 20 54 47 39 46 65 60 42 83 16 53 
22 31 44 55 19 41 65 52 43 24 51 25 39 5 11 43 37 58 21 35 48 38 54 65 51 17 34 18 56 55 53 59 59 22 38 21 43 21 30 19 46 44 38 59 45 33 67 51 24 51 15 49 30 46 33 17 42 56 12 40 53 16 44 48 17 57 32 51 38 8 39 18 59 13 46 50 11 52 23 45 36 38 42 55 43 35 50 50 58 16 21 33 55 35 53 30 51 28 0 31 45 54 46 11 25 57 52 16 53 23 53 34 59 39 14 53 33 58 36 36 24 35 57 47 47 38 8 46 55 39 51 21 63 18 44 23 69 35 50 38 30 51 34 35 38 47 14 59 16 47 
14 30 16 71 43 62 76 80 66 55 67 31 50 33 41 69 64 79 50 62 75 47 78 96 73 13 10 33 78 86 83 90 80 20 69 26 12 45 28 31 72 74 21 90 19 57 98 82 37 22 42 23 60 42 46 48 31 62 20 22 82 36 44 17 24 88 46 70 33 22 60 14 62 35 40 74 42 49 50 57 67 22 55 25 36 62 73 60 78 17 52 64 71 63 80 4 67 24 31 0 66 71 46 38 49 68 81 39 59 22 22 57 90 65 45 83 61 63 15 30 55 22 79 56 64 68 26 75 71 57 75 23 70 37 75 54 79 21 51 11 42 70 58 26 58 76 38 89 16 30 
52 77 70 94 26 76 26 25 76 35 90 70 83 40 46 70 64 13 50 64 22 82 14 56 8 54 74 33 12 48 38 52 14 46 39 67 74 60 41 65 17 63 81 49 69 67 61 50 29 75 30 71 31 42 21 44 50 100 55 57 34 31 36 79 42 51 21 6 43 50 76 60 34 56 45 11 45 41 25 88 37 81 16 84 88 19 81 22 12 58 47 44 93 23 24 68 11 73 45 66 0 92 92 34 21 21 69 58 29 44 83 70 50 67 35 60 22 101 59 82 34 79 13 90 86 34 43 65 12 10 13 66 32 62 55 37 30 53 35 77 25 87 68 47 8 67 31 44 58 59 
72 41 87 3 70 16 116 85 17 57 4 40 21 58 48 26 30 102 41 30 82 24 95 74 95 64 64 72 100 69 76 70 102 74 60 45 81 33 84 40 83 38 58 73 90 24 72 63 78 93 64 94 62 100 86 48 94 21 56 89 78 69 99 85 70 68 85 99 92 58 16 58 113 41 100 91 48 106 68 15 61 56 94 92 44 74 18 104 104 56 45 51 1 72 86 67 101 47 54 71 92 0 35 61 73 109 41 38 107 75 89 21 72 28 57 53 71 22 84 45 58 53 99 18 7 65 62 38 104 90 91 48 117 36 48 55 121 86 104 68 84 6 24 87 87 37 66 77 57 98 
53 16 60 33 66 38 111 94 42 63 31 21 17 52 48 50 50 105 49 48 91 14 100 95 97 46 36 63 103 87 91 90 105 58 74 26 53 37 68 27 90 61 27 91 64 39 95 82 69 65 61 67 70 85 79 52 75 18 40 68 92 62 85 56 57 88 78 98 76 45 35 38 102 36 84 96 49 92 68 20 73 25 88 62 11 79 47 96 105 38 53 65 34 78 96 41 98 22 46 46 92 35 0 57 71 103 67 35 97 60 59 37 91 49 58 76 76 19 61 15 64 24 103 17 31 76 51 62 102 86 96 28 108 31 68 61 115 66 91 38 75 38 40 69 85 61 61 94 38 76 
27 42 49 63 9 46 55 42 48 17 58 36 49 6 13 45 39 47 22 37 37 48 43 58 40 25 43 13 45 48 44 52 48 24 31 32 50 28 28 30 35 44 49 51 50 38 61 45 18 56 4 54 22 43 25 16 41 66 22 42 43 9 39 55 18 50 24 40 36 17 45 28 51 22 44 39 13 47 12 54 29 49 33 62 54 24 54 42 47 26 21 28 62 25 42 39 41 39 11 38 34 61 57 0 13 48 51 24 46 24 60 40 52 41 7 49 22 67 40 47 17 46 45 56 54 29 12 46 44 29 40 32 55 27 41 17 60 37 44 47 23 57 39 35 27 47 5 50 26 48 
35 56 56 75 6 57 43 31 58 19 70 49 62 19 25 53 47 33 31 46 27 61 30 54 26 35 55 16 31 44 38 48 34 30 30 46 59 40 30 44 23 49 62 47 56 48 58 43 16 63 9 59 19 39 17 25 42 79 35 46 36 12 34 64 25 46 16 26 35 30 57 41 42 35 41 26 24 42 6 67 26 62 22 70 68 14 63 31 33 39 29 31 73 17 31 50 28 52 25 49 21 73 71 13 0 36 56 38 36 29 69 51 48 50 15 50 14 81 46 61 18 59 32 70 66 26 24 51 31 17 27 45 44 41 44 20 47 41 38 58 17 68 49 37 14 52 11 44 39 51 
55 87 68 111 38 93 8 45 94 54 106 81 96 52 61 89 83 23 67 82 43 95 31 77 25 59 78 40 25 69 59 73 24 49 60 77 74 75 40 77 38 83 87 70 66 84 82 71 34 72 44 67 51 32 24 61 44 114 63 54 55 41 27 78 47 72 25 16 38 58 93 67 16 70 36 30 60 28 41 102 57 88 15 82 98 40 99 9 20 66 65 64 109 43 43 71 10 82 57 68 21 109 103 48 36 0 89 72 13 47 82 87 71 85 51 81 42 115 58 91 52 86 28 104 102 54 52 85 10 18 32 75 11 75 76 55 12 51 23 80 28 104 85 45 22 86 43 65 66 52 
75 63 96 44 57 29 95 52 25 37 42 57 50 52 41 16 17 75 31 20 51 52 66 34 68 69 80 64 72 31 40 30 75 74 29 59 93 36 80 53 55 7 79 34 97 28 31 25 69 103 52 102 38 94 73 36 92 60 61 92 43 60 90 99 68 29 72 75 87 60 31 67 98 46 95 64 41 98 50 48 32 77 78 106 72 49 23 87 77 64 31 25 42 45 54 79 80 65 52 81 69 41 67 51 56 89 0 42 92 74 104 30 33 18 44 13 47 61 89 69 38 74 70 52 39 35 60 5 81 71 62 61 99 45 13 36 99 87 94 84 73 35 27 86 66 5 56 39 65 99 
36 23 54 39 33 25 80 59 28 28 34 16 24 20 13 30 25 70 14 22 55 23 64 64 63 29 37 34 68 54 56 57 71 37 39 17 51 6 46 11 54 35 37 58 57 18 64 49 40 61 28 61 35 62 49 17 57 41 20 54 57 32 60 56 32 55 48 64 54 21 23 25 75 4 63 61 13 68 34 29 38 36 58 64 35 43 35 66 71 22 18 31 38 42 60 36 66 24 16 39 58 38 35 24 38 72 42 0 69 38 61 19 59 26 23 47 41 43 49 30 29 32 68 32 30 41 24 37 69 54 61 19 79 4 38 26 84 50 66 41 46 35 19 50 52 37 29 60 23 62 
46 80 56 109 37 92 19 54 94 56 104 76 93 49 59 90 84 35 67 82 51 91 42 85 35 51 69 35 37 76 67 80 36 40 65 71 63 73 30 72 46 86 79 77 54 84 89 77 29 60 43 55 55 20 21 61 32 109 57 42 63 37 15 66 40 79 21 26 26 53 91 60 6 66 23 40 59 15 42 99 62 80 15 70 91 45 99 6 32 59 65 67 108 49 53 62 20 75 53 59 29 107 97 46 36 13 92 69 0 38 70 86 78 86 51 86 47 111 46 84 54 78 40 100 100 60 47 88 22 22 42 69 11 72 80 57 21 39 10 70 23 103 85 33 27 89 40 73 59 40 
8 43 26 76 24 63 55 61 66 41 72 39 58 21 33 66 60 57 43 58 56 55 57 82 52 13 31 13 56 71 67 76 58 2 55 34 30 44 8 36 52 67 40 75 27 56 85 69 15 33 25 30 45 25 24 38 19 73 20 18 65 17 25 35 6 74 24 48 16 17 61 21 42 34 25 53 33 32 32 64 52 41 33 41 52 43 73 38 56 22 43 52 76 46 61 24 45 37 23 22 44 75 60 24 29 47 74 38 38 0 39 57 75 62 31 73 43 75 17 46 41 39 58 65 68 53 15 69 49 35 55 32 49 39 65 41 58 13 31 33 20 73 57 12 36 69 21 73 21 25 
33 47 14 88 63 83 89 101 87 77 85 50 67 56 64 91 86 96 73 84 96 64 97 119 91 36 25 53 96 108 105 112 97 38 92 46 10 67 42 52 92 96 32 112 16 78 120 105 55 11 63 16 82 50 62 70 38 77 42 28 104 56 55 5 44 110 62 86 44 45 80 36 71 57 47 93 65 57 71 74 89 34 70 3 48 83 94 73 94 39 75 86 89 85 101 24 82 42 53 22 83 89 59 60 69 82 104 61 70 39 0 78 112 87 67 106 82 78 24 45 77 36 97 73 82 90 48 98 86 73 94 43 80 59 97 76 91 31 60 21 58 89 79 37 76 98 59 111 38 31 
55 33 73 24 48 6 94 64 9 35 20 28 20 37 26 14 13 81 19 11 61 22 73 59 73 48 53 51 78 52 57 54 81 56 40 32 68 13 64 26 62 24 50 56 75 3 58 46 57 79 43 79 41 81 65 26 76 34 39 73 59 48 78 74 51 52 64 77 73 40 5 43 92 23 81 70 27 86 46 21 40 49 73 81 42 52 16 82 82 40 23 31 22 50 66 54 79 37 34 57 70 21 37 40 51 87 30 19 86 57 78 0 56 12 35 39 50 35 68 39 37 45 77 25 15 44 42 25 82 68 69 34 95 19 32 33 99 69 84 57 63 17 3 69 65 24 45 59 41 81 
79 82 101 75 52 58 75 26 55 35 72 75 76 56 50 45 43 51 44 45 28 77 41 6 46 76 93 62 48 4 12 2 50 76 20 75 102 55 78 70 33 33 95 1 102 53 11 10 64 108 50 106 30 87 63 43 90 90 71 93 16 58 81 107 70 4 62 55 83 68 60 78 84 60 89 41 49 88 43 77 23 94 64 114 94 34 55 72 54 75 40 27 73 31 28 89 61 83 59 90 50 72 91 52 48 71 33 59 78 75 112 56 0 45 45 20 34 91 92 89 35 91 45 81 69 22 64 34 61 57 39 76 82 62 24 36 79 88 83 97 65 66 53 85 51 35 54 6 76 99 
61 45 80 31 49 13 92 57 10 31 27 39 32 41 29 4 2 76 19 4 55 34 67 48 68 55 63 54 73 41 48 43 76 61 32 42 77 20 69 35 56 12 61 45 83 10 46 35 59 88 43 87 36 84 65 25 81 45 46 79 50 50 81 83 56 41 64 73 77 46 15 51 92 30 85 65 29 89 44 32 33 60 72 90 54 48 13 82 77 48 21 24 29 45 59 63 77 48 39 65 67 28 49 41 50 85 18 26 86 62 87 12 45 0 35 27 45 46 75 51 33 56 72 36 24 37 47 13 79 67 64 44 94 28 21 30 97 74 85 67 64 22 9 74 63 12 46 49 49 86 
34 44 56 59 13 41 59 38 42 9 55 37 47 11 10 39 32 47 16 31 34 46 41 51 39 31 48 20 45 41 38 45 47 31 24 35 56 24 36 31 32 37 53 44 57 33 53 38 25 63 8 61 15 50 30 9 49 64 26 50 38 16 46 62 25 43 29 42 43 22 41 33 57 21 51 37 9 54 10 52 22 52 37 69 56 21 48 46 48 31 14 21 58 21 39 44 43 42 14 45 35 57 58 7 15 51 44 23 51 31 67 35 45 35 0 41 19 66 48 50 10 49 44 54 50 23 19 39 46 32 38 35 59 26 33 9 63 45 50 52 29 53 34 42 29 40 12 44 31 56 
75 69 97 56 52 40 86 40 37 32 54 63 59 51 42 27 25 65 33 28 40 61 55 21 58 70 84 61 61 17 27 17 64 73 21 64 95 42 77 58 44 15 84 20 98 36 19 12 65 104 48 102 31 90 67 35 90 72 63 91 31 57 85 101 67 16 66 65 84 61 42 70 92 49 91 53 41 92 44 59 24 83 71 108 80 41 35 80 67 67 31 20 54 37 43 82 71 71 53 83 60 53 76 49 50 81 13 47 86 73 106 39 20 27 41 0 39 73 89 76 33 79 59 63 51 26 59 15 72 64 52 66 91 50 8 32 90 86 88 88 68 47 36 84 59 16 53 25 67 98 
48 63 70 74 19 55 48 19 55 14 70 56 65 28 28 48 42 31 30 42 15 64 23 40 23 47 66 29 28 30 24 34 31 44 18 54 72 41 44 50 13 41 71 33 70 47 44 30 30 77 19 73 9 53 29 25 56 81 44 60 22 25 47 77 38 33 28 28 49 40 55 51 53 40 55 20 27 55 11 68 15 71 32 84 75 2 59 41 32 49 26 22 72 2 20 61 32 61 33 61 22 71 76 22 14 42 47 41 47 43 82 50 34 45 19 39 0 83 60 69 13 68 27 72 65 13 35 43 34 25 20 54 52 45 33 16 52 55 50 70 31 66 47 51 20 44 22 30 49 65 
69 33 79 19 76 33 123 99 36 68 19 35 18 63 55 46 48 113 52 46 96 19 106 94 105 62 55 75 111 87 92 89 113 73 76 40 72 41 83 39 96 58 46 91 82 38 92 81 82 84 71 86 75 100 91 58 92 1 54 85 94 74 100 75 71 87 90 107 91 58 31 54 116 45 99 103 56 107 76 14 75 44 100 81 30 85 39 108 114 53 57 66 21 84 100 59 109 39 58 63 101 22 19 67 81 115 61 43 111 75 78 35 91 46 66 73 83 0 79 33 70 42 110 11 22 79 63 58 112 97 103 43 121 39 67 66 127 82 106 57 88 27 38 85 95 57 72 94 54 93 
13 45 10 84 41 74 65 78 77 57 80 44 64 37 47 79 73 72 57 71 73 61 73 99 67 20 26 30 71 88 84 92 73 16 72 39 16 55 18 44 69 81 36 91 10 67 101 86 31 16 42 13 62 28 38 53 16 77 29 6 82 34 31 20 22 90 38 62 20 29 72 26 49 45 25 69 48 35 49 71 69 38 46 25 52 60 84 49 70 28 58 68 84 63 78 20 58 39 36 15 59 84 61 40 46 58 89 49 46 17 24 68 92 75 48 89 60 79 0 46 57 38 73 71 77 70 29 83 62 49 71 36 57 49 81 57 67 7 37 26 34 83 68 13 52 84 38 90 27 14 
38 6 45 44 56 42 99 88 46 57 41 13 23 41 41 53 51 95 44 48 84 20 91 93 88 32 21 50 93 84 86 87 95 43 69 15 38 34 54 19 82 62 13 88 49 41 94 79 56 50 51 52 64 70 66 46 60 32 27 52 86 51 71 42 44 85 66 87 61 32 39 24 88 29 69 87 42 77 59 30 68 11 76 48 6 71 53 83 94 24 48 61 44 71 89 26 86 8 36 30 82 45 15 47 61 91 69 30 84 46 45 39 89 51 50 76 69 33 46 0 58 9 93 28 39 70 39 63 90 75 87 15 95 26 67 55 103 51 77 24 63 46 41 54 74 63 50 90 25 60 
44 52 66 61 19 42 59 30 42 1 57 45 52 21 17 36 30 44 17 30 26 52 36 41 36 41 58 28 41 31 29 35 44 41 14 43 66 28 44 39 26 31 62 34 67 34 44 28 32 73 15 71 6 56 35 12 57 68 36 59 28 24 52 72 35 33 34 40 51 32 42 43 61 29 58 33 16 60 12 55 12 61 40 79 64 15 46 49 45 40 13 13 59 13 31 54 43 50 24 55 34 58 64 17 18 52 38 29 54 41 77 37 35 33 10 33 13 70 57 58 0 58 40 59 52 13 29 33 46 34 33 43 62 33 26 3 64 54 56 62 35 53 34 51 29 34 20 34 41 65 
32 12 36 52 53 49 94 87 53 57 49 16 32 40 41 59 56 92 47 53 83 28 89 96 85 26 12 46 90 86 87 90 93 37 71 15 29 37 48 21 81 67 5 91 40 46 97 82 52 41 50 43 64 63 62 47 53 41 24 44 87 47 65 33 39 88 61 84 54 29 46 18 82 30 62 85 42 70 58 38 69 3 71 39 13 70 60 78 91 20 50 63 53 70 88 18 82 8 35 22 79 53 24 46 59 86 74 32 78 39 36 45 91 56 49 79 68 42 38 9 58 0 91 37 47 71 35 68 86 71 86 14 89 29 71 56 97 43 71 15 58 54 47 47 71 68 48 92 20 52 
65 88 84 101 38 82 30 19 82 41 97 81 92 51 55 74 69 6 57 69 18 91 4 51 6 67 87 46 3 44 33 47 5 60 40 78 88 68 55 75 15 66 94 44 83 74 56 48 42 89 41 85 36 55 35 52 64 109 67 71 29 44 49 93 55 47 35 13 56 62 83 73 44 66 58 7 54 53 34 96 39 94 29 98 100 24 85 33 9 71 54 48 99 27 17 81 20 85 57 79 13 99 103 45 32 28 70 68 40 58 97 77 45 72 44 59 27 110 73 93 40 91 0 99 93 35 56 68 17 24 7 78 39 71 57 44 34 67 48 90 39 93 75 61 21 69 43 39 71 73 
60 26 72 16 65 23 112 88 27 57 14 26 7 52 44 36 38 102 41 36 85 9 95 84 94 53 49 65 99 77 82 79 102 63 65 31 66 30 74 29 85 48 41 81 75 28 82 71 71 78 60 79 64 91 80 46 83 9 45 77 83 63 90 70 61 77 79 96 82 48 21 45 106 34 90 92 45 97 65 4 65 39 89 76 26 74 31 98 102 44 45 56 17 73 89 52 98 32 47 56 90 18 17 56 70 104 52 32 100 65 73 25 81 36 54 63 72 11 71 28 59 37 99 0 14 68 53 48 101 86 92 34 111 29 57 55 116 74 96 52 77 21 28 76 84 48 61 84 45 85 
64 35 80 8 63 11 109 80 14 51 4 33 15 51 41 24 26 96 35 25 77 18 89 72 89 57 58 65 94 65 72 67 97 67 56 38 74 26 76 33 78 36 52 69 83 18 70 59 71 86 57 87 57 93 79 41 87 21 48 82 74 62 91 79 63 65 78 92 85 50 10 51 106 34 93 86 42 99 61 10 56 50 88 85 39 68 17 97 97 49 39 47 7 66 81 60 94 40 47 64 86 7 31 54 66 102 39 30 100 68 82 15 69 24 50 51 65 22 77 39 52 47 93 14 0 59 54 36 97 83 85 41 110 29 45 49 114 79 97 61 77 7 18 80 80 35 59 73 50 90 
57 64 79 67 29 48 60 20 47 13 63 57 62 34 29 39 34 40 27 34 17 62 31 29 33 54 72 40 37 18 15 23 40 53 5 56 80 39 55 51 20 30 75 21 79 41 32 17 42 86 27 83 7 65 42 24 68 78 50 71 16 35 60 85 47 21 41 40 61 46 49 56 66 41 67 28 28 67 21 64 3 75 45 92 76 15 50 54 42 54 23 13 65 11 21 68 45 63 38 68 34 65 76 29 26 54 35 41 60 53 90 44 22 37 23 26 13 79 70 70 13 71 35 68 59 0 42 32 46 38 27 57 65 45 21 15 64 66 63 76 43 59 41 62 33 33 31 21 54 76 
15 34 37 63 18 48 60 54 51 29 58 29 45 7 18 51 45 56 28 43 50 44 54 70 50 12 31 12 55 60 57 64 57 14 43 24 37 29 22 24 46 52 38 63 38 41 72 57 18 44 15 42 34 38 28 24 34 62 11 32 56 12 37 43 9 62 27 48 30 6 47 17 52 20 39 50 18 44 24 52 41 38 37 50 45 36 58 45 56 15 29 39 62 37 54 26 47 30 8 26 43 62 51 12 24 52 60 24 47 15 48 42 64 47 19 59 35 63 29 39 29 35 56 53 54 42 0 54 51 36 51 23 58 25 51 28 64 27 43 35 24 59 42 27 35 55 13 63 15 39 
69 57 90 41 52 25 91 50 22 32 39 51 45 47 35 12 12 72 25 15 49 47 63 36 65 63 74 59 69 31 39 32 72 68 27 53 87 31 74 47 52 2 73 34 92 22 34 25 64 97 47 96 34 89 68 30 87 57 55 86 42 55 85 93 62 30 67 72 82 54 27 61 94 40 90 61 35 93 45 44 29 72 73 100 67 46 20 83 74 58 25 21 39 42 53 73 76 60 46 75 65 38 62 46 51 85 5 37 88 69 98 25 34 13 39 15 43 58 83 63 33 68 68 48 36 32 54 0 77 67 60 55 95 39 11 31 96 82 89 78 68 32 22 80 62 1 51 39 59 94 
57 85 72 106 35 87 14 35 88 47 101 80 93 49 56 82 76 12 62 76 33 92 20 67 15 60 80 39 14 59 49 63 14 51 51 76 78 71 44 74 28 76 88 60 71 79 72 61 34 77 40 73 43 40 25 55 50 110 62 59 45 39 34 82 48 62 25 6 43 57 87 67 26 66 43 20 55 37 36 98 49 89 16 87 97 31 92 16 9 66 59 56 104 35 33 73 4 81 55 71 12 104 102 44 31 10 81 69 22 49 86 82 61 79 46 72 34 112 62 90 46 86 17 101 97 46 51 77 0 15 22 74 21 72 68 49 18 55 31 82 29 99 80 49 17 79 40 55 66 59 
43 70 60 92 20 74 26 34 75 35 87 64 78 34 42 70 64 22 49 63 30 77 24 63 18 45 65 24 22 54 45 58 23 37 43 60 64 57 31 59 25 65 73 56 59 66 67 55 20 65 26 61 33 32 11 42 39 96 47 47 42 24 26 69 33 57 11 13 32 42 74 52 28 52 35 21 41 32 22 84 40 73 7 74 82 23 80 16 21 51 46 46 91 27 33 59 11 66 39 57 10 90 86 29 17 18 71 54 22 35 73 68 57 67 32 64 25 97 49 75 34 71 24 86 83 38 36 67 15 0 23 59 28 57 58 37 30 43 26 68 15 86 66 37 5 68 25 52 50 49 
62 82 81 93 33 75 36 13 74 34 89 75 85 46 48 67 61 13 50 61 11 84 3 45 7 62 82 42 9 37 27 41 12 56 33 72 85 61 53 69 7 58 89 38 80 66 50 40 39 87 36 83 28 55 33 45 63 101 62 69 23 39 49 90 51 40 33 16 55 57 75 68 47 60 58 2 47 55 28 89 31 89 29 96 94 17 77 35 15 66 46 40 92 19 11 76 23 79 51 75 13 91 96 40 27 32 62 61 42 55 94 69 39 64 38 52 20 103 71 87 33 86 7 92 85 27 51 60 22 23 0 72 43 65 49 36 40 65 49 85 37 86 67 60 19 61 38 33 66 72 
25 11 39 48 40 39 83 73 43 43 44 8 27 26 27 48 44 79 33 41 69 25 75 82 72 18 18 35 77 72 72 76 80 30 56 3 34 24 40 8 67 54 18 76 42 35 83 68 41 45 36 46 50 57 51 33 48 42 12 42 72 35 57 39 29 73 50 71 48 17 37 10 74 16 56 71 28 64 44 34 54 18 60 46 22 56 50 68 79 10 36 49 48 56 74 19 71 7 21 23 66 48 28 32 45 75 61 19 69 32 43 34 76 44 35 66 54 43 36 15 43 14 78 34 41 57 23 55 74 59 72 0 80 16 57 41 87 39 63 23 47 47 36 42 58 56 35 77 10 50 
57 91 66 118 46 101 11 56 102 63 114 87 103 59 68 98 92 34 76 91 54 101 42 88 36 62 80 45 36 80 70 84 35 51 70 82 73 83 42 82 49 93 90 81 64 93 93 82 39 70 52 65 61 30 30 69 42 120 68 52 66 47 25 77 51 83 31 27 37 63 101 71 9 76 33 41 68 24 50 109 67 91 22 80 102 50 108 13 30 70 73 74 117 54 55 73 21 86 63 70 32 117 108 55 44 11 99 79 11 49 80 95 82 94 59 91 52 121 57 95 62 89 39 111 110 65 58 95 21 28 43 80 0 82 86 65 11 50 20 82 33 113 94 44 32 96 50 76 70 50 
36 19 53 37 37 25 83 63 28 32 33 13 21 23 16 31 27 74 18 25 59 20 68 67 66 29 35 36 72 58 60 61 74 37 43 14 49 8 47 7 58 38 34 62 56 19 67 53 43 60 31 60 39 64 51 21 58 38 20 54 61 34 62 55 34 59 50 68 55 21 23 23 77 5 64 64 17 70 37 27 42 33 60 62 31 47 35 69 74 21 22 35 37 46 64 34 69 20 18 37 62 36 31 27 41 75 45 4 72 39 59 19 62 28 26 50 45 39 49 26 33 29 71 29 29 45 25 39 72 57 65 16 82 0 42 30 87 50 68 39 49 34 20 50 55 39 32 64 22 62 
67 61 88 51 45 34 82 39 31 25 48 55 52 43 33 21 19 62 24 21 38 54 52 27 55 62 75 54 59 20 28 22 61 65 16 56 87 34 70 49 41 10 76 24 90 29 26 14 58 95 41 94 25 83 61 27 82 66 55 83 31 49 78 93 59 20 60 62 77 53 36 61 86 41 84 50 33 86 38 53 18 75 65 100 72 36 31 74 64 58 22 13 49 32 41 73 66 62 44 75 55 48 68 41 44 76 13 38 80 65 97 32 24 21 33 8 33 67 81 67 26 71 57 57 45 21 51 11 68 58 49 57 86 42 0 24 86 78 82 79 61 42 29 76 53 12 45 28 59 90 
44 49 65 57 21 38 62 33 39 2 53 42 48 20 14 33 27 47 13 26 29 48 40 42 39 40 56 29 45 32 31 36 47 41 15 40 65 25 45 36 29 29 60 36 67 30 44 29 33 73 16 70 9 58 37 9 58 65 34 59 31 25 54 71 34 34 36 44 52 31 39 41 63 26 59 36 13 62 14 52 13 59 43 78 61 19 43 52 48 38 10 11 55 17 34 53 47 48 23 54 37 55 61 17 20 55 36 26 57 41 76 33 36 30 9 32 16 66 57 55 3 56 44 55 49 15 28 31 49 37 36 41 65 30 24 0 67 54 58 60 37 50 31 52 33 32 20 36 39 65 
66 99 77 122 50 105 4 53 105 65 118 93 108 64 73 100 94 28 79 93 51 107 38 85 33 71 89 52 31 77 67 81 29 60 70 89 84 87 51 89 46 94 99 78 75 96 90 80 46 81 56 76 62 41 36 73 53 126 75 63 63 53 36 87 59 80 37 24 47 70 104 79 20 82 44 38 72 35 53 114 67 99 27 91 109 50 110 19 25 78 76 75 121 54 51 82 20 94 69 79 30 121 115 60 47 12 99 84 21 58 91 99 79 97 63 90 52 127 67 103 64 97 34 116 114 64 64 96 18 30 40 87 11 87 86 67 0 60 31 91 39 116 97 54 34 97 55 73 77 61 
14 49 17 86 36 75 58 73 78 54 82 47 67 35 46 78 73 65 56 70 68 64 67 95 61 21 31 26 65 84 79 89 66 13 69 42 23 56 12 46 64 80 42 88 15 68 98 82 25 22 38 18 58 21 31 51 9 81 30 5 77 30 24 27 19 87 32 55 13 29 73 28 42 46 19 63 46 28 45 74 66 43 39 31 57 55 85 42 63 30 56 66 86 58 72 25 51 43 35 21 53 86 66 37 41 51 87 50 39 13 31 69 88 74 45 86 55 82 7 51 54 43 67 74 79 66 27 82 55 43 65 39 50 50 78 54 60 0 30 32 28 84 69 6 46 82 34 86 29 12 
39 74 46 105 37 90 29 60 92 57 101 71 88 46 57 89 83 44 66 82 57 86 49 90 43 45 61 32 45 80 72 84 45 33 67 65 53 71 23 67 51 87 71 82 44 82 94 80 26 50 42 45 57 10 21 60 22 105 51 32 68 35 6 56 35 83 22 34 17 48 89 53 11 63 13 47 57 5 44 95 64 72 19 60 84 48 98 15 41 53 64 69 105 52 59 54 28 69 50 51 35 104 91 44 38 23 94 66 10 31 60 84 83 85 50 88 50 106 37 77 56 71 48 96 97 63 43 89 31 26 49 63 20 68 82 58 31 30 0 62 21 101 83 25 31 90 39 78 53 30 
25 26 22 67 52 62 88 89 66 62 63 29 46 41 47 71 67 90 55 64 85 43 88 103 84 23 4 44 89 92 91 96 91 31 76 25 14 47 40 31 82 77 11 96 25 58 104 89 48 26 50 29 68 53 57 53 42 56 25 32 91 46 56 18 35 94 57 81 45 30 59 19 74 38 51 84 48 61 59 53 74 13 66 24 28 71 73 71 89 21 57 70 67 72 89 9 78 20 38 11 77 68 38 47 58 80 84 41 70 33 21 57 97 67 52 88 70 57 26 24 62 15 90 52 61 76 35 78 82 68 85 23 82 39 79 60 91 32 62 0 53 68 59 37 69 79 48 97 21 39 
28 59 44 86 16 69 36 45 71 36 81 54 70 26 36 68 62 37 45 60 41 68 38 72 33 31 50 12 37 61 54 66 38 22 47 49 49 51 16 49 36 66 59 64 44 61 75 61 6 50 21 46 37 22 4 39 26 87 35 32 52 14 17 54 19 64 4 28 19 30 68 39 28 43 24 35 36 25 23 76 44 60 13 59 69 30 77 20 36 38 43 48 85 34 45 44 25 54 30 42 25 84 75 23 17 28 73 46 23 20 58 63 65 64 29 68 31 88 34 63 35 58 39 77 77 43 24 68 29 15 37 47 33 49 61 37 39 28 21 53 0 80 62 22 17 69 18 61 38 35 
70 42 86 9 66 11 112 79 11 52 7 39 22 55 44 20 25 97 37 24 77 25 89 68 89 63 64 69 94 63 70 64 97 72 55 44 81 30 81 39 78 32 59 66 89 20 66 57 75 92 60 93 57 98 82 43 92 26 54 88 72 66 95 85 68 62 81 94 89 55 12 57 109 39 98 86 44 103 63 17 55 57 90 92 46 69 12 99 99 55 40 46 7 66 81 66 96 47 51 70 87 6 38 57 68 104 35 35 103 73 89 17 66 22 53 47 66 27 83 46 53 54 93 21 7 59 59 32 99 86 86 47 113 34 42 50 116 84 101 68 80 0 19 85 82 31 63 71 56 96 
55 36 73 26 47 7 93 61 9 33 22 30 23 37 25 12 10 78 17 8 59 25 71 56 70 48 55 50 76 49 54 51 78 56 37 33 70 13 64 27 59 21 52 53 76 1 55 43 56 80 41 80 38 80 63 24 76 37 39 73 56 47 77 75 51 49 63 75 72 40 8 43 90 23 81 67 26 85 44 24 38 50 71 82 44 50 16 81 79 41 21 28 24 48 63 55 77 39 34 58 68 24 40 39 49 85 27 19 85 57 79 3 53 9 34 36 47 38 68 41 34 47 75 28 18 41 42 22 80 66 67 36 94 20 29 31 97 69 83 59 62 19 0 69 63 21 44 56 42 81 
16 52 23 88 33 75 52 68 78 51 83 50 69 33 45 78 72 59 55 70 63 66 61 91 55 23 36 22 59 81 75 85 61 13 65 44 29 56 7 47 59 78 47 84 21 68 94 79 21 28 35 23 55 16 26 50 7 84 31 9 73 27 18 33 18 83 26 50 7 29 73 31 36 46 14 58 45 23 41 75 62 48 33 37 60 51 85 36 57 32 55 63 87 54 67 30 45 46 35 26 47 87 69 35 37 45 86 50 33 12 37 69 85 74 42 84 51 85 13 54 51 47 61 76 80 62 27 80 49 37 60 42 44 50 76 52 54 6 25 37 22 85 69 0 40 81 31 82 31 13 
44 69 62 89 18 71 29 29 71 31 84 63 76 33 39 66 60 21 45 59 25 75 21 58 15 46 66 25 20 49 40 53 22 38 38 59 66 54 34 58 20 61 73 50 61 62 62 50 21 68 23 64 28 37 14 39 43 93 47 50 37 23 30 71 34 51 13 13 36 42 70 52 33 49 39 17 38 37 19 81 35 73 12 77 81 18 76 21 20 50 42 41 87 22 28 60 14 65 38 58 8 87 85 27 14 22 66 52 27 36 76 65 51 63 29 59 20 95 52 74 29 71 21 84 80 33 35 62 17 5 19 58 32 55 53 33 34 46 31 69 17 82 63 40 0 64 23 47 50 53 
70 57 90 40 53 24 93 52 21 33 38 51 44 48 36 11 12 74 26 14 51 47 65 37 66 64 74 60 71 32 41 33 74 69 28 53 88 31 75 47 53 3 73 36 92 22 35 26 65 97 48 96 35 90 69 31 88 56 56 87 44 56 86 93 63 31 68 73 83 55 26 61 95 40 91 62 36 94 46 43 30 72 74 101 66 47 19 84 76 59 26 22 38 43 54 73 77 60 47 76 67 37 61 47 52 86 5 37 89 69 98 24 35 12 40 16 44 57 84 63 34 68 69 48 35 33 55 1 79 68 61 56 96 39 12 32 97 82 90 79 69 31 21 81 64 0 52 40 60 94 
26 45 47 68 5 51 50 41 53 20 64 39 53 9 18 50 44 44 27 42 37 52 41 61 37 25 44 8 42 50 46 54 44 21 34 36 49 33 24 34 33 49 51 53 48 43 63 48 13 54 4 51 24 38 19 21 37 70 24 39 44 4 34 54 15 52 18 36 31 19 51 30 46 26 39 37 18 42 11 59 31 51 28 61 57 23 59 37 43 28 26 32 67 25 42 39 36 42 14 38 31 66 61 5 11 43 56 29 40 21 59 45 54 46 12 53 22 72 38 50 20 48 43 61 59 31 13 51 40 25 38 35 50 32 45 20 55 34 39 48 18 63 44 31 23 52 0 52 28 45 
78 84 100 80 49 62 69 20 59 34 77 77 79 55 50 50 46 45 45 48 22 80 35 12 40 75 93 60 42 8 6 9 44 74 20 76 101 57 75 71 27 38 96 5 100 56 17 14 61 106 48 103 28 83 59 44 87 93 71 91 10 55 77 106 68 9 58 49 80 67 63 77 79 61 85 35 49 84 41 80 22 95 59 113 95 31 60 67 48 75 41 29 78 27 22 89 55 83 59 89 44 77 94 50 44 65 39 60 73 73 111 59 6 49 44 25 30 94 90 90 34 92 39 84 73 21 63 39 55 52 33 77 76 64 28 36 73 86 78 97 61 71 56 82 47 40 52 0 75 96 
15 21 31 57 33 47 74 68 50 40 53 18 37 20 26 53 48 71 34 46 64 35 69 81 65 8 17 26 70 71 70 75 72 19 55 13 28 29 29 17 61 57 23 75 33 41 83 67 31 38 30 37 47 46 41 32 38 52 4 32 69 27 46 33 18 73 41 63 37 9 45 2 63 19 45 65 27 53 38 44 52 23 51 41 31 50 58 58 71 1 36 49 57 51 69 14 62 16 16 16 58 57 38 26 39 66 65 23 59 21 38 41 76 49 31 67 49 54 27 25 41 20 71 45 50 54 15 59 66 50 66 10 70 22 59 39 77 29 53 21 38 56 42 31 50 60 28 75 0 40 
26 60 18 98 46 87 59 81 90 65 94 58 78 46 58 90 85 70 68 82 77 75 73 105 67 33 40 36 71 95 89 99 72 25 79 53 27 68 20 57 72 92 50 98 15 80 108 93 34 20 49 15 69 20 38 63 9 92 42 8 87 41 25 28 31 97 39 60 16 41 85 40 41 58 17 70 58 26 55 85 76 52 44 30 66 65 97 44 68 41 68 77 98 68 80 34 55 53 47 30 59 98 76 48 51 52 99 62 40 25 31 81 99 86 56 98 65 93 14 60 65 52 73 85 90 76 39 94 59 49 72 50 50 62 90 65 61 12 30 39 35 96 81 13 53 94 45 96 40 0 
16 9 16 1 1 8 2 19 11 6 5 13 3 7 18 20 9 9 6 19 12 19 19 9 16 15 20 6 18 19 4 19 6 8 18 7 14 10 4 19 12 3 20 13 12 16 10 8 10 10 1 3 14 9 4 5 19 13 8 9 16 2 19 20 5 2 5 13 13 18 20 20 10 11 5 17 2 8 8 11 14 1 14 7 7 3 17 17 9 18 15 15 1 14 2 1 4 15 19 8 11 20 5 16 11 6 11 5 17 18 19 12 11 1 20 3 7 17 1 7 5 9 12 8 16 3 15 9 10 5 1 14 13 12 16 9 7 20 14 16 16 12 15 17 1 19 1 17 3 19 
30 30 30 30 30 30 30 30 30 30 30 30 30 30 30 30 30 30 30 30 30 30 30 30 30 30 30 30 30 30 30 30 30 30 30 30 30 30 30 30 30 30 30 30 30 30 30 30 30 30 30 30 30 30 30 30 30 30 30 30 30 30 30 30 30 30 30 30 30 30 30 30 30 30 30 30 30 30 30 30 30 30 30 30 30 30 30 30 30 30 30 30 30 30 30 30 30 30 30 30 30 30 30 30 30 30 30 30 30 30 30 30 30 30 30 30 30 30 30 30 30 30 30 30 30 30 30 30 30 30 30 30 30 30 30 30 30 30 30 30 30 30 30 30 30 30 30 30 30 30 