7 24 150 60 9
0 89 87 54 81 79 64 86 43 30 3 72 54 46 90 71 53 85 40 105 53 59 56 15 79 99 92 84 59 70 79 49 25 58 41 68 11 76 45 58 54 66 55 75 86 17 50 85 64 22 59 109 55 56 56 47 33 27 39 45 33 28 88 45 55 53 71 21 36 73 91 102 4 58 53 69 83 72 67 87 64 114 63 79 27 19 67 49 39 31 77 65 48 66 89 72 43 96 77 78 94 59 58 81 62 60 63 34 58 9 41 72 35 69 58 25 86 89 33 48 101 58 41 87 60 49 100 89 70 74 67 61 57 91 101 28 26 55 101 92 19 41 55 49 112 61 86 38 47 101 
89 0 99 97 53 106 101 16 49 61 92 62 47 85 56 102 36 49 69 66 103 94 36 75 102 85 62 16 86 65 36 43 65 113 48 91 92 33 50 31 48 94 57 25 29 77 60 107 43 67 30 73 75 97 48 72 59 62 83 63 102 61 4 94 54 37 64 69 74 44 71 68 93 32 36 101 100 123 80 20 34 81 109 64 63 83 61 57 87 103 15 24 44 39 35 17 73 78 17 12 26 39 35 87 74 114 66 58 54 82 53 28 103 91 115 64 26 31 57 54 82 49 97 32 34 80 95 92 23 59 69 72 50 15 88 61 65 94 56 94 75 68 88 42 74 105 3 94 83 85 
87 99 0 36 47 16 27 84 93 88 87 36 59 40 48 21 84 53 51 52 41 29 72 77 11 26 44 83 27 34 63 71 74 47 85 18 78 65 65 86 57 21 48 74 72 71 49 10 57 79 88 50 34 34 57 42 91 84 47 51 62 81 95 44 50 77 35 88 52 55 34 47 89 91 82 21 5 44 23 81 67 49 36 35 73 67 39 52 47 65 85 85 94 61 68 94 46 31 82 96 80 65 71 11 30 45 35 92 49 89 66 71 61 17 48 80 75 72 74 56 31 54 50 70 71 37 19 9 78 39 31 32 54 87 27 77 72 33 58 11 70 50 31 91 52 34 97 51 40 29 
54 97 36 0 58 24 9 85 73 65 54 43 50 13 64 17 71 64 30 75 7 7 63 49 26 56 63 84 15 40 68 58 50 16 66 18 44 68 50 75 49 14 40 74 77 42 37 31 54 53 77 75 23 1 49 25 68 60 18 35 26 57 94 9 43 65 42 62 27 59 56 71 55 78 69 15 31 25 27 84 63 78 12 49 49 36 42 40 16 29 82 77 76 59 77 87 25 58 80 91 87 58 62 35 27 16 35 70 44 59 49 70 25 20 18 56 80 79 53 43 60 48 14 77 64 17 53 41 74 48 35 29 47 90 58 53 48 4 77 44 42 31 10 74 78 8 95 16 15 59 
81 53 47 58 0 57 57 37 64 66 83 14 29 50 8 56 50 6 43 24 65 52 37 66 53 33 12 36 43 17 16 40 58 75 56 45 77 20 38 49 28 49 26 29 24 63 31 56 20 63 51 29 36 57 26 39 67 63 52 36 75 60 49 60 25 43 15 70 48 11 19 22 85 54 48 55 49 80 33 34 28 36 68 12 56 65 17 31 56 77 41 45 62 21 21 52 42 26 37 53 32 29 34 36 30 74 23 68 22 78 42 28 75 44 77 62 27 24 53 33 31 24 65 22 33 44 42 39 36 10 23 29 24 40 36 58 56 54 20 41 62 42 48 59 31 63 52 63 48 33 
79 106 16 24 57 0 14 92 92 86 79 44 62 33 60 7 86 63 48 66 28 19 75 71 5 42 57 90 23 41 72 73 71 31 84 15 69 73 65 89 60 14 50 81 81 64 49 7 62 75 91 65 33 23 60 40 89 81 40 50 51 78 102 34 53 80 43 84 48 62 47 62 80 93 84 9 11 28 26 89 72 65 21 46 70 59 45 53 39 53 92 89 94 66 78 98 43 46 88 102 90 69 74 23 32 30 40 90 52 82 65 78 49 14 33 77 84 82 72 57 47 58 38 80 75 33 35 25 84 48 36 34 57 96 43 74 69 23 72 27 64 48 25 91 67 19 104 40 34 45 
64 101 27 9 57 14 0 88 81 73 64 42 55 20 62 7 77 63 37 71 14 6 67 58 16 50 60 86 14 39 69 64 58 20 73 13 54 70 56 80 53 8 43 76 78 51 41 22 57 62 82 71 25 8 53 30 76 68 27 40 36 65 97 19 46 71 41 71 35 59 52 67 65 84 75 5 22 23 24 86 66 72 11 46 57 45 42 44 25 39 86 81 83 61 77 91 31 53 83 95 87 62 67 29 27 19 36 78 46 68 55 72 34 14 22 64 81 80 60 48 54 51 24 78 68 21 46 34 77 47 34 29 50 92 51 61 56 9 74 37 51 37 13 81 74 7 99 26 21 53 
86 16 84 85 37 92 88 0 50 60 89 47 37 74 39 89 35 33 59 50 91 82 30 71 88 69 45 2 73 50 20 37 61 102 47 77 87 18 42 31 37 81 45 12 13 72 49 92 31 64 31 57 63 85 37 61 59 60 73 52 93 58 12 84 42 33 49 67 65 29 55 52 90 34 34 87 85 110 65 4 24 65 97 48 59 76 46 47 77 95 11 23 47 26 19 22 62 61 9 21 12 29 28 72 60 102 52 58 41 79 46 16 94 77 103 61 10 15 53 44 66 37 87 16 26 69 79 76 16 44 55 58 38 5 72 58 60 82 40 78 70 58 76 43 58 93 16 84 72 68 
43 49 93 73 64 92 81 50 0 13 46 62 35 61 71 85 15 65 44 87 76 74 27 32 90 93 76 49 68 62 53 23 25 85 8 77 49 49 28 19 37 78 45 44 56 37 44 96 43 24 19 92 59 74 38 51 10 16 55 42 65 17 49 66 43 20 63 21 45 53 80 86 46 17 17 83 91 97 70 53 37 100 85 68 24 44 57 41 58 65 39 27 5 42 61 32 49 87 41 37 61 34 30 83 63 86 58 9 46 34 27 41 67 78 86 20 55 59 20 37 92 42 66 58 31 59 99 90 36 62 63 61 41 55 96 20 26 72 80 93 36 43 67 7 95 82 46 62 59 93 
30 61 88 65 66 86 73 60 13 0 33 62 37 53 75 79 25 69 38 90 67 67 32 19 85 92 79 58 63 61 59 27 15 75 13 72 36 55 28 30 38 72 44 51 63 26 41 91 46 12 31 95 54 66 40 46 3 5 46 38 54 8 60 57 43 27 62 8 38 56 81 89 33 29 25 77 86 88 66 62 42 102 76 69 16 33 57 39 49 54 50 37 18 46 68 44 43 88 50 49 70 39 35 80 59 76 56 5 46 21 25 48 56 73 76 9 63 67 14 35 93 43 56 65 37 53 97 87 44 63 61 57 42 65 95 12 17 64 84 91 25 38 61 19 98 73 58 52 52 93 
3 92 87 54 83 79 64 89 46 33 0 73 56 47 92 71 56 88 42 107 52 60 59 18 80 100 94 87 60 72 82 52 28 57 44 68 10 79 48 61 57 66 57 78 88 19 52 86 66 25 62 110 56 55 58 48 36 30 40 47 32 31 91 45 58 56 73 25 37 76 93 104 1 61 56 69 83 71 68 90 67 116 62 81 30 20 69 51 40 30 80 68 51 68 92 76 44 98 80 81 97 62 61 82 63 59 65 37 60 12 44 74 34 70 57 28 89 92 36 51 102 60 41 90 63 50 101 90 73 76 69 62 59 94 103 31 29 56 104 93 21 42 55 52 113 61 89 38 47 102 
72 62 36 43 14 44 42 47 62 62 73 0 26 36 21 42 51 20 31 34 50 37 38 58 40 30 21 46 29 3 27 38 51 60 54 31 66 29 34 52 24 35 18 37 36 54 21 44 21 56 54 37 22 43 23 26 63 58 39 26 61 55 58 46 18 44 1 64 37 18 19 31 75 57 49 41 37 66 18 45 31 42 53 7 49 54 5 23 42 64 49 49 62 24 34 57 30 26 45 60 45 30 36 25 16 60 9 64 16 70 37 34 61 30 62 56 39 37 47 26 30 20 51 35 36 30 37 30 42 4 8 15 20 51 33 51 49 40 34 33 52 31 33 58 40 49 61 49 34 31 
54 47 59 50 29 62 55 37 35 37 56 26 0 38 38 57 25 32 22 53 56 48 13 38 59 57 42 35 40 27 25 12 29 66 27 47 52 23 9 26 2 49 11 25 33 37 13 65 10 34 29 58 29 50 3 25 38 33 36 16 57 31 44 47 9 18 27 41 28 20 45 52 57 31 23 56 58 76 37 36 13 65 62 33 27 41 22 10 40 58 32 26 35 12 35 36 26 52 30 40 42 8 12 49 30 66 24 38 11 50 13 20 57 47 68 32 34 36 23 7 57 6 50 34 13 33 63 56 23 26 29 28 6 42 60 28 27 48 48 59 35 21 41 32 61 58 44 47 36 58 
46 85 40 13 50 33 20 74 61 53 47 36 38 0 57 26 58 56 17 69 17 14 50 38 33 55 56 72 12 33 57 45 38 28 53 21 38 57 37 62 37 19 29 62 67 31 25 39 43 42 64 71 14 13 37 13 56 48 7 22 26 45 82 10 31 52 35 51 15 48 51 65 48 65 56 24 36 38 23 73 51 74 25 42 37 27 33 27 7 29 70 64 63 47 67 74 12 55 68 78 76 46 50 36 20 28 27 57 32 50 36 58 25 22 29 44 69 69 40 31 58 36 15 67 51 6 55 43 62 40 28 21 35 79 58 41 36 11 70 46 31 18 8 61 74 21 83 13 2 57 
90 56 48 64 8 60 62 39 71 75 92 21 38 57 0 60 57 7 51 15 71 58 44 75 56 30 6 39 49 24 21 48 67 81 64 49 86 25 47 56 36 54 34 34 26 72 39 58 28 71 58 21 43 63 35 47 76 72 59 45 82 69 51 67 34 51 22 79 56 18 16 14 93 61 55 59 51 85 38 36 35 28 73 15 64 73 24 40 63 85 46 51 70 29 21 57 50 22 42 58 32 36 42 38 37 80 30 76 31 87 50 33 82 49 83 70 29 25 61 41 26 32 72 24 41 51 40 40 41 17 29 36 33 42 32 66 65 60 13 41 70 50 54 66 23 68 55 70 55 29 
71 102 21 17 56 7 7 89 85 79 71 42 57 26 60 0 81 62 41 68 21 12 70 64 10 45 57 87 17 39 69 67 64 26 78 11 61 70 60 84 56 8 46 77 79 57 44 15 58 68 86 67 28 15 55 34 82 74 33 44 43 71 99 26 49 74 41 77 41 60 48 63 72 88 79 2 15 25 23 87 68 68 15 45 63 52 42 47 31 46 88 84 88 63 77 94 36 49 85 97 88 64 69 25 28 24 36 83 48 75 59 74 42 11 27 70 81 80 65 51 50 53 31 78 71 26 40 28 80 46 34 30 53 93 46 67 62 15 72 31 57 41 18 85 70 13 100 33 27 48 
53 36 84 71 50 86 77 35 15 25 56 51 25 58 57 81 0 51 41 72 75 70 13 39 84 81 62 33 63 52 38 13 30 85 12 71 56 34 21 5 27 73 36 28 40 42 36 89 30 31 6 78 53 71 28 46 24 26 54 36 69 25 35 66 34 7 52 33 44 39 68 72 57 7 2 79 83 96 62 38 22 86 83 56 28 49 47 33 58 70 24 12 12 28 45 19 45 75 26 24 46 21 15 74 55 86 49 23 36 46 22 26 70 72 86 28 39 44 22 29 80 31 67 43 16 55 88 81 20 50 54 53 31 39 84 26 29 69 65 84 41 40 63 9 81 79 33 63 56 81 
85 49 53 64 6 63 63 33 65 69 88 20 32 56 7 62 51 0 48 21 71 58 38 70 59 36 13 32 50 24 14 42 62 81 58 51 82 18 42 49 31 55 31 27 20 68 36 62 22 66 51 27 42 64 30 45 70 66 58 41 81 63 45 66 30 44 22 73 54 12 22 21 89 54 49 61 55 86 39 29 28 35 74 17 59 70 23 36 62 83 39 44 63 22 15 50 48 28 35 51 27 30 35 41 37 81 29 70 27 82 45 26 81 51 83 65 23 19 56 37 33 27 71 17 34 50 46 45 34 16 29 35 28 35 39 61 60 60 16 46 66 47 54 60 30 69 48 69 54 35 
40 69 51 30 43 48 37 59 44 38 42 31 22 17 51 41 41 48 0 65 34 30 33 27 47 59 52 57 25 30 46 28 23 44 36 34 34 44 20 44 22 34 17 47 54 22 12 53 30 28 47 69 16 30 22 8 41 33 13 7 34 30 66 25 19 35 31 37 6 38 51 63 43 48 39 39 48 55 29 59 35 74 42 39 22 22 27 13 18 36 54 47 46 33 56 57 5 56 52 61 63 30 33 43 22 45 23 42 21 40 18 43 34 35 46 29 56 57 24 15 60 23 27 55 35 15 61 51 46 34 27 21 22 64 62 26 21 28 63 54 21 1 23 44 72 38 67 24 15 60 
105 66 52 75 24 66 71 50 87 90 107 34 53 69 15 68 72 21 65 0 82 68 59 90 61 27 13 50 60 36 34 64 82 91 80 58 100 39 62 71 52 63 49 47 37 87 54 62 43 87 72 7 55 74 50 60 91 87 73 60 95 84 62 78 49 66 34 94 71 34 19 4 108 76 70 67 56 93 48 46 50 15 82 26 80 88 38 55 76 98 58 65 85 44 31 70 64 20 54 70 40 52 57 43 48 90 43 91 46 102 66 47 95 57 93 86 40 35 77 57 22 48 84 34 56 63 38 42 55 30 41 48 48 51 29 82 80 71 10 42 85 64 65 81 8 78 66 82 67 25 
53 103 41 7 65 28 14 91 76 67 52 50 56 17 71 21 75 71 34 82 0 14 67 49 31 63 70 90 22 47 74 63 52 10 69 25 42 74 55 79 55 20 46 79 84 42 43 36 60 55 81 82 29 8 55 30 70 62 21 40 22 59 100 9 49 70 49 63 31 65 63 78 54 82 74 19 36 21 34 90 68 84 10 56 52 36 48 45 17 25 88 82 79 65 83 91 30 65 86 96 93 64 68 42 34 10 42 72 50 59 53 76 21 26 12 57 86 86 56 48 67 54 12 83 69 22 59 47 79 54 42 35 53 96 65 56 50 11 84 51 42 35 17 78 85 8 101 15 20 66 
59 94 29 7 52 19 6 82 74 67 60 37 48 14 58 12 70 58 30 68 14 0 61 52 20 49 56 80 8 34 63 57 52 23 67 11 50 64 49 73 46 7 37 70 73 45 35 26 51 56 76 68 19 6 46 23 70 62 21 34 33 59 91 15 40 64 36 65 29 54 49 64 61 77 68 10 24 28 20 80 60 70 15 42 51 40 36 38 19 36 79 75 76 55 72 85 25 50 77 88 82 55 60 28 21 22 30 71 40 63 48 66 32 12 25 58 75 74 54 41 53 45 21 72 61 15 46 34 71 42 29 23 44 86 51 55 50 4 70 37 45 30 6 74 71 11 92 22 15 51 
56 36 72 63 37 75 67 30 27 32 59 38 13 50 44 70 13 38 33 59 67 61 0 41 72 67 49 28 53 39 26 7 31 77 20 60 57 22 13 14 14 62 24 19 30 42 26 78 17 34 16 65 42 63 15 37 32 31 47 27 65 29 34 58 22 6 39 39 38 25 54 59 60 19 11 68 71 88 50 31 9 73 75 43 29 47 34 23 51 66 22 14 25 15 35 24 37 61 21 28 38 8 2 61 43 78 36 32 23 50 16 16 66 60 79 32 30 34 23 19 66 18 61 33 4 46 75 68 14 37 41 41 18 35 71 28 30 60 53 71 40 32 54 21 68 71 34 57 48 68 
15 75 77 49 66 71 58 71 32 19 18 58 38 38 75 64 39 70 27 90 49 52 41 0 71 86 77 69 50 56 64 34 10 56 28 59 17 61 30 44 39 58 40 60 70 7 36 77 48 8 46 94 43 50 40 35 23 15 31 31 34 14 73 40 41 38 57 13 24 58 77 88 19 45 39 62 74 70 56 72 48 100 59 65 12 13 53 35 33 34 62 50 36 50 74 59 31 83 62 64 78 44 43 70 50 58 50 24 43 12 25 56 36 60 57 11 71 73 18 33 87 42 38 72 45 39 89 78 55 60 54 49 42 76 89 13 11 49 86 81 7 28 46 36 97 57 72 34 37 88 
79 102 11 26 53 5 16 88 90 85 80 40 59 33 56 10 84 59 47 61 31 20 72 71 0 37 52 86 22 37 67 70 70 35 82 13 70 69 63 86 57 13 48 77 77 65 47 6 59 74 88 60 31 25 57 39 88 80 40 48 53 77 98 35 50 77 38 83 47 58 42 57 81 91 82 11 6 33 22 85 69 60 25 41 69 60 41 50 39 56 88 86 92 63 74 95 42 41 85 98 85 66 71 18 29 34 36 89 49 83 63 74 51 12 37 76 79 77 71 54 42 55 40 75 72 32 30 20 80 43 33 31 54 92 38 73 68 24 67 22 64 47 24 89 62 23 100 42 33 40 
99 85 26 56 33 42 50 69 93 92 100 30 57 55 30 45 81 36 59 27 63 49 67 86 37 0 24 69 43 30 49 69 80 70 85 37 92 53 65 81 55 42 48 62 56 81 51 36 50 85 83 24 43 55 54 51 94 88 61 55 81 85 81 63 49 74 30 94 62 44 14 23 101 86 79 45 31 70 32 66 60 23 60 24 78 79 35 53 63 84 74 78 92 53 51 85 55 8 70 86 62 59 65 20 36 69 36 95 46 99 67 61 80 36 72 85 59 55 77 56 5 50 68 54 65 50 10 17 69 30 31 37 51 72 3 81 78 52 36 15 80 58 48 89 26 57 85 68 54 3 
92 62 44 63 12 57 60 45 76 79 94 21 42 56 6 57 62 13 52 13 70 56 49 77 52 24 0 45 48 23 27 53 70 79 69 47 87 31 51 61 40 51 37 40 32 74 41 54 32 75 63 16 42 62 39 47 80 75 60 47 82 72 58 66 36 56 21 82 58 23 10 10 95 67 60 57 47 82 36 42 40 23 71 14 67 75 25 42 63 85 52 57 75 34 27 63 51 16 48 64 38 41 47 34 36 78 30 80 34 90 54 39 82 46 81 74 35 31 65 44 20 36 71 30 46 50 34 35 47 17 28 35 36 48 26 70 68 59 14 36 72 51 53 71 19 66 61 70 54 23 
84 16 83 84 36 90 86 2 49 58 87 46 35 72 39 87 33 32 57 50 90 80 28 69 86 69 45 0 71 49 19 35 59 100 45 76 85 17 40 29 35 79 43 10 13 70 47 91 29 62 29 57 61 84 35 59 57 58 71 51 92 56 12 82 40 31 48 65 63 28 54 52 88 33 32 86 84 109 64 5 22 65 95 47 57 74 45 45 75 93 9 21 45 25 19 21 60 61 7 20 13 27 26 71 59 100 50 57 40 77 44 14 92 76 102 59 10 15 51 42 66 35 85 16 24 67 78 76 14 43 53 57 36 7 71 56 58 81 40 77 68 57 74 42 58 91 16 82 70 68 
59 86 27 15 43 23 14 73 68 63 60 29 40 12 49 17 63 50 25 60 22 8 53 50 22 43 48 71 0 25 54 50 48 31 61 9 50 55 42 66 38 9 29 61 64 43 27 28 42 52 68 61 10 14 38 17 66 58 19 27 38 55 82 19 32 57 27 61 25 45 41 56 61 70 61 15 24 37 12 71 51 63 24 34 47 39 27 30 20 40 71 67 70 46 63 77 20 44 68 80 73 47 52 23 13 31 21 67 31 62 42 58 37 10 33 54 66 65 49 34 47 36 25 63 53 10 42 30 63 33 20 14 36 77 45 51 46 11 62 33 43 25 5 68 64 20 84 25 12 46 
70 65 34 40 17 41 39 50 62 61 72 3 27 33 24 39 52 24 30 36 47 34 39 56 37 30 23 49 25 0 30 39 50 57 54 28 64 32 34 53 25 32 17 39 39 52 20 41 22 55 55 39 19 40 24 24 63 57 36 25 59 54 61 43 18 45 2 63 34 21 21 33 73 58 50 38 34 63 15 48 33 44 50 9 48 52 5 22 39 61 51 51 62 26 37 59 28 27 47 62 48 31 37 23 13 57 6 64 16 69 36 37 58 27 59 55 42 40 46 26 31 21 48 38 37 27 36 29 44 7 5 12 21 54 34 51 48 36 37 32 50 29 30 59 42 45 63 46 31 32 
79 36 63 68 16 72 69 20 53 59 82 27 25 57 21 69 38 14 46 34 74 63 26 64 67 49 27 19 54 30 0 32 54 85 47 58 78 4 34 36 25 62 29 13 9 63 34 71 16 59 38 41 45 67 24 45 59 57 58 39 80 55 32 68 27 33 29 65 52 9 35 35 83 41 37 68 64 92 46 17 17 49 79 28 52 66 27 33 62 82 25 31 51 13 10 36 47 42 21 37 18 20 24 51 41 85 33 59 25 75 38 13 80 58 86 57 12 11 47 32 47 23 72 9 22 52 59 56 20 24 35 39 24 24 52 53 53 64 26 58 61 45 58 47 43 74 35 69 55 49 
49 43 71 58 40 73 64 37 23 27 52 38 12 45 48 67 13 42 28 64 63 57 7 34 70 69 53 35 50 39 32 0 24 72 16 57 50 28 7 16 14 59 23 26 37 35 23 76 20 27 18 69 39 58 15 33 27 25 41 23 59 22 40 53 21 7 39 32 32 29 57 63 53 20 11 65 70 84 48 38 15 76 70 45 22 40 34 19 46 60 28 19 23 19 41 29 32 63 28 33 45 12 9 61 41 73 36 27 23 43 10 22 60 58 74 25 37 40 16 15 68 18 55 39 11 42 75 68 21 38 41 39 18 42 72 21 23 56 58 71 33 27 50 20 72 66 40 52 43 70 
25 65 74 50 58 71 58 61 25 15 28 51 29 38 67 64 30 62 23 82 52 52 31 10 70 80 70 59 48 50 54 24 0 60 20 57 26 51 20 35 30 57 33 50 60 13 29 76 39 5 36 87 40 50 31 31 18 10 31 25 41 7 63 42 33 28 51 13 23 49 71 80 29 36 29 62 71 73 52 62 39 93 61 58 2 19 46 27 34 41 52 41 29 41 64 49 28 77 52 54 69 34 33 66 45 61 44 19 36 20 16 46 42 58 61 6 61 64 8 25 81 34 41 62 35 38 84 74 45 53 49 44 33 66 83 4 2 49 78 77 11 23 46 28 89 58 62 38 37 82 
58 113 47 16 75 31 20 102 85 75 57 60 66 28 81 26 85 81 44 91 10 23 77 56 35 70 79 100 31 57 85 72 60 0 78 33 47 84 65 89 65 28 56 90 94 49 53 39 71 62 91 91 39 17 65 41 78 70 31 50 25 67 110 19 59 79 59 70 40 75 72 87 58 92 83 25 41 14 43 101 79 92 10 65 60 42 58 55 27 27 98 91 88 75 93 101 40 73 96 106 103 74 78 49 44 2 52 80 60 64 63 86 23 34 2 65 96 96 65 59 75 64 18 94 79 33 66 54 90 64 52 45 63 107 72 64 59 20 93 57 50 45 27 87 94 13 111 22 30 73 
41 48 85 66 56 84 73 47 8 13 44 54 27 53 64 78 12 58 36 80 69 67 20 28 82 85 69 45 61 54 47 16 20 78 0 69 46 43 20 17 29 70 37 38 50 33 36 88 36 20 18 85 51 67 31 43 12 14 48 34 60 13 47 60 35 14 55 21 38 45 73 79 45 16 12 76 83 91 62 49 30 92 78 61 19 39 49 33 51 61 36 24 9 35 55 31 41 79 37 36 57 27 23 75 55 79 50 12 38 34 19 36 62 70 79 17 50 54 13 29 84 34 60 53 24 51 91 82 31 54 55 53 33 51 88 15 20 65 73 85 31 36 60 8 88 75 45 56 52 86 
68 91 18 18 45 15 13 77 77 72 68 31 47 21 49 11 71 51 34 58 25 11 60 59 13 37 47 76 9 28 58 57 57 33 69 0 59 59 50 74 45 5 35 66 67 52 34 19 47 61 76 58 18 17 45 26 75 67 28 35 44 64 87 26 38 64 29 70 34 48 39 54 70 78 69 10 14 35 12 75 57 59 24 34 56 48 31 37 28 47 77 74 79 52 65 83 29 40 74 87 76 54 59 17 17 32 25 76 37 71 50 63 43 1 35 63 70 68 58 42 42 43 32 66 60 19 35 23 69 34 22 19 42 82 39 60 55 15 61 26 52 34 13 76 61 20 89 32 21 40 
11 92 78 44 77 69 54 87 49 36 10 66 52 38 86 61 56 82 34 100 42 50 57 17 70 92 87 85 50 64 78 50 26 47 46 59 0 75 45 61 52 56 51 76 85 15 46 76 62 25 63 103 48 45 53 40 39 32 31 40 22 32 90 35 52 55 66 29 29 71 85 98 11 62 56 59 73 61 60 88 64 109 52 74 28 12 62 46 30 20 78 67 53 64 88 76 36 90 78 81 94 59 59 73 55 49 57 41 55 18 41 72 24 60 47 29 86 88 34 46 94 55 30 86 61 41 92 81 71 69 61 54 54 92 94 30 27 46 98 84 17 35 46 54 107 51 89 28 38 94 
76 33 65 68 20 73 70 18 49 55 79 29 23 57 25 70 34 18 44 39 74 64 22 61 69 53 31 17 55 32 4 28 51 84 43 59 75 0 31 32 23 63 28 9 10 60 32 73 14 55 33 45 45 68 22 44 55 53 57 37 79 51 29 67 25 29 30 61 50 10 39 39 80 37 32 69 66 92 47 16 13 53 79 31 49 64 28 31 61 80 21 26 47 11 13 32 46 46 17 33 19 17 20 54 42 85 34 55 24 71 35 8 79 59 86 53 11 13 44 30 51 21 71 11 18 51 62 59 16 26 36 40 22 22 56 49 50 65 31 61 58 43 58 43 47 75 32 68 55 53 
45 50 65 50 38 65 56 42 28 28 48 34 9 37 47 60 21 42 20 62 55 49 13 30 63 65 51 40 42 34 34 7 20 65 20 50 45 31 0 24 10 52 17 31 40 30 16 69 19 25 26 68 32 51 12 25 29 24 33 15 52 21 47 45 15 15 35 31 25 29 53 61 49 28 19 58 63 76 42 43 19 74 63 41 18 34 29 13 38 53 35 27 29 20 43 36 25 60 34 41 49 14 14 55 35 65 30 29 18 41 4 27 53 51 66 23 41 43 14 9 65 15 47 42 16 34 70 62 27 35 35 33 14 47 68 19 18 48 58 65 28 19 42 26 70 59 47 44 35 66 
58 31 86 75 49 89 80 31 19 30 61 52 26 62 56 84 5 49 44 71 79 73 14 44 86 81 61 29 66 53 36 16 35 89 17 74 61 32 24 0 28 76 38 25 37 47 39 92 31 36 2 77 55 75 29 50 28 31 58 39 74 30 30 70 36 9 53 38 48 38 68 71 62 5 5 82 85 100 64 34 21 85 87 57 33 54 48 36 62 74 20 7 15 28 43 14 49 75 21 19 42 22 16 75 57 90 50 27 37 51 26 23 75 74 90 33 36 41 27 32 80 32 71 40 16 58 89 82 16 51 55 55 32 35 84 31 34 72 63 85 46 44 67 12 79 83 28 67 60 81 
54 48 57 49 28 60 53 37 37 38 57 24 2 37 36 56 27 31 22 52 55 46 14 39 57 55 40 35 38 25 25 14 30 65 29 45 52 23 10 28 0 48 9 25 33 38 12 63 9 35 31 57 28 49 1 24 39 35 35 15 56 32 45 46 7 20 25 42 27 19 43 50 58 33 25 54 57 74 35 37 13 64 61 31 28 41 20 9 39 58 33 28 37 12 35 38 25 50 31 42 42 9 13 47 28 65 22 40 9 51 14 21 57 46 66 34 34 36 24 7 55 4 49 34 15 32 61 54 24 25 27 26 4 42 58 29 28 46 47 57 36 21 40 34 60 57 46 46 35 56 
66 94 21 14 49 14 8 81 78 72 66 35 49 19 54 8 73 55 34 63 20 7 62 58 13 42 51 79 9 32 62 59 57 28 70 5 56 63 52 76 48 0 38 70 71 51 36 19 50 61 78 63 20 13 47 26 75 67 26 36 41 64 91 22 41 66 34 70 34 52 44 59 67 80 71 6 17 31 16 79 60 64 19 38 56 46 35 39 26 43 80 76 80 55 69 86 29 45 77 89 80 56 61 21 20 27 29 76 40 69 51 66 39 6 30 63 74 72 58 43 47 45 28 70 62 19 39 27 72 39 26 22 45 85 44 60 55 11 66 30 50 34 11 77 66 15 92 29 20 45 
55 57 48 40 26 50 43 45 45 44 57 18 11 29 34 46 36 31 17 49 46 37 24 40 48 48 37 43 29 17 29 23 33 56 37 35 51 28 17 38 9 38 0 33 38 37 5 53 14 38 40 54 18 40 9 16 46 40 28 10 51 37 53 39 2 29 18 46 23 21 37 47 58 43 34 44 47 65 25 44 22 60 52 25 31 38 13 5 32 53 42 38 46 18 39 48 18 44 39 51 47 18 23 38 18 57 13 46 4 53 19 29 51 36 58 38 40 40 29 8 48 7 42 38 24 23 53 45 33 19 18 16 7 50 51 33 31 37 47 48 35 16 31 43 57 48 55 40 26 49 
75 25 74 74 29 81 76 12 44 51 78 37 25 62 34 77 28 27 47 47 79 70 19 60 77 62 40 10 61 39 13 26 50 90 38 66 76 9 31 25 25 70 33 0 12 61 37 81 19 54 26 53 51 73 25 49 51 50 60 40 82 49 21 72 30 24 38 58 53 19 48 48 79 30 27 76 74 99 54 12 12 61 85 39 48 65 35 34 65 83 12 18 41 15 17 23 50 55 8 24 18 17 17 62 49 90 41 51 30 70 35 4 82 66 91 51 11 15 42 32 60 25 75 14 15 57 71 67 8 34 44 47 26 17 65 48 49 70 38 69 59 46 64 37 55 81 23 72 60 62 
86 29 72 77 24 81 78 13 56 63 88 36 33 67 26 79 40 20 54 37 84 73 30 70 77 56 32 13 64 39 9 37 60 94 50 67 85 10 40 37 33 71 38 12 0 70 42 80 24 64 38 44 54 77 32 54 63 62 66 47 89 60 25 77 35 36 38 69 60 18 42 39 90 41 39 77 73 101 55 9 21 52 88 36 58 74 36 41 71 90 21 30 53 21 6 33 56 48 17 32 9 26 28 60 51 94 42 62 34 80 44 14 89 67 96 62 3 3 53 40 53 31 81 3 26 61 66 64 20 33 44 49 32 15 59 58 59 74 27 66 68 53 67 49 45 84 29 78 64 55 
17 77 71 42 63 64 51 72 37 26 19 54 37 31 72 57 42 68 22 87 42 45 42 7 65 81 74 70 43 52 63 35 13 49 33 52 15 60 30 47 38 51 37 61 70 0 32 71 47 13 49 91 38 43 39 30 29 21 24 27 28 19 75 33 38 40 54 20 18 56 73 85 21 49 42 55 67 63 50 73 49 96 52 62 14 7 49 32 26 28 64 53 41 49 73 62 25 79 63 67 79 44 44 65 45 51 46 31 41 18 26 57 30 54 50 17 71 73 20 31 83 41 31 71 46 33 83 72 56 56 50 44 40 77 84 17 13 42 84 76 2 23 40 41 94 50 75 27 31 83 
50 60 49 37 31 49 41 49 44 41 52 21 13 25 39 44 36 36 12 54 43 35 26 36 47 51 41 47 27 20 34 23 29 53 36 34 46 32 16 39 12 36 5 37 42 32 0 53 18 34 41 58 16 37 12 12 43 37 24 5 46 34 57 34 7 30 22 43 18 26 41 52 53 43 34 42 47 62 26 48 25 64 49 29 27 33 16 3 28 48 45 40 45 22 44 50 13 47 43 53 52 21 25 39 19 53 15 44 9 48 17 33 46 35 54 34 44 45 26 7 52 11 38 43 26 20 55 46 36 24 20 17 10 54 54 30 27 34 52 50 31 11 28 42 61 45 58 35 23 53 
85 107 10 31 56 7 22 92 96 91 86 44 65 39 58 15 89 62 53 62 36 26 78 77 6 36 54 91 28 41 71 76 76 39 88 19 76 73 69 92 63 19 53 81 80 71 53 0 63 80 94 60 37 30 62 45 94 86 46 54 58 83 103 41 55 82 43 89 53 63 44 58 87 96 87 16 7 34 27 89 74 59 29 44 75 66 46 56 45 61 93 91 98 68 77 100 48 42 89 103 89 71 76 20 34 37 41 95 54 89 69 78 57 18 41 82 83 81 77 60 41 60 46 79 77 38 29 19 85 47 37 36 59 96 37 79 74 29 68 21 70 53 30 95 63 27 105 47 39 39 
64 43 57 54 20 62 57 31 43 46 66 21 10 43 28 58 30 22 30 43 60 51 17 48 59 50 32 29 42 22 16 20 39 71 36 47 62 14 19 31 9 50 14 19 24 47 18 63 0 44 33 49 32 54 8 30 47 43 42 23 64 41 40 53 11 24 22 51 36 10 37 43 68 36 28 57 57 79 36 29 10 56 66 26 37 50 18 17 47 66 29 28 42 4 26 37 32 44 26 39 33 9 15 45 30 71 22 47 10 60 23 15 65 48 72 43 25 27 33 16 49 7 56 25 15 38 58 51 21 20 26 28 8 35 53 38 38 51 38 54 45 29 45 39 52 62 42 54 41 50 
22 67 79 53 63 75 62 64 24 12 25 56 34 42 71 68 31 66 28 87 55 56 34 8 74 85 75 62 52 55 59 27 5 62 20 61 25 55 25 36 35 61 38 54 64 13 34 80 44 0 38 91 44 54 36 36 16 7 35 30 42 6 66 45 38 31 56 9 27 54 76 85 26 37 31 66 76 76 57 65 43 98 64 63 7 20 51 32 37 41 55 43 28 45 68 51 32 82 55 56 72 38 36 71 50 64 49 17 41 16 21 50 43 62 63 3 65 68 11 30 86 39 44 66 38 42 89 79 48 58 54 49 38 69 88 6 7 53 82 82 12 28 50 28 94 61 64 40 41 87 
59 30 88 77 51 91 82 31 19 31 62 54 29 64 58 86 6 51 47 72 81 76 16 46 88 83 63 29 68 55 38 18 36 91 18 76 63 33 26 2 31 78 40 26 38 49 41 94 33 38 0 78 58 77 31 52 29 32 60 42 76 31 29 72 38 11 55 39 50 40 69 72 63 3 7 84 88 102 66 34 23 86 89 59 35 55 50 38 64 76 20 7 15 30 44 13 51 76 22 18 42 24 18 77 59 92 53 28 39 52 28 25 77 76 92 34 36 41 29 34 82 34 73 41 18 61 91 84 17 53 57 57 34 35 86 32 36 75 64 87 47 46 69 12 81 85 27 70 62 83 
109 73 50 75 29 65 71 57 92 95 110 37 58 71 21 67 78 27 69 7 82 68 65 94 60 24 16 57 61 39 41 69 87 91 85 58 103 45 68 77 57 63 54 53 44 91 58 60 49 91 78 0 57 74 55 63 97 92 75 63 97 89 69 80 53 72 37 99 74 39 19 6 112 82 76 67 54 92 48 53 56 8 82 29 84 91 41 59 78 100 65 72 91 50 38 76 67 18 61 76 47 57 63 42 50 90 46 97 50 107 71 54 97 57 93 91 47 42 82 61 18 53 85 41 62 65 34 40 61 34 43 50 53 58 24 86 84 71 17 39 89 68 66 87 3 78 73 84 69 21 
55 75 34 23 36 33 25 63 59 54 56 22 29 14 43 28 53 42 16 55 29 19 42 43 31 43 42 61 10 19 45 39 40 39 51 18 48 45 32 55 28 20 18 51 54 38 16 37 32 44 58 57 0 22 27 8 57 49 17 17 40 46 72 24 21 46 21 54 19 35 38 52 58 60 51 26 32 47 12 61 41 61 34 28 38 36 19 19 20 42 60 56 60 36 54 66 12 42 58 70 63 37 41 26 7 39 13 58 21 56 32 47 39 19 41 46 56 56 40 23 46 26 29 54 43 8 45 34 52 26 14 7 25 67 46 42 38 19 56 38 37 16 13 58 60 30 73 27 12 46 
56 97 34 1 57 23 8 85 74 66 55 43 50 13 63 15 71 64 30 74 8 6 63 50 25 55 62 84 14 40 67 58 50 17 67 17 45 68 51 75 49 13 40 73 77 43 37 30 54 54 77 74 22 0 49 25 69 61 19 35 28 58 94 10 43 66 41 63 28 58 55 70 57 79 70 13 29 25 26 84 63 76 12 48 50 37 41 40 17 31 82 77 77 58 76 87 26 57 80 91 86 58 62 34 26 17 35 70 43 60 49 70 26 18 19 56 79 79 54 43 59 48 15 76 64 16 52 40 74 47 34 28 47 90 57 54 49 3 76 43 43 31 9 75 77 8 95 17 15 58 
56 48 57 49 26 60 53 37 38 40 58 23 3 37 35 55 28 30 22 50 55 46 15 40 57 54 39 35 38 24 24 15 31 65 31 45 53 22 12 29 1 47 9 25 32 39 12 62 8 36 31 55 27 49 0 24 41 36 35 15 57 33 45 47 6 21 24 43 28 17 42 49 59 34 26 54 56 75 34 36 13 62 61 30 29 42 19 9 40 58 33 29 38 11 34 38 25 48 30 42 41 9 14 46 28 65 21 41 8 52 15 21 57 45 67 35 33 35 26 8 53 3 50 33 15 32 60 53 24 23 26 26 3 42 57 31 30 46 46 56 37 21 40 35 58 57 46 47 35 55 
47 72 42 25 39 40 30 61 51 46 48 26 25 13 47 34 46 45 8 60 30 23 37 35 39 51 47 59 17 24 45 33 31 41 43 26 40 44 25 50 24 26 16 49 54 30 12 45 30 36 52 63 8 25 24 0 49 41 13 10 36 38 69 22 18 40 26 45 11 36 44 57 50 54 45 32 40 50 21 60 38 68 37 34 30 28 22 14 17 38 57 51 53 34 54 61 4 49 55 65 63 33 37 35 15 41 17 50 19 48 25 45 36 27 42 37 56 56 32 18 53 23 26 54 38 8 53 42 49 30 20 14 22 66 54 34 29 22 60 46 28 8 17 51 66 33 70 24 10 53 
33 59 91 68 67 89 76 59 10 3 36 63 38 56 76 82 24 70 41 91 70 70 32 23 88 94 80 57 66 63 59 27 18 78 12 75 39 55 29 28 39 75 46 51 63 29 43 94 47 16 29 97 57 69 41 49 0 8 50 40 58 11 58 61 45 26 64 11 41 57 83 90 36 27 24 80 89 92 68 61 42 104 80 71 19 36 59 41 53 57 48 36 15 47 68 42 46 89 49 47 69 39 35 82 61 80 58 1 47 24 26 48 59 76 79 13 62 66 17 37 94 44 60 65 37 56 99 90 43 64 63 60 43 63 97 15 20 68 85 93 28 41 64 17 99 77 56 56 55 95 
27 62 84 60 63 81 68 60 16 5 30 58 33 48 72 74 26 66 33 87 62 62 31 15 80 88 75 58 58 57 57 25 10 70 14 67 32 53 24 31 35 67 40 50 62 21 37 86 43 7 32 92 49 61 36 41 8 0 41 33 49 3 61 52 39 26 58 7 33 53 77 86 31 30 26 72 81 83 61 62 40 99 71 65 11 28 53 34 44 49 50 38 21 44 66 45 38 84 50 50 69 36 34 75 54 71 52 9 42 20 21 47 51 68 71 4 62 65 10 31 89 39 51 64 35 48 93 83 44 59 57 53 39 64 91 7 12 59 82 86 20 33 56 21 95 68 59 47 47 89 
39 83 47 18 52 40 27 73 55 46 40 39 36 7 59 33 54 58 13 73 21 21 47 31 40 61 60 71 19 36 58 41 31 31 48 28 31 57 33 58 35 26 28 60 66 24 24 46 42 35 60 75 17 19 35 13 50 41 0 20 23 39 80 12 31 48 38 44 9 49 56 69 41 61 52 31 43 43 29 72 49 79 30 46 31 20 35 26 4 25 68 60 58 46 67 70 10 60 66 75 76 44 47 42 25 32 29 51 32 42 31 56 23 29 32 37 68 69 34 28 64 35 14 67 49 10 61 49 59 42 32 25 34 78 63 35 29 18 72 53 24 14 15 56 78 27 80 11 7 63 
45 63 51 35 36 50 40 52 42 38 47 26 16 22 45 44 36 41 7 60 40 34 27 31 48 55 47 51 27 25 39 23 25 50 34 35 40 37 15 39 15 36 10 40 47 27 5 54 23 30 42 63 17 35 15 10 40 33 20 0 41 30 60 31 12 30 26 38 13 31 46 57 48 43 34 42 49 60 28 52 29 69 47 34 23 28 22 6 24 43 48 41 43 26 49 51 10 52 46 55 56 24 27 42 21 50 19 41 14 43 15 36 41 36 52 30 49 50 23 8 57 16 34 48 29 18 59 49 39 29 24 19 15 57 58 26 22 33 57 53 25 6 27 41 66 43 60 31 20 57 
33 102 62 26 75 51 36 93 65 54 32 61 57 26 82 43 69 81 34 95 22 33 65 34 53 81 82 92 38 59 80 59 41 25 60 44 22 79 52 74 56 41 51 82 89 28 46 58 64 42 76 97 40 28 57 36 58 49 23 41 0 48 99 18 53 65 61 48 28 72 78 92 33 76 68 42 58 39 49 93 69 101 31 68 41 21 58 47 19 2 87 78 70 68 90 88 33 81 86 93 98 64 66 61 47 27 52 59 55 40 49 77 2 46 25 45 90 91 47 49 84 57 12 89 68 32 80 67 79 65 54 47 56 99 83 45 40 29 95 71 29 35 32 69 100 31 99 13 28 84 
28 61 81 57 60 78 65 58 17 8 31 55 31 45 69 71 25 63 30 84 59 59 29 14 77 85 72 56 55 54 55 22 7 67 13 64 32 51 21 30 32 64 37 49 60 19 34 83 41 6 31 89 46 58 33 38 11 3 39 30 48 0 60 49 36 25 55 10 30 51 74 83 32 30 25 69 78 81 58 60 38 96 69 62 8 26 50 31 42 48 49 37 22 41 64 44 35 81 49 50 67 34 31 72 51 69 49 12 39 21 18 45 49 65 68 3 60 63 7 28 86 36 49 62 33 45 89 80 42 56 54 50 36 63 88 4 9 56 79 83 18 30 53 21 92 66 58 45 44 86 
88 4 95 94 49 102 97 12 49 60 91 58 44 82 51 99 35 45 66 62 100 91 34 73 98 81 58 12 82 61 32 40 63 110 47 87 90 29 47 30 45 91 53 21 25 75 57 103 40 66 29 69 72 94 45 69 58 61 80 60 99 60 0 91 51 35 60 68 72 40 67 64 92 31 35 97 96 119 76 16 31 77 106 60 61 81 57 54 84 101 12 23 44 36 31 17 70 73 14 13 22 36 33 83 70 110 62 57 50 81 50 24 100 88 112 63 22 27 55 51 78 46 94 28 31 77 91 88 20 55 65 68 46 11 84 60 63 91 52 90 73 65 85 41 70 102 4 91 80 81 
45 94 44 9 60 34 19 84 66 57 45 46 47 10 67 26 66 66 25 78 9 15 58 40 35 63 66 82 19 43 68 53 42 19 60 26 35 67 45 70 46 22 39 72 77 33 34 41 53 45 72 80 24 10 47 22 61 52 12 31 18 49 91 0 41 60 45 53 21 58 60 75 46 73 64 24 39 31 31 83 60 83 19 52 42 27 43 37 8 21 79 72 69 57 77 82 21 63 77 87 86 55 59 42 30 20 37 62 42 50 43 68 17 27 20 48 79 79 46 40 66 46 5 77 60 16 61 49 71 50 38 31 45 89 65 46 40 11 80 52 33 26 14 68 83 17 92 6 12 65 
55 54 50 43 25 53 46 42 43 43 58 18 9 31 34 49 34 30 19 49 49 40 22 41 50 49 36 40 32 18 27 21 33 59 35 38 52 25 15 36 7 41 2 30 35 38 7 55 11 38 38 53 21 43 6 18 45 39 31 12 53 36 51 41 0 27 19 46 25 19 38 47 59 40 32 47 49 68 28 41 19 60 55 26 31 40 13 6 35 55 39 35 44 15 37 45 20 44 36 48 45 15 21 40 21 59 15 45 2 53 18 26 53 38 61 37 37 38 28 7 49 5 45 36 21 26 55 47 31 20 20 19 4 47 52 33 31 40 46 50 36 18 33 41 56 50 52 42 29 50 
53 37 77 65 43 80 71 33 20 27 56 44 18 52 51 74 7 44 35 66 70 64 6 38 77 74 56 31 57 45 33 7 28 79 14 64 55 29 15 9 20 66 29 24 36 40 30 82 24 31 11 72 46 66 21 40 26 26 48 30 65 25 35 60 27 0 45 34 39 32 61 66 57 13 5 72 76 91 55 35 16 80 78 50 26 46 40 26 53 66 24 13 18 22 41 22 40 68 24 27 43 14 9 67 48 80 42 26 29 46 17 21 66 65 81 28 35 39 20 22 73 24 62 38 10 49 81 74 17 43 47 46 24 38 77 25 27 63 59 77 38 34 57 15 74 74 34 58 50 74 
71 64 35 42 15 43 41 49 63 62 73 1 27 35 22 41 52 22 31 34 49 36 39 57 38 30 21 48 27 2 29 39 51 59 55 29 66 30 35 53 25 34 18 38 38 54 22 43 22 56 55 37 21 41 24 26 64 58 38 26 61 55 60 45 19 45 0 64 36 20 19 31 75 58 50 39 36 64 17 46 32 42 52 8 49 53 5 23 41 63 50 50 62 25 36 59 29 25 46 61 47 31 37 23 15 58 8 65 16 70 37 36 60 29 61 56 41 39 47 26 30 21 50 37 37 29 36 29 43 5 7 14 21 53 33 52 49 38 35 32 52 30 32 59 40 47 62 48 33 31 
21 69 88 62 70 84 71 67 21 8 25 64 41 51 79 77 33 73 37 94 63 65 39 13 83 94 82 65 61 63 65 32 13 70 21 70 29 61 31 38 42 70 46 58 69 20 43 89 51 9 39 99 54 63 43 45 11 7 44 38 48 10 68 53 46 34 64 0 36 61 84 93 25 37 33 75 85 84 66 69 48 106 73 72 15 27 59 41 46 47 57 45 26 51 74 52 41 90 58 57 77 44 41 80 59 72 58 12 49 13 28 55 50 72 71 8 69 73 17 38 95 46 51 72 43 51 98 88 51 66 63 58 45 72 97 12 16 62 89 91 20 37 59 27 102 70 66 48 50 96 
36 74 52 27 48 48 35 65 45 38 37 37 28 15 56 41 44 54 6 71 31 29 38 24 47 62 58 63 25 34 52 32 23 40 38 34 29 50 25 48 27 34 23 53 60 18 18 53 36 27 50 74 19 28 28 11 41 33 9 13 28 30 72 21 25 39 36 36 0 44 56 68 38 51 43 39 49 52 31 65 41 79 39 44 22 17 32 19 13 30 59 52 48 39 62 61 7 61 58 66 69 36 38 46 26 41 28 42 27 37 22 49 29 35 41 29 61 63 25 20 65 29 22 61 40 15 64 53 51 40 32 25 28 70 65 26 21 26 69 57 17 7 23 47 77 36 72 19 14 65 
73 44 55 59 11 62 59 29 53 56 76 18 20 48 18 60 39 12 38 34 65 54 25 58 58 44 23 28 45 21 9 29 49 75 45 48 71 10 29 38 19 52 21 19 18 56 26 63 10 54 40 39 35 58 17 36 57 53 49 31 72 51 40 58 19 32 20 61 44 0 30 33 77 43 37 59 56 83 36 26 16 47 69 20 47 59 17 25 53 74 31 34 51 10 18 41 39 37 27 42 28 18 23 43 32 75 23 57 17 70 33 17 72 48 77 53 21 20 43 25 42 15 63 18 22 43 52 48 25 15 26 30 16 33 47 48 47 55 28 50 55 37 48 47 42 65 42 60 46 44 
91 71 34 56 19 47 52 55 80 81 93 19 45 51 16 48 68 22 51 19 63 49 54 77 42 14 10 54 41 21 35 57 71 72 73 39 85 39 53 68 43 44 37 48 42 73 41 44 37 76 69 19 38 55 42 44 83 77 56 46 78 74 67 60 38 61 19 84 56 30 0 15 94 73 66 48 37 74 29 51 46 23 63 12 69 73 24 43 59 80 60 64 80 39 37 71 49 7 56 72 48 46 52 24 31 71 27 83 35 90 56 47 77 38 74 75 45 41 67 46 12 38 66 39 51 46 24 25 55 18 24 31 39 57 17 71 68 52 24 25 72 50 46 76 22 59 70 65 50 14 
102 68 47 71 22 62 67 52 86 89 104 31 52 65 14 63 72 21 63 4 78 64 59 88 57 23 10 52 56 33 35 63 80 87 79 54 98 39 61 71 50 59 47 48 39 85 52 58 43 85 72 6 52 70 49 57 90 86 69 57 92 83 64 75 47 66 31 93 68 33 15 0 106 76 70 63 51 89 44 48 50 13 78 23 78 85 35 53 73 94 59 66 85 43 33 71 61 16 55 71 42 51 56 39 45 86 40 90 44 100 65 48 91 53 89 84 42 37 75 55 18 46 80 36 55 60 33 38 56 28 37 44 47 53 24 80 78 67 13 38 83 62 61 81 9 74 68 79 64 21 
4 93 89 55 85 80 65 90 46 33 1 75 57 48 93 72 57 89 43 108 54 61 60 19 81 101 95 88 61 73 83 53 29 58 45 70 11 80 49 62 58 67 58 79 90 21 53 87 68 26 63 112 58 57 59 50 36 31 41 48 33 32 92 46 59 57 75 25 38 77 94 106 0 62 57 70 85 72 70 91 68 117 63 83 31 22 70 53 41 31 81 69 51 69 93 76 45 99 81 82 98 63 62 84 65 60 66 38 62 12 45 75 35 71 58 29 90 93 37 52 104 61 42 91 64 52 103 91 74 77 70 64 60 95 104 32 30 57 105 95 22 44 57 52 115 62 90 39 49 103 
58 32 91 78 54 93 84 34 17 29 61 57 31 65 61 88 7 54 48 76 82 77 19 45 91 86 67 33 70 58 41 20 36 92 16 78 62 37 28 5 33 80 43 30 41 49 43 96 36 37 3 82 60 79 34 54 27 30 61 43 76 30 31 73 40 13 58 37 51 43 73 76 62 0 8 86 90 104 68 37 26 90 90 62 34 55 53 40 65 76 23 11 12 33 47 15 53 80 25 20 46 27 21 80 62 93 55 26 42 50 29 28 77 79 93 33 40 45 28 36 85 37 74 44 21 62 94 87 21 56 60 59 37 38 89 32 36 76 68 90 47 47 71 10 84 87 29 70 63 86 
53 36 82 69 48 84 75 34 17 25 56 49 23 56 55 79 2 49 39 70 74 68 11 39 82 79 60 32 61 50 37 11 29 83 12 69 56 32 19 5 25 71 34 27 39 42 34 87 28 31 7 76 51 70 26 45 24 26 52 34 68 25 35 64 32 5 50 33 43 37 66 70 57 8 0 77 81 95 60 37 20 84 82 54 27 48 45 31 56 69 24 12 14 26 44 20 44 73 25 25 45 19 13 72 53 84 47 24 34 46 20 24 69 70 84 28 38 42 21 27 78 29 65 41 14 53 86 79 19 48 52 51 29 39 82 25 29 67 63 82 40 38 62 10 79 78 33 62 54 79 
69 101 21 15 55 9 5 87 83 77 69 41 56 24 59 2 79 61 39 67 19 10 68 62 11 45 57 86 15 38 68 65 62 25 76 10 59 69 58 82 54 6 44 76 77 55 42 16 57 66 84 67 26 13 54 32 80 72 31 42 42 69 97 24 47 72 39 75 39 59 48 63 70 86 77 0 16 25 22 85 67 68 15 44 61 50 41 46 29 44 86 83 86 61 76 92 34 49 83 96 86 63 68 25 26 23 35 81 47 73 57 72 40 10 27 68 80 79 63 50 50 52 29 76 69 24 40 29 78 45 33 29 51 92 47 65 60 13 71 31 55 40 16 83 70 12 99 31 25 48 
83 100 5 31 49 11 22 85 91 86 83 37 58 36 51 15 83 55 48 56 36 24 71 74 6 31 47 84 24 34 64 70 71 41 83 14 73 66 63 85 57 17 47 74 73 67 47 7 57 76 88 54 32 29 56 40 89 81 43 49 58 78 96 39 49 76 36 85 49 56 37 51 85 90 81 16 0 39 21 82 67 54 31 37 70 63 39 50 43 60 86 85 92 61 70 94 43 36 82 97 82 64 70 13 28 39 35 90 48 86 64 72 56 13 43 77 76 74 72 54 36 53 45 72 71 34 24 14 78 40 30 30 53 89 32 74 69 28 62 16 67 48 27 89 57 28 98 46 36 34 
72 123 44 25 80 28 23 110 97 88 71 66 76 38 85 25 96 86 55 93 21 28 88 70 33 70 82 109 37 63 92 84 73 14 91 35 61 92 76 100 74 31 65 99 101 63 62 34 79 76 102 92 47 25 75 50 92 83 43 60 39 81 119 31 68 91 64 84 52 83 74 89 72 104 95 25 39 0 47 109 88 93 13 69 73 56 65 65 39 41 108 102 101 84 100 112 51 74 105 116 111 84 88 50 50 12 59 93 69 78 74 95 37 36 14 79 104 103 77 69 75 73 32 101 89 42 63 53 99 70 57 52 73 115 71 77 72 28 97 55 63 56 34 99 95 17 121 35 40 73 
67 80 23 27 33 26 24 65 70 66 68 18 37 23 38 23 62 39 29 48 34 20 50 56 22 32 36 64 12 15 46 48 52 43 62 12 60 47 42 64 35 16 25 54 55 50 26 27 36 57 66 48 12 26 34 21 68 61 29 28 49 58 76 31 28 55 17 66 31 36 29 44 70 68 60 22 21 47 0 63 46 51 35 22 50 48 19 29 31 52 65 63 71 40 53 72 25 32 62 76 64 43 49 14 7 42 13 69 26 68 43 51 48 12 45 58 58 56 51 33 35 32 37 54 49 18 33 21 57 22 10 9 31 70 34 54 50 23 50 25 49 28 17 68 51 30 78 36 22 34 
87 20 81 84 34 89 86 4 53 62 90 45 36 73 36 87 38 29 59 46 90 80 31 72 85 66 42 5 71 48 17 38 62 101 49 75 88 16 43 34 37 79 44 12 9 73 48 89 29 65 34 53 61 84 36 60 61 62 72 52 93 60 16 83 41 35 46 69 65 26 51 48 91 37 37 85 82 109 63 0 24 61 95 45 60 77 44 46 76 95 14 26 49 26 15 26 62 58 12 25 8 29 29 69 59 101 50 61 40 81 47 16 94 75 102 63 6 11 54 44 62 36 86 12 27 68 75 73 18 42 53 57 37 6 68 59 61 81 36 75 71 58 74 46 54 91 20 83 71 65 
64 34 67 63 28 72 66 24 37 42 67 31 13 51 35 68 22 28 35 50 68 60 9 48 69 60 40 22 51 33 17 15 39 79 30 57 64 13 19 21 13 60 22 12 21 49 25 74 10 43 23 56 41 63 13 38 42 40 49 29 69 38 31 60 19 16 32 48 41 16 46 50 68 26 20 67 67 88 46 24 0 63 75 36 36 53 28 23 53 71 19 18 34 7 25 26 38 53 17 29 30 5 7 56 40 79 32 42 20 59 23 8 70 57 80 40 22 25 31 20 58 14 63 23 5 46 68 62 11 30 36 38 15 29 63 37 37 60 43 64 47 34 53 31 58 70 32 60 48 60 
114 81 49 78 36 65 72 65 100 102 116 42 65 74 28 68 86 35 74 15 84 70 73 100 60 23 23 65 63 44 49 76 93 92 92 59 109 53 74 85 64 64 60 61 52 96 64 59 56 98 86 8 61 76 62 68 104 99 79 69 101 96 77 83 60 80 42 106 79 47 23 13 117 90 84 68 54 93 51 61 63 0 83 34 91 96 47 65 82 104 73 80 98 57 46 84 72 19 69 85 55 65 70 43 54 91 51 104 57 113 78 61 100 58 94 97 55 50 88 67 18 59 89 49 69 69 31 40 69 40 47 54 60 66 22 93 91 74 25 38 95 73 69 95 7 79 81 88 73 20 
63 109 36 12 68 21 11 97 85 76 62 53 62 25 73 15 83 74 42 82 10 15 75 59 25 60 71 95 24 50 79 70 61 10 78 24 52 79 63 87 61 19 52 85 88 52 49 29 66 64 89 82 34 12 61 37 80 71 30 47 31 69 106 19 55 78 52 73 39 69 63 78 63 90 82 15 31 13 35 95 75 83 0 57 61 46 52 52 27 34 94 89 88 70 87 99 38 64 92 103 98 70 75 40 37 8 46 81 55 69 61 81 30 25 12 67 91 90 65 55 65 60 22 88 76 29 55 44 86 57 44 39 59 102 62 65 60 14 85 47 52 43 21 86 85 4 107 25 27 63 
79 64 35 49 12 46 46 48 68 69 81 7 33 42 15 45 56 17 39 26 56 42 43 65 41 24 14 47 34 9 28 45 58 65 61 34 74 31 41 57 31 38 25 39 36 62 29 44 26 63 59 29 28 48 30 34 71 65 46 34 68 62 60 52 26 50 8 72 44 20 12 23 83 62 54 44 37 69 22 45 36 34 57 0 56 61 12 31 49 71 51 54 68 29 33 61 38 18 48 63 44 35 41 24 22 64 16 71 23 78 44 37 68 33 67 63 39 36 54 33 23 26 57 34 41 36 32 28 45 6 14 21 27 52 27 59 56 45 28 30 60 38 39 65 32 53 63 56 40 25 
27 63 73 49 56 70 57 59 24 16 30 49 27 37 64 63 28 59 22 80 52 51 29 12 69 78 67 57 47 48 52 22 2 60 19 56 28 49 18 33 28 56 31 48 58 14 27 75 37 7 35 84 38 50 29 30 19 11 31 23 41 8 61 42 31 26 49 15 22 47 69 78 31 34 27 61 70 73 50 60 36 91 61 56 0 20 44 25 34 42 50 39 28 39 62 48 27 75 50 53 66 32 31 65 44 61 42 20 33 22 14 44 43 57 61 7 59 62 6 23 79 32 41 60 33 37 82 72 43 50 47 42 31 64 81 4 1 48 76 76 12 22 45 27 87 58 60 38 36 80 
19 83 67 36 65 59 45 76 44 33 20 54 41 27 73 52 49 70 22 88 36 40 47 13 60 79 75 74 39 52 66 40 19 42 39 48 12 64 34 54 41 46 38 65 74 7 33 66 50 20 55 91 36 37 42 28 36 28 20 28 21 26 81 27 40 46 53 27 17 59 73 85 22 55 48 50 63 56 48 77 53 96 46 61 20 0 49 33 20 21 69 59 48 53 76 68 24 78 68 73 83 48 48 62 43 44 45 38 42 23 30 61 22 50 43 24 75 77 26 34 82 43 24 75 50 30 81 69 61 57 49 42 42 81 82 24 19 36 86 73 8 23 35 48 94 44 80 21 27 82 
67 61 39 42 17 45 42 46 57 57 69 5 22 33 24 42 47 23 27 38 48 36 34 53 41 35 25 45 27 5 27 34 46 58 49 31 62 28 29 48 20 35 13 35 36 49 16 46 18 51 50 41 19 41 19 22 59 53 35 22 58 50 57 43 13 40 5 59 32 17 24 35 70 53 45 41 39 65 19 44 28 47 52 12 44 49 0 18 39 60 47 46 57 21 35 55 26 31 43 57 45 26 32 27 14 58 6 59 11 65 32 32 58 31 60 51 39 38 42 21 35 16 48 35 32 27 41 34 39 7 8 13 16 50 38 46 44 38 37 37 47 26 31 54 44 47 59 46 31 36 
49 57 52 40 31 53 44 47 41 39 51 23 10 27 40 47 33 36 13 55 45 38 23 35 50 53 42 45 30 22 33 19 27 55 33 37 46 31 13 36 9 39 5 34 41 32 3 56 17 32 38 59 19 40 9 14 41 34 26 6 47 31 54 37 6 26 23 41 19 25 43 53 53 40 31 46 50 65 29 46 23 65 52 31 25 33 18 0 30 49 42 37 42 20 43 47 15 49 40 50 50 18 22 42 22 56 17 41 8 47 14 30 48 38 57 32 42 44 24 4 54 10 40 42 24 23 58 49 34 25 22 20 9 52 56 28 25 37 52 52 30 12 31 39 62 48 55 37 25 55 
39 87 47 16 56 39 25 77 58 49 40 42 40 7 63 31 58 62 18 76 17 19 51 33 39 63 63 75 20 39 62 46 34 27 51 28 30 61 38 62 39 26 32 65 71 26 28 45 47 37 64 78 20 17 40 17 53 44 4 24 19 42 84 8 35 53 41 46 13 53 59 73 41 65 56 29 43 39 31 76 53 82 27 49 34 20 39 30 0 21 72 65 61 50 72 75 14 63 70 79 80 48 51 43 27 28 33 54 36 43 36 61 19 30 28 40 73 73 38 33 66 40 9 71 53 13 62 50 64 46 35 28 39 82 65 38 32 16 76 54 26 18 15 60 81 24 85 7 8 65 
31 103 65 29 77 53 39 95 65 54 30 64 58 29 85 46 70 83 36 98 25 36 66 34 56 84 85 93 40 61 82 60 41 27 61 47 20 80 53 74 58 43 53 83 90 28 48 61 66 41 76 100 42 31 58 38 57 49 25 43 2 48 101 21 55 66 63 47 30 74 80 94 31 76 69 44 60 41 52 95 71 104 34 71 42 21 60 49 21 0 88 79 70 69 92 89 35 84 87 93 100 66 68 64 49 29 55 59 57 39 50 79 4 49 27 45 92 93 48 50 87 59 15 91 69 34 82 70 80 68 57 50 58 100 86 45 40 32 98 74 29 37 35 69 103 34 100 15 30 86 
77 15 85 82 41 92 86 11 39 50 80 49 32 70 46 88 24 39 54 58 88 79 22 62 88 74 52 9 71 51 25 28 52 98 36 77 78 21 35 20 33 80 42 12 21 64 45 93 29 55 20 65 60 82 33 57 48 50 68 48 87 49 12 79 39 24 50 57 59 31 60 59 81 23 24 86 86 108 65 14 19 73 94 51 50 69 47 42 72 88 0 12 35 25 27 12 58 67 4 12 23 24 21 74 60 99 51 48 39 70 38 14 88 77 100 52 18 24 44 39 72 34 82 24 19 65 83 79 8 46 55 57 35 15 77 49 51 79 49 81 62 53 73 32 66 90 12 79 68 74 
65 24 85 77 45 89 81 23 27 37 68 49 26 64 51 84 12 44 47 65 82 75 14 50 86 78 57 21 67 51 31 19 41 91 24 74 67 26 27 7 28 76 38 18 30 53 40 91 28 43 7 72 56 77 29 51 36 38 60 41 78 37 23 72 35 13 50 45 52 34 64 66 69 11 12 83 85 102 63 26 18 80 89 54 39 59 46 37 65 79 12 0 23 25 36 9 51 71 14 14 35 20 14 74 57 92 49 35 36 58 29 18 79 74 93 40 29 34 32 33 76 31 74 33 13 60 86 80 10 48 54 55 31 27 81 37 40 74 57 83 51 46 68 20 74 85 21 71 62 78 
48 44 94 76 62 94 83 47 5 18 51 62 35 63 70 88 12 63 46 85 79 76 25 36 92 92 75 45 70 62 51 23 29 88 9 79 53 47 29 15 37 80 46 41 53 41 45 98 42 28 15 91 60 77 38 53 15 21 58 43 70 22 44 69 44 18 62 26 48 51 80 85 51 12 14 86 92 101 71 49 34 98 88 68 28 48 57 42 61 70 35 23 0 41 58 27 51 86 37 32 58 33 28 84 64 89 59 14 46 39 28 38 71 80 89 25 51 56 23 38 92 41 69 55 29 61 99 91 32 62 64 62 41 50 95 24 29 75 78 94 40 46 70 3 93 85 41 66 62 93 
66 39 61 59 21 66 61 26 42 46 68 24 12 47 29 63 28 22 33 44 65 55 15 50 63 53 34 25 46 26 13 19 41 75 35 52 64 11 20 28 12 55 18 15 21 49 22 68 4 45 30 50 36 58 11 34 47 44 46 26 68 41 36 57 15 22 25 51 39 10 39 43 69 33 26 61 61 84 40 26 7 57 70 29 39 53 21 20 50 69 25 25 41 0 23 33 36 46 22 35 30 7 13 49 34 75 26 47 15 61 24 11 68 52 77 43 22 24 34 19 51 10 60 22 12 42 61 55 17 23 30 32 11 31 56 39 39 55 38 58 47 32 49 37 52 66 37 57 45 53 
89 35 68 77 21 78 77 19 61 68 92 34 35 67 21 77 45 15 56 31 83 72 35 74 74 51 27 19 63 37 10 41 64 93 55 65 88 13 43 43 35 69 39 17 6 73 44 77 26 68 44 38 54 76 34 54 68 66 67 49 90 64 31 77 37 41 36 74 62 18 37 33 93 47 44 76 70 100 53 15 25 46 87 33 62 76 35 43 72 92 27 36 58 23 0 39 57 43 23 39 11 30 32 57 50 93 41 68 35 84 48 19 90 65 95 66 9 4 57 42 48 33 81 3 31 61 61 60 26 30 43 48 34 20 54 62 62 73 21 62 71 55 66 55 39 83 35 79 65 50 
72 17 94 87 52 98 91 22 32 44 76 57 36 74 57 94 19 50 57 70 91 85 24 59 95 85 63 21 77 59 36 29 49 101 31 83 76 32 36 14 38 86 48 23 33 62 50 100 37 51 13 76 66 87 38 61 42 45 70 51 88 44 17 82 45 22 59 52 61 41 71 71 76 15 20 92 94 112 72 26 26 84 99 61 48 68 55 47 75 89 12 9 27 33 39 0 61 78 15 5 35 29 24 82 66 102 59 41 46 65 39 24 89 84 103 48 30 36 41 43 83 40 84 36 23 70 93 88 16 56 63 64 41 25 88 45 49 84 61 91 60 56 78 25 78 95 14 81 72 85 
43 73 46 25 42 43 31 62 49 43 44 30 26 12 50 36 45 48 5 64 30 25 37 31 42 55 51 60 20 28 47 32 28 40 41 29 36 46 25 49 25 29 18 50 56 25 13 48 32 32 51 67 12 26 25 4 46 38 10 10 33 35 70 21 20 40 29 41 7 39 49 61 45 53 44 34 43 51 25 62 38 72 38 38 27 24 26 15 14 35 58 51 51 36 57 61 0 54 56 65 65 34 37 39 19 41 21 47 22 43 23 46 33 30 42 34 58 59 29 18 58 25 24 56 39 10 57 46 49 33 25 18 24 67 58 31 26 23 63 50 24 5 18 49 70 34 70 21 10 57 
96 78 31 58 26 46 53 61 87 88 98 26 52 55 22 49 75 28 56 20 65 50 61 83 41 8 16 61 44 27 42 63 77 73 79 40 90 46 60 75 50 45 44 55 48 79 47 42 44 82 76 18 42 57 48 49 89 84 60 52 81 81 73 63 44 68 25 90 61 37 7 16 99 80 73 49 36 74 32 58 53 19 64 18 75 78 31 49 63 84 67 71 86 46 43 78 54 0 63 79 54 53 59 24 35 72 33 90 42 96 63 54 81 39 75 82 51 47 73 52 5 45 69 46 59 50 18 22 62 25 29 35 46 64 10 77 75 54 28 21 77 55 49 83 21 60 77 68 54 7 
77 17 82 80 37 88 83 9 41 50 80 45 30 68 42 85 26 35 52 54 86 77 21 62 85 70 48 7 68 47 21 28 52 96 37 74 78 17 34 21 31 77 39 8 17 63 43 89 26 55 22 61 58 80 30 55 49 50 66 46 86 49 14 77 36 24 46 58 58 27 56 55 81 25 25 83 82 105 62 12 17 69 92 48 50 68 43 40 70 87 4 14 37 22 23 15 56 63 0 16 20 21 19 70 56 96 48 49 36 70 37 10 87 74 97 52 15 20 44 37 68 31 80 20 17 63 79 75 7 43 52 54 32 14 73 49 51 77 45 78 61 51 70 34 62 87 15 77 66 70 
78 12 96 91 53 102 95 21 37 49 81 60 40 78 58 97 24 51 61 70 96 88 28 64 98 86 64 20 80 62 37 33 54 106 36 87 81 33 41 19 42 89 51 24 32 67 53 103 39 56 18 76 70 91 42 65 47 50 75 55 93 50 13 87 48 27 61 57 66 42 72 71 82 20 25 96 97 116 76 25 29 85 103 63 53 73 57 50 79 93 12 14 32 35 39 5 65 79 16 0 33 33 28 85 69 106 62 46 49 70 44 25 94 87 107 53 30 35 46 47 84 44 89 35 27 74 95 91 18 58 66 67 44 22 89 50 54 88 60 93 65 60 82 30 78 99 9 85 76 86 
94 26 80 87 32 90 87 12 61 70 97 45 42 76 32 88 46 27 63 40 93 82 38 78 85 62 38 13 73 48 18 45 69 103 57 76 94 19 49 42 42 80 47 18 9 79 52 89 33 72 42 47 63 86 41 63 69 69 76 56 98 67 22 86 45 43 47 77 69 28 48 42 98 46 45 86 82 111 64 8 30 55 98 44 66 83 45 50 80 100 23 35 58 30 11 35 65 54 20 33 0 35 35 68 60 103 51 69 43 88 53 22 98 76 105 70 8 7 61 49 58 40 90 10 33 70 72 72 25 41 53 58 41 11 65 66 67 83 30 73 77 62 76 54 48 93 26 87 74 61 
59 39 65 58 29 69 62 29 34 39 62 30 8 46 36 64 21 30 30 52 64 55 8 44 66 59 41 27 47 31 20 12 34 74 27 54 59 17 14 22 9 56 18 17 26 44 21 71 9 38 24 57 37 58 9 33 39 36 44 24 64 34 36 55 15 14 31 44 36 18 46 51 63 27 19 63 64 84 43 29 5 65 70 35 32 48 26 18 48 66 24 20 33 7 30 29 34 53 21 33 35 0 6 54 37 74 29 39 16 54 18 13 65 54 76 36 27 29 27 15 58 11 58 28 6 41 67 60 15 29 34 34 11 34 62 32 32 55 45 63 42 29 49 30 60 66 36 55 44 60 
58 35 71 62 34 74 67 28 30 35 61 36 12 50 42 69 15 35 33 57 68 60 2 43 71 65 47 26 52 37 24 9 33 78 23 59 59 20 14 16 13 61 23 17 28 44 25 76 15 36 18 63 41 62 14 37 35 34 47 27 66 31 33 59 21 9 37 41 38 23 52 56 62 21 13 68 70 88 49 29 7 70 75 41 31 48 32 22 51 68 21 14 28 13 32 24 37 59 19 28 35 6 0 60 42 78 35 35 22 52 18 13 67 59 79 34 28 31 25 19 64 16 61 30 2 46 73 66 12 35 40 40 17 33 68 30 32 60 50 69 42 33 54 24 65 70 33 58 48 66 
81 87 11 35 36 23 29 72 83 80 82 25 49 36 38 25 74 41 43 43 42 28 61 70 18 20 34 71 23 23 51 61 66 49 75 17 73 54 55 75 47 21 38 62 60 65 39 20 45 71 77 42 26 34 46 35 82 75 42 42 61 72 83 42 40 67 23 80 46 43 24 39 84 80 72 25 13 50 14 69 56 43 40 24 65 62 27 42 43 64 74 74 84 49 57 82 39 24 70 85 68 54 60 0 20 48 25 83 38 83 56 60 60 15 51 72 63 60 65 46 25 43 48 58 60 32 19 7 67 27 20 22 43 76 22 68 64 32 48 11 64 43 28 81 45 36 86 48 35 23 
62 74 30 27 30 32 27 60 63 59 63 16 30 20 37 28 55 37 22 48 34 21 43 50 29 36 36 59 13 13 41 41 45 44 55 17 55 42 35 57 28 20 18 49 51 45 19 34 30 50 59 50 7 26 28 15 61 54 25 21 47 51 70 30 21 48 15 59 26 32 31 45 65 62 53 26 28 50 7 59 40 54 37 22 44 43 14 22 27 49 60 57 64 34 50 66 19 35 56 69 60 37 42 20 0 43 8 62 20 62 36 46 46 17 46 51 53 52 44 26 39 25 35 50 43 14 38 28 51 20 8 2 25 65 39 47 43 23 50 31 43 22 17 61 53 33 72 34 18 38 
60 114 45 16 74 30 19 102 86 76 59 60 66 28 80 24 86 81 45 90 10 22 78 58 34 69 78 100 31 57 85 73 61 2 79 32 49 85 65 90 65 27 57 90 94 51 53 37 71 64 92 90 39 17 65 41 80 71 32 50 27 69 110 20 59 80 58 72 41 75 71 86 60 93 84 23 39 12 42 101 79 91 8 64 61 44 58 56 28 29 99 92 89 75 93 102 41 72 96 106 103 74 78 48 43 0 52 81 60 66 63 86 25 33 3 67 96 96 66 59 73 64 20 94 80 33 64 52 90 64 51 45 64 107 70 65 60 20 93 55 51 45 26 88 93 12 111 23 30 72 
63 66 35 35 23 40 36 52 58 56 65 9 24 27 30 36 49 29 23 43 42 30 36 50 36 36 30 50 21 6 33 36 44 52 50 25 57 34 30 50 22 29 13 41 42 46 15 41 22 49 53 46 13 35 21 17 58 52 29 19 52 49 62 37 15 42 8 58 28 23 27 40 66 55 47 35 35 59 13 50 32 51 46 16 42 45 6 17 33 55 51 49 59 26 41 59 21 33 48 62 51 29 35 25 8 52 0 59 13 63 32 37 52 25 54 49 45 44 41 21 37 18 42 42 36 21 40 32 43 13 5 6 18 56 39 45 42 31 43 35 44 22 25 56 49 41 64 40 25 38 
34 58 92 70 68 90 78 58 9 5 37 64 38 57 76 83 23 70 42 91 72 71 32 24 89 95 80 57 67 64 59 27 19 80 12 76 41 55 29 27 40 76 46 51 62 31 44 95 47 17 28 97 58 70 41 50 1 9 51 41 59 12 57 62 45 26 65 12 42 57 83 90 38 26 24 81 90 93 69 61 42 104 81 71 20 38 59 41 54 59 48 35 14 47 68 41 47 90 49 46 69 39 35 83 62 81 59 0 48 25 27 48 61 77 80 14 62 66 18 38 95 44 61 65 37 57 100 91 43 65 64 61 44 63 98 16 21 69 85 94 30 42 65 16 99 78 55 57 56 96 
58 54 49 44 22 52 46 41 46 46 60 16 11 32 31 48 36 27 21 46 50 40 23 43 49 46 34 40 31 16 25 23 36 60 38 37 55 24 18 37 9 40 4 30 34 41 9 54 10 41 39 50 21 43 8 19 47 42 32 14 55 39 50 42 2 29 16 49 27 17 35 44 62 42 34 47 48 69 26 40 20 57 55 23 33 42 11 8 36 57 39 36 46 15 35 46 22 42 36 49 43 16 22 38 20 60 13 48 0 56 21 26 55 38 62 40 36 36 31 10 46 5 46 34 22 27 52 45 31 17 18 18 5 46 49 36 33 40 43 48 39 20 34 43 53 51 52 43 30 47 
9 82 89 59 78 82 68 79 34 21 12 70 50 50 87 75 46 82 40 102 59 63 50 12 83 99 90 77 62 69 75 43 20 64 34 71 18 71 41 51 51 69 53 70 80 18 48 89 60 16 52 107 56 60 52 48 24 20 42 43 40 21 81 50 53 46 70 13 37 70 90 100 12 50 46 73 86 78 68 81 59 113 69 78 22 23 65 47 43 39 70 58 39 61 84 65 43 96 70 70 88 54 52 83 62 66 63 25 56 0 37 66 42 72 64 18 81 84 27 45 100 54 47 82 54 52 101 90 63 72 67 61 54 84 102 22 22 60 98 94 19 40 58 40 110 67 79 44 49 101 
41 53 66 49 42 65 55 46 27 25 44 37 13 36 50 59 22 45 18 66 53 48 16 25 63 67 54 44 42 36 38 10 16 63 19 50 41 35 4 26 14 51 19 35 44 26 17 69 23 21 28 71 32 49 15 25 26 21 31 15 49 18 50 43 18 17 37 28 22 33 56 65 45 29 20 57 64 74 43 47 23 78 61 44 14 30 32 14 36 50 38 29 28 24 48 39 23 63 37 44 53 18 18 56 36 63 32 27 21 37 0 31 50 51 64 19 45 48 10 10 68 18 45 46 20 33 72 63 30 38 37 34 17 51 70 15 14 47 61 67 24 18 42 25 74 57 50 41 34 68 
72 28 71 70 28 78 72 16 41 48 74 34 20 58 33 74 26 26 43 47 76 66 16 56 74 61 39 14 58 37 13 22 46 86 36 63 72 8 27 23 21 66 29 4 14 57 33 78 15 50 25 54 47 70 21 45 48 47 56 36 77 45 24 68 26 21 36 55 49 17 47 48 75 28 24 72 72 95 51 16 8 61 81 37 44 61 32 30 61 79 14 18 38 11 19 24 46 54 10 25 22 13 13 60 46 86 37 48 26 66 31 0 78 63 87 48 14 18 39 28 59 21 71 17 11 53 69 65 8 32 41 43 22 21 64 44 45 67 39 67 55 42 60 35 56 77 26 68 56 61 
35 103 61 25 75 49 34 94 67 56 34 61 57 25 82 42 70 81 34 95 21 32 66 36 51 80 82 92 37 58 80 60 42 23 62 43 24 79 53 75 57 39 51 82 89 30 46 57 65 43 77 97 39 26 57 36 59 51 23 41 2 49 100 17 53 66 60 50 29 72 77 91 35 77 69 40 56 37 48 94 70 100 30 68 43 22 58 48 19 4 88 79 71 68 90 89 33 81 87 94 98 65 67 60 46 25 52 61 55 42 50 78 0 45 23 47 91 92 48 50 84 58 11 89 69 31 78 66 80 65 54 47 57 99 82 46 41 28 95 70 31 35 31 70 100 30 100 12 27 83 
69 91 17 20 44 14 14 77 78 73 70 30 47 22 49 11 72 51 35 57 26 12 60 60 12 36 46 76 10 27 58 58 58 34 70 1 60 59 51 74 46 6 36 66 67 54 35 18 48 62 76 57 19 18 45 27 76 68 29 36 46 65 88 27 38 65 29 72 35 48 38 53 71 79 70 10 13 36 12 75 57 58 25 33 57 50 31 38 30 49 77 74 80 52 65 84 30 39 74 87 76 54 59 15 17 33 25 77 38 72 51 63 45 0 36 64 70 68 59 42 41 43 33 66 60 20 33 21 69 34 22 19 42 82 38 61 56 16 61 25 53 35 14 77 60 21 90 33 22 39 
58 115 48 18 77 33 22 103 86 76 57 62 68 29 83 27 86 83 46 93 12 25 79 57 37 72 81 102 33 59 86 74 61 2 79 35 47 86 66 90 66 30 58 91 96 50 54 41 72 63 92 93 41 19 67 42 79 71 32 52 25 68 112 20 61 81 61 71 41 77 74 89 58 93 84 27 43 14 45 102 80 94 12 67 61 43 60 57 28 27 100 93 89 77 95 103 42 75 97 107 105 76 79 51 46 3 54 80 62 64 64 87 23 36 0 66 98 98 66 60 77 66 19 96 81 34 68 56 91 66 54 47 65 108 74 65 60 22 95 59 51 46 29 88 96 15 112 23 31 75 
25 64 80 56 62 77 64 61 20 9 28 56 32 44 70 70 28 65 29 86 57 58 32 11 76 85 74 59 54 55 57 25 6 65 17 63 29 53 23 33 34 63 38 51 62 17 34 82 43 3 34 91 46 56 35 37 13 4 37 30 45 3 63 48 37 28 56 8 29 53 75 84 29 33 28 68 77 79 58 63 40 97 67 63 7 24 51 32 40 45 52 40 25 43 66 48 34 82 52 53 70 36 34 72 51 67 49 14 40 18 19 48 47 64 66 0 62 66 9 29 86 38 47 64 36 44 90 80 45 57 54 49 37 66 89 4 8 55 81 83 15 29 52 25 94 64 61 43 43 87 
86 26 75 80 27 84 81 10 55 63 89 39 34 69 29 81 39 23 56 40 86 75 30 71 79 59 35 10 66 42 12 37 61 96 50 70 86 11 41 36 34 74 40 11 3 71 44 83 25 65 36 47 56 79 33 56 62 62 68 49 90 60 22 79 37 35 41 69 61 21 45 42 90 40 38 80 76 104 58 6 22 55 91 39 59 75 39 42 73 92 18 29 51 22 9 30 58 51 15 30 8 27 28 63 53 96 45 62 36 81 45 14 91 70 98 62 0 5 53 41 56 32 82 6 26 63 69 67 19 36 47 51 33 12 62 58 59 76 30 69 69 55 69 48 48 86 26 80 66 58 
89 31 72 79 24 82 80 15 59 67 92 37 36 69 25 80 44 19 57 35 86 74 34 73 77 55 31 15 65 40 11 40 64 96 54 68 88 13 43 41 36 72 40 15 3 73 45 81 27 68 41 42 56 79 35 56 66 65 69 50 91 63 27 79 38 39 39 73 63 20 41 37 93 45 42 79 74 103 56 11 25 50 90 36 62 77 38 44 73 93 24 34 56 24 4 36 59 47 20 35 7 29 31 60 52 96 44 66 36 84 48 18 92 68 98 66 5 0 56 43 52 34 83 2 29 63 65 64 24 34 46 51 35 16 58 62 62 76 25 66 71 56 69 53 43 85 31 80 67 54 
33 57 74 53 53 72 60 53 20 14 36 47 23 40 61 65 22 56 24 77 56 54 23 18 71 77 65 51 49 46 47 16 8 65 13 58 34 44 14 27 24 58 29 42 53 20 26 77 33 11 29 82 40 54 26 32 17 10 34 23 47 7 55 46 28 20 47 17 25 43 67 75 37 28 21 63 72 77 51 54 31 88 65 54 6 26 42 24 38 48 44 32 23 34 57 41 29 73 44 46 61 27 25 65 44 66 41 18 31 27 10 39 48 59 66 9 53 56 0 21 78 29 46 55 27 39 82 73 37 48 46 42 28 58 80 5 7 52 72 76 18 24 47 22 84 62 54 43 39 79 
48 54 56 43 33 57 48 44 37 35 51 26 7 31 41 51 29 37 15 57 48 41 19 33 54 56 44 42 34 26 32 15 25 59 29 42 46 30 9 32 7 43 8 32 40 31 7 60 16 30 34 61 23 43 8 18 37 31 28 8 49 28 51 40 7 22 26 38 20 25 46 55 52 36 27 50 54 69 33 44 20 67 55 33 23 34 21 4 33 50 39 33 38 19 42 43 18 52 37 47 49 15 19 46 26 59 21 38 10 45 10 28 50 42 60 29 41 43 21 0 57 9 42 41 20 27 62 53 31 27 26 24 8 49 60 25 23 41 53 56 29 14 35 35 64 51 52 39 29 58 
101 82 31 60 31 47 54 66 92 93 102 30 57 58 26 50 80 33 60 22 67 53 66 87 42 5 20 66 47 31 47 68 81 75 84 42 94 51 65 80 55 47 48 60 53 83 52 41 49 86 82 18 46 59 53 53 94 89 64 57 84 86 78 66 49 73 30 95 65 42 12 18 104 85 78 50 36 75 35 62 58 18 65 23 79 82 35 54 66 87 72 76 92 51 48 83 58 5 68 84 58 58 64 25 39 73 37 95 46 100 68 59 84 41 77 86 56 52 78 57 0 50 72 50 64 53 15 22 67 30 33 39 51 68 6 82 79 56 31 20 82 60 52 88 21 61 82 72 57 2 
58 49 54 48 24 58 51 37 42 43 60 20 6 36 32 53 31 27 23 48 54 45 18 42 55 50 36 35 36 21 23 18 34 64 34 43 55 21 15 32 4 45 7 25 31 41 11 60 7 39 34 53 26 48 3 23 44 39 35 16 57 36 46 46 5 24 21 46 29 15 38 46 61 37 29 52 53 73 32 36 14 59 60 26 32 43 16 10 40 59 34 31 41 10 33 40 25 45 31 44 40 11 16 43 25 64 18 44 5 54 18 21 58 43 66 38 32 34 29 9 50 0 49 32 17 31 57 50 26 20 23 23 1 42 54 33 32 45 43 53 39 22 38 38 55 55 47 47 34 51 
41 97 50 14 65 38 24 87 66 56 41 51 50 15 72 31 67 71 27 84 12 21 61 38 40 68 71 85 25 48 72 55 41 18 60 32 30 71 47 71 49 28 42 75 81 31 38 46 56 44 73 85 29 15 50 26 60 51 14 34 12 49 94 5 45 62 50 51 22 63 66 80 42 74 65 29 45 32 37 86 63 89 22 57 41 24 48 40 9 15 82 74 69 60 81 84 24 69 80 89 90 58 61 48 35 20 42 61 46 47 45 71 11 33 19 47 82 83 46 42 72 49 0 81 63 21 67 55 73 55 43 36 49 92 71 45 40 16 85 58 31 28 20 68 89 20 94 3 17 71 
87 32 70 77 22 80 78 16 58 65 90 35 34 67 24 78 43 17 55 34 83 72 33 72 75 54 30 16 63 38 9 39 62 94 53 66 86 11 42 40 34 70 38 14 3 71 43 79 25 66 41 41 54 76 33 54 65 64 67 48 89 62 28 77 36 38 37 72 61 18 39 36 91 44 41 76 72 101 54 12 23 49 88 34 60 75 35 42 71 91 24 33 55 22 3 36 56 46 20 35 10 28 30 58 50 94 42 65 34 82 46 17 89 66 96 64 6 2 55 41 50 32 81 0 28 61 64 62 23 31 43 48 33 18 56 60 61 73 24 64 69 54 67 52 42 83 32 78 64 53 
60 34 71 64 33 75 68 26 31 37 63 36 13 51 41 71 16 34 35 56 69 61 4 45 72 65 46 24 53 37 22 11 35 79 24 60 61 18 16 16 15 62 24 15 26 46 26 77 15 38 18 62 43 64 15 38 37 35 49 29 68 33 31 60 21 10 37 43 40 22 51 55 64 21 14 69 71 89 49 27 5 69 76 41 33 50 32 24 53 69 19 13 29 12 31 23 39 59 17 27 33 6 2 60 43 80 36 37 22 54 20 11 69 60 81 36 26 29 27 20 64 17 63 28 0 47 73 66 10 35 40 41 17 31 68 32 34 61 49 69 44 34 55 25 64 72 31 60 49 65 
49 80 37 17 44 33 21 69 59 53 50 30 33 6 51 26 55 50 15 63 22 15 46 39 32 50 50 67 10 27 52 42 38 33 51 19 41 51 34 58 32 19 23 57 61 33 20 38 38 42 61 65 8 16 32 8 56 48 10 18 32 45 77 16 26 49 29 51 15 43 46 60 52 62 53 24 34 42 18 68 46 69 29 36 37 30 27 23 13 34 65 60 61 42 61 70 10 50 63 74 70 41 46 32 14 33 21 57 27 52 33 53 31 20 34 44 63 63 39 27 53 31 21 61 47 0 51 39 57 34 22 15 30 73 53 41 36 14 64 43 32 15 8 59 68 24 78 19 4 53 
100 95 19 53 42 35 46 79 99 97 101 37 63 55 40 40 88 46 61 38 59 46 75 89 30 10 34 78 42 36 59 75 84 66 91 35 92 62 70 89 61 39 53 71 66 83 55 29 58 89 91 34 45 52 60 53 99 93 61 59 80 89 91 61 55 81 36 98 64 52 24 33 103 94 86 40 24 63 33 75 68 31 55 32 82 81 41 58 62 82 83 86 99 61 61 93 57 18 79 95 72 67 73 19 38 64 40 100 52 101 72 69 78 33 68 90 69 65 82 62 15 57 67 64 73 51 0 12 77 38 35 40 57 82 9 86 82 50 46 8 82 61 47 95 36 52 94 67 54 12 
89 92 9 41 39 25 34 76 90 87 90 30 56 43 40 28 81 45 51 42 47 34 68 78 20 17 35 76 30 29 56 68 74 54 82 23 81 59 62 82 54 27 45 67 64 72 46 19 51 79 84 40 34 40 53 42 90 83 49 49 67 80 88 49 47 74 29 88 53 48 25 38 91 87 79 29 14 53 21 73 62 40 44 28 72 69 34 49 50 70 79 80 91 55 60 88 46 22 75 91 72 60 66 7 28 52 32 91 45 90 63 65 66 21 56 80 67 64 73 53 22 50 55 62 66 39 12 0 72 32 27 30 50 80 18 76 72 38 49 3 71 50 35 88 43 41 91 55 42 20 
70 23 78 74 36 84 77 16 36 44 73 42 23 62 41 80 20 34 46 55 79 71 14 55 80 69 47 14 63 44 20 21 45 90 31 69 71 16 27 16 24 72 33 8 20 56 36 85 21 48 17 61 52 74 24 49 43 44 59 39 79 42 20 71 31 17 43 51 51 25 55 56 74 21 19 78 78 99 57 18 11 69 86 45 43 61 39 34 64 80 8 10 32 17 26 16 49 62 7 18 25 15 12 67 51 90 43 43 31 63 30 8 80 69 91 45 19 24 37 31 67 26 73 23 10 57 77 72 0 40 47 49 26 21 72 42 44 71 46 75 54 45 65 29 63 82 21 70 59 69 
74 59 39 48 10 48 47 44 62 63 76 4 26 40 17 46 50 16 34 30 54 42 37 60 43 30 17 43 33 7 24 38 53 64 54 34 69 26 35 51 25 39 19 34 33 56 24 47 20 58 53 34 26 47 23 30 64 59 42 29 65 56 55 50 20 43 5 66 40 15 18 28 77 56 48 45 40 70 22 42 30 40 57 6 50 57 7 25 46 68 46 48 62 23 30 56 33 25 43 58 41 29 35 27 20 64 13 65 17 72 38 32 65 34 66 57 36 34 48 27 30 20 55 31 35 34 38 32 40 0 12 19 21 48 33 53 50 44 30 35 55 34 37 58 37 53 58 53 38 31 
67 69 31 35 23 36 34 55 63 61 69 8 29 28 29 34 54 29 27 41 42 29 41 54 33 31 28 53 20 5 35 41 49 52 55 22 61 36 35 55 27 26 18 44 44 50 20 37 26 54 57 43 14 34 26 20 63 57 32 24 54 54 65 38 20 47 7 63 32 26 24 37 70 60 52 33 30 57 10 53 36 47 44 14 47 49 8 22 35 57 55 54 64 30 43 63 25 29 52 66 53 34 40 20 8 51 5 64 18 67 37 41 54 22 54 54 47 46 46 26 33 23 43 43 40 22 35 27 47 12 0 7 23 59 34 50 47 31 42 30 48 26 25 61 46 40 67 41 26 33 
61 72 32 29 29 34 29 58 61 57 62 15 28 21 36 30 53 35 21 48 35 23 41 49 31 37 35 57 14 12 39 39 44 45 53 19 54 40 33 55 26 22 16 47 49 44 17 36 28 49 57 50 7 28 26 14 60 53 25 19 47 50 68 31 19 46 14 58 25 30 31 44 64 59 51 29 30 52 9 57 38 54 39 21 42 42 13 20 28 50 57 55 62 32 48 64 18 35 54 67 58 34 40 22 2 45 6 61 18 61 34 43 47 19 47 49 51 51 42 24 39 23 36 48 41 15 40 30 49 19 7 0 23 63 40 46 42 25 49 33 42 21 18 59 53 34 70 34 19 39 
57 50 54 47 24 57 50 38 41 42 59 20 6 35 33 53 31 28 22 48 53 44 18 42 54 51 36 36 36 21 24 18 33 63 33 42 54 22 14 32 4 45 7 26 32 40 10 59 8 38 34 53 25 47 3 22 43 39 34 15 56 36 46 45 4 24 21 45 28 16 39 47 60 37 29 51 53 73 31 37 15 60 59 27 31 42 16 9 39 58 35 31 41 11 34 41 24 46 32 44 41 11 17 43 25 64 18 44 5 54 17 22 57 42 65 37 33 35 28 8 51 1 49 33 17 30 57 50 26 21 23 23 0 43 54 33 31 44 44 53 38 21 38 38 56 55 48 46 33 52 
91 15 87 90 40 96 92 5 55 65 94 51 42 79 42 93 39 35 64 51 96 86 35 76 92 72 48 7 77 54 24 42 66 107 51 82 92 22 47 35 42 85 50 17 15 77 54 96 35 69 35 58 67 90 42 66 63 64 78 57 99 63 11 89 47 38 53 72 70 33 57 53 95 38 39 92 89 115 70 6 29 66 102 52 64 81 50 52 82 100 15 27 50 31 20 25 67 64 14 22 11 34 33 76 65 107 56 63 46 84 51 21 99 82 108 66 12 16 58 49 68 42 92 18 31 73 82 80 21 48 59 63 43 0 74 63 65 87 41 81 75 63 80 47 59 97 15 89 76 71 
101 88 27 58 36 43 51 72 96 95 103 33 60 58 32 46 84 39 62 29 65 51 71 89 38 3 26 71 45 34 52 72 83 72 88 39 94 56 68 84 58 44 51 65 59 84 54 37 53 88 86 24 46 57 57 54 97 91 63 58 83 88 84 65 52 77 33 97 65 47 17 24 104 89 82 47 32 71 34 68 63 22 62 27 81 82 38 56 65 86 77 81 95 56 54 88 58 10 73 89 65 62 68 22 39 70 39 98 49 102 70 64 82 38 74 89 62 58 80 60 6 54 71 56 68 53 9 18 72 33 34 40 54 74 0 85 81 55 37 16 83 61 51 92 26 58 87 71 57 3 
28 61 77 53 58 74 61 58 20 12 31 51 28 41 66 67 26 61 26 82 56 55 28 13 73 81 70 56 51 51 53 21 4 64 15 60 30 49 19 31 29 60 33 48 58 17 30 79 38 6 32 86 42 54 31 34 15 7 35 26 45 4 60 46 33 25 52 12 26 48 71 80 32 32 25 65 74 77 54 59 37 93 65 59 4 24 46 28 38 45 49 37 24 39 62 45 31 77 49 50 66 32 30 68 47 65 45 16 36 22 15 44 46 61 65 4 58 62 5 25 82 33 45 60 32 41 86 76 42 53 50 46 33 63 85 0 5 52 77 79 15 26 49 24 89 62 59 42 40 83 
26 65 72 48 56 69 56 60 26 17 29 49 27 36 65 62 29 60 21 80 50 50 30 11 68 78 68 58 46 48 53 23 2 59 20 55 27 50 18 34 28 55 31 49 59 13 27 74 38 7 36 84 38 49 30 29 20 12 29 22 40 9 63 40 31 27 49 16 21 47 68 78 30 36 29 60 69 72 50 61 37 91 60 56 1 19 44 25 32 40 51 40 29 39 62 49 26 75 51 54 67 32 32 64 43 60 42 21 33 22 14 45 41 56 60 8 59 62 7 23 79 32 40 61 34 36 82 72 44 50 47 42 31 65 81 5 0 47 76 75 11 21 44 29 87 57 62 36 35 80 
55 94 33 4 54 23 9 82 72 64 56 40 48 11 60 15 69 60 28 71 11 4 60 49 24 52 59 81 11 36 64 56 49 20 65 15 46 65 48 72 46 11 37 70 74 42 34 29 51 53 75 71 19 3 46 22 68 59 18 33 29 56 91 11 40 63 38 62 26 55 52 67 57 76 67 13 28 28 23 81 60 74 14 45 48 36 38 37 16 32 79 74 75 55 73 84 23 54 77 88 83 55 60 32 23 20 31 69 40 60 47 67 28 16 22 55 76 76 52 41 56 45 16 73 61 14 50 38 71 44 31 25 44 87 55 52 47 0 73 41 42 29 6 73 74 10 92 18 13 55 
101 56 58 77 20 72 74 40 80 84 104 34 48 70 13 72 65 16 63 10 84 70 53 86 67 36 14 40 62 37 26 58 78 93 73 61 98 31 58 63 47 66 47 38 27 84 52 68 38 82 64 17 56 76 46 60 85 82 72 57 95 79 52 80 46 59 35 89 69 28 24 13 105 68 63 71 62 97 50 36 43 25 85 28 76 86 37 52 76 98 49 57 78 38 21 61 63 28 45 60 30 45 50 48 50 93 43 85 43 98 61 39 95 61 95 81 30 25 72 53 31 43 85 24 49 64 46 49 46 30 42 49 44 41 37 77 76 73 0 49 82 62 67 74 18 81 56 83 68 34 
92 94 11 44 41 27 37 78 93 91 93 33 59 46 41 31 84 46 54 42 51 37 71 81 22 15 36 77 33 32 58 71 77 57 85 26 84 61 65 85 57 30 48 69 66 76 50 21 54 82 87 39 38 43 56 46 93 86 53 53 71 83 90 52 50 77 32 91 57 50 25 38 95 90 82 31 16 55 25 75 64 38 47 30 76 73 37 52 54 74 81 83 94 58 62 91 50 21 78 93 73 63 69 11 31 55 35 94 48 94 67 67 70 25 59 83 69 66 76 56 20 53 58 64 69 43 8 3 75 35 30 33 53 81 16 79 75 41 49 0 75 54 38 91 42 44 93 58 46 18 
19 75 70 42 62 64 51 70 36 25 21 52 35 31 70 57 41 66 21 85 42 45 40 7 64 80 72 68 43 50 61 33 11 50 31 52 17 58 28 46 36 50 35 59 68 2 31 70 45 12 47 89 37 43 37 28 28 20 24 25 29 18 73 33 36 38 52 20 17 55 72 83 22 47 40 55 67 63 49 71 47 95 52 60 12 8 47 30 26 29 62 51 40 47 71 60 24 77 61 65 77 42 42 64 43 51 44 30 39 19 24 55 31 53 51 15 69 71 18 29 82 39 31 69 44 32 82 71 54 55 48 42 38 75 83 15 11 42 82 75 0 21 39 39 92 50 73 28 30 82 
41 68 50 31 42 48 37 58 43 38 42 31 21 18 50 41 40 47 1 64 35 30 32 28 47 58 51 57 25 29 45 27 23 45 36 34 35 43 19 44 21 34 16 46 53 23 11 53 29 28 46 68 16 31 21 8 41 33 14 6 35 30 65 26 18 34 30 37 7 37 50 62 44 47 38 40 48 56 28 58 34 73 43 38 22 23 26 12 18 37 53 46 46 32 55 56 5 55 51 60 62 29 33 43 22 45 22 42 20 40 18 42 35 35 46 29 55 56 24 14 60 22 28 54 34 15 61 50 45 34 26 21 21 63 61 26 21 29 62 54 21 0 24 44 71 39 66 25 16 60 
55 88 31 10 48 25 13 76 67 61 55 33 41 8 54 18 63 54 23 65 17 6 54 46 24 48 53 74 5 30 58 50 46 27 60 13 46 58 42 67 40 11 31 64 67 40 28 30 45 50 69 66 13 9 40 17 64 56 15 27 32 53 85 14 33 57 32 59 23 48 46 61 57 71 62 16 27 34 17 74 53 69 21 39 45 35 31 31 15 35 73 68 70 49 66 78 18 49 70 82 76 49 54 28 17 26 25 65 34 58 42 60 31 14 29 52 69 69 47 35 52 38 20 67 55 8 47 35 65 37 25 18 38 80 51 49 44 6 67 38 39 24 0 68 69 17 86 20 9 51 
49 42 91 74 59 91 81 43 7 19 52 58 32 61 66 85 9 60 44 81 78 74 21 36 89 89 71 42 68 59 47 20 28 87 8 76 54 43 26 12 34 77 43 37 49 41 42 95 39 28 12 87 58 75 35 51 17 21 56 41 69 21 41 68 41 15 59 27 47 47 76 81 52 10 10 83 89 99 68 46 31 95 86 65 27 48 54 39 60 69 32 20 3 37 55 25 49 83 34 30 54 30 24 81 61 88 56 16 43 40 25 35 70 77 88 25 48 53 22 35 88 38 68 52 25 59 95 88 29 58 61 59 38 47 92 24 29 73 74 91 39 44 68 0 90 83 39 65 60 89 
112 74 52 78 31 67 74 58 95 98 113 40 61 74 23 70 81 30 72 8 85 71 68 97 62 26 19 58 64 42 43 72 89 94 88 61 107 47 70 79 60 66 57 55 45 94 61 63 52 94 81 3 60 77 58 66 99 95 78 66 100 92 70 83 56 74 40 102 77 42 22 9 115 84 79 70 57 95 51 54 58 7 85 32 87 94 44 62 81 103 66 74 93 52 39 78 70 21 62 78 48 60 65 45 53 93 49 99 53 110 74 56 100 60 96 94 48 43 84 64 21 55 89 42 64 68 36 43 63 37 46 53 56 59 26 89 87 74 18 42 92 71 69 90 0 81 74 87 72 23 
61 105 34 8 63 19 7 93 82 73 61 49 58 21 68 13 79 69 38 78 8 11 71 57 23 57 66 91 20 45 74 66 58 13 75 20 51 75 59 83 57 15 48 81 84 50 45 27 62 61 85 78 30 8 57 33 77 68 27 43 31 66 102 17 50 74 47 70 36 65 59 74 62 87 78 12 28 17 30 91 70 79 4 53 58 44 47 48 24 34 90 85 85 66 83 95 34 60 87 99 93 66 70 36 33 12 41 78 51 67 57 77 30 21 15 64 86 85 62 51 61 55 20 83 72 24 52 41 82 53 40 34 55 97 58 62 57 10 81 44 50 39 17 83 81 0 103 23 23 60 
86 3 97 95 52 104 99 16 46 58 89 61 44 83 55 100 33 48 67 66 101 92 34 72 100 85 61 16 84 63 35 40 62 111 45 89 89 32 47 28 46 92 55 23 29 75 58 105 42 64 27 73 73 95 46 70 56 59 80 60 99 58 4 92 52 34 62 66 72 42 70 68 90 29 33 99 98 121 78 20 32 81 107 63 60 80 59 55 85 100 12 21 41 37 35 14 70 77 15 9 26 36 33 86 72 111 64 55 52 79 50 26 100 90 112 61 26 31 54 52 82 47 94 32 31 78 94 91 21 58 67 70 48 15 87 59 62 92 56 93 73 66 86 39 74 103 0 91 81 84 
38 94 51 16 63 40 26 84 62 52 38 49 47 13 70 33 63 69 24 82 15 22 57 34 42 68 70 82 25 46 69 52 38 22 56 32 28 68 44 67 46 29 40 72 78 27 35 47 54 40 70 84 27 17 47 24 56 47 11 31 13 45 91 6 42 58 48 48 19 60 65 79 39 70 62 31 46 35 36 83 60 88 25 56 38 21 46 37 7 15 79 71 66 57 79 81 21 68 77 85 87 55 58 48 34 23 40 57 43 44 41 68 12 33 23 43 80 80 43 39 72 47 3 78 60 19 67 55 70 53 41 34 46 89 71 42 36 18 83 58 28 25 20 65 87 23 91 0 15 71 
47 83 40 15 48 34 21 72 59 52 47 34 36 2 55 27 56 54 15 67 20 15 48 37 33 54 54 70 12 31 55 43 37 30 52 21 38 55 35 60 35 20 26 60 64 31 23 39 41 41 62 69 12 15 35 10 55 47 7 20 28 44 80 12 29 50 33 50 14 46 50 64 49 63 54 25 36 40 22 71 48 73 27 40 36 27 31 25 8 30 68 62 62 45 65 72 10 54 66 76 74 44 48 35 18 30 25 56 30 49 34 56 27 22 31 43 66 67 39 29 57 34 17 64 49 4 54 42 59 38 26 19 33 76 57 40 35 13 68 46 30 16 9 60 72 23 81 15 0 56 
101 85 29 59 33 45 53 68 93 93 102 31 58 57 29 48 81 35 60 25 66 51 68 88 40 3 23 68 46 32 49 70 82 73 86 40 94 53 66 81 56 45 49 62 55 83 53 39 50 87 83 21 46 58 55 53 95 89 63 57 84 86 81 65 50 74 31 96 65 44 14 21 103 86 79 48 34 73 34 65 60 20 63 25 80 82 36 55 65 86 74 78 93 53 50 85 57 7 70 86 61 60 66 23 38 72 38 96 47 101 68 61 83 39 75 87 58 54 79 58 2 51 71 53 65 53 12 20 69 31 33 39 52 71 3 83 80 55 34 18 82 60 51 89 23 60 84 71 56 0 
1 12 15 12 4 3 14 6 18 10 5 4 19 18 19 8 19 3 7 13 8 3 6 15 14 10 18 18 13 1 16 2 9 3 17 13 18 1 11 18 19 1 9 12 16 3 12 9 10 12 16 13 5 11 12 14 6 15 4 11 11 8 3 16 9 19 10 6 11 17 12 6 1 7 5 12 12 6 12 3 9 5 16 18 13 4 12 15 18 5 18 19 15 20 9 14 11 3 13 6 6 1 12 15 17 9 19 14 3 7 10 2 6 2 15 3 8 14 11 20 13 19 8 2 20 14 5 8 1 12 14 5 4 16 19 5 10 16 4 1 20 7 15 13 2 16 2 7 3 20 
30 30 30 30 30 30 30 30 30 30 30 30 30 30 30 30 30 30 30 30 30 30 30 30 30 30 30 30 30 30 30 30 30 30 30 30 30 30 30 30 30 30 30 30 30 30 30 30 30 30 30 30 30 30 30 30 30 30 30 30 30 30 30 30 30 30 30 30 30 30 30 30 30 30 30 30 30 30 30 30 30 30 30 30 30 30 30 30 30 30 30 30 30 30 30 30 30 30 30 30 30 30 30 30 30 30 30 30 30 30 30 30 30 30 30 30 30 30 30 30 30 30 30 30 30 30 30 30 30 30 30 30 30 30 30 30 30 30 30 30 30 30 30 30 30 30 30 30 30 30 