7 28 150 60 10
0 30 98 47 43 39 86 74 48 85 29 101 84 89 116 82 7 73 95 68 65 72 19 28 22 48 85 87 71 22 34 28 18 62 72 70 87 94 77 79 20 75 62 81 78 82 20 67 2 16 100 87 89 94 62 70 76 43 14 55 64 64 33 67 45 47 74 76 87 23 76 72 101 37 78 56 99 84 78 81 24 64 49 99 46 84 50 80 69 44 32 85 35 64 85 46 90 36 5 79 108 68 18 66 8 86 79 24 14 88 75 76 85 68 46 63 89 13 94 31 50 45 60 58 36 55 90 41 74 54 79 65 59 88 63 116 76 95 108 56 73 59 79 16 87 38 18 76 85 57 
30 0 79 25 31 9 97 59 29 69 48 86 73 84 99 60 23 68 83 57 73 42 30 26 27 20 96 62 62 48 44 28 12 42 66 46 95 87 56 49 26 45 44 66 67 60 16 71 29 14 87 76 64 76 39 70 46 32 44 38 68 42 31 82 42 31 78 82 61 10 74 42 91 11 87 38 79 59 54 54 50 35 31 87 54 69 23 50 53 48 3 79 45 64 96 19 81 28 32 79 91 46 15 36 22 71 91 46 21 80 72 46 89 78 55 38 83 25 77 54 30 23 49 67 32 26 73 42 80 33 50 51 56 76 67 100 72 74 91 26 43 54 59 25 64 12 17 53 85 60 
98 79 0 54 54 78 89 26 51 14 89 15 26 43 21 23 94 43 23 36 75 64 82 70 77 62 88 30 37 101 77 71 86 37 41 36 83 39 24 69 78 61 36 20 28 20 79 65 96 87 21 26 25 6 40 55 61 54 109 43 65 37 66 91 59 51 65 72 33 89 50 66 32 85 81 42 5 31 32 41 103 58 49 24 72 18 59 58 29 65 81 39 77 56 90 61 29 62 103 57 14 33 82 69 93 14 88 94 98 35 46 65 67 81 75 43 39 101 9 98 49 56 40 75 63 61 9 64 71 46 76 33 51 25 64 23 44 9 12 74 75 48 21 82 22 84 96 29 57 61 
47 25 54 0 14 25 87 35 6 44 51 62 50 63 74 35 42 48 59 36 63 33 37 26 32 11 85 39 41 59 42 27 32 17 46 22 83 66 31 42 32 34 19 42 44 36 27 58 46 34 63 53 41 51 15 54 35 16 60 15 56 17 26 76 31 12 64 69 39 34 56 35 68 32 76 13 53 36 30 34 61 23 9 63 47 44 9 38 28 39 26 58 44 49 86 9 58 19 51 63 66 21 29 32 41 46 82 54 44 59 53 37 73 70 49 15 62 48 52 60 6 2 28 58 24 17 48 33 68 8 46 28 40 53 55 75 52 49 65 29 41 36 34 34 40 31 41 28 68 47 
43 31 54 14 0 35 72 30 8 41 40 58 43 53 72 40 40 37 53 26 48 48 28 16 23 25 71 48 31 49 29 17 33 20 35 31 69 56 35 57 24 49 19 38 36 39 25 44 41 34 57 46 48 50 23 41 50 1 54 12 41 24 14 61 16 4 50 55 49 38 43 49 61 41 62 14 55 45 39 45 51 38 8 57 32 40 24 52 25 24 34 48 30 35 71 22 50 7 48 50 64 27 28 47 39 43 67 43 45 49 41 52 60 55 35 26 52 48 50 49 11 14 18 43 11 31 46 19 53 14 61 22 26 46 40 72 41 51 64 43 56 23 36 28 45 41 43 34 55 33 
39 9 78 25 35 0 105 61 31 69 57 87 75 88 99 57 32 72 84 61 81 33 40 35 36 16 103 58 66 58 53 36 21 42 70 43 102 91 54 40 35 37 45 67 69 58 25 78 38 23 88 78 60 76 38 76 38 36 53 40 75 41 39 90 49 35 85 89 56 17 79 33 93 6 94 38 77 55 50 48 60 28 34 89 62 70 19 42 54 55 7 83 54 70 103 17 83 34 41 85 91 45 25 27 31 71 99 56 29 84 76 37 95 86 63 36 87 32 77 64 31 24 53 74 38 20 73 49 87 33 40 53 61 78 74 100 76 72 90 17 34 59 57 34 61 6 24 50 90 66 
86 97 89 87 72 105 0 70 80 77 57 78 63 47 91 95 90 48 68 60 24 120 70 70 71 98 1 106 56 69 54 69 92 83 50 95 7 53 90 128 73 120 78 71 63 92 82 29 85 91 72 63 103 83 89 36 120 71 85 76 31 88 65 20 56 75 25 18 108 99 39 121 64 109 10 79 94 104 99 109 69 109 78 70 43 73 96 121 74 49 101 50 53 39 2 95 60 71 91 32 87 88 85 119 89 76 7 64 98 54 44 123 23 18 42 94 51 99 80 59 82 86 63 30 66 104 81 55 20 83 133 69 48 64 32 89 45 95 89 116 128 52 88 76 99 109 100 93 33 39 
74 59 26 35 30 61 70 0 30 11 63 27 15 32 41 24 71 22 23 11 52 57 56 45 52 46 69 36 14 75 51 46 64 20 19 28 65 32 19 65 53 56 16 7 9 21 55 43 72 65 27 18 32 20 26 34 56 30 83 21 42 23 41 68 33 28 45 51 38 68 31 59 33 67 60 22 28 34 30 41 77 48 27 27 46 10 43 56 7 39 61 26 51 32 70 44 23 37 79 39 33 21 58 60 69 12 67 68 76 25 27 60 50 58 49 31 29 79 19 72 29 37 14 51 38 48 17 38 51 27 71 8 27 18 41 42 25 27 34 62 68 23 17 57 28 67 74 24 41 37 
48 29 51 6 8 31 80 30 0 40 48 57 44 57 71 34 43 41 54 30 57 39 34 23 29 18 79 41 35 56 38 24 34 15 39 23 77 60 29 48 30 40 15 37 38 34 28 52 46 36 58 47 41 48 15 47 41 10 60 9 49 17 22 70 25 5 57 63 41 38 49 41 62 37 70 9 51 37 31 37 58 29 3 58 41 40 16 43 24 33 31 52 39 43 79 15 52 15 52 56 62 21 30 39 42 42 75 51 46 53 46 43 67 63 44 18 56 50 48 57 3 7 22 52 19 23 44 28 61 6 53 22 33 48 48 71 46 47 62 36 48 29 32 33 39 37 44 28 61 41 
85 69 14 44 41 69 77 11 40 0 74 17 15 34 30 21 82 29 17 21 61 61 68 57 63 53 76 32 23 87 62 57 74 27 27 31 71 32 19 67 65 58 24 6 14 18 66 51 83 75 20 16 28 8 32 41 58 41 95 31 51 29 52 77 44 39 52 59 35 78 37 62 28 76 68 31 18 31 30 40 89 53 37 21 57 4 50 57 16 50 71 28 63 42 77 52 21 48 90 45 22 26 69 65 80 2 75 80 86 26 33 62 55 67 60 36 30 90 8 83 38 46 26 61 49 54 5 50 58 35 74 19 37 15 50 31 31 17 22 68 72 33 15 69 24 75 84 24 46 47 
29 48 89 51 40 57 57 63 48 74 0 87 68 67 102 79 34 53 79 53 36 84 17 25 21 58 56 88 54 14 12 24 39 60 53 71 58 73 73 92 22 86 57 69 63 78 32 41 28 37 84 71 87 83 63 47 86 39 28 51 38 64 26 38 30 44 48 48 89 47 53 84 82 59 49 54 91 85 79 85 15 74 48 83 20 72 58 89 60 24 51 65 11 42 55 55 73 33 34 54 95 67 33 80 33 75 50 7 42 69 54 88 58 39 19 66 69 43 82 9 51 50 48 29 29 66 80 24 46 54 95 55 39 72 38 102 55 88 96 73 89 41 74 23 85 60 45 74 60 34 
101 86 15 62 58 87 78 27 57 17 87 0 18 31 15 36 98 35 10 34 67 77 83 73 79 71 77 45 32 100 75 72 91 44 34 48 71 26 36 83 80 74 42 20 23 33 83 56 99 92 6 16 40 13 50 46 74 58 110 48 57 46 67 82 58 56 56 62 48 95 41 79 17 93 71 48 21 45 45 55 102 70 55 8 68 17 68 72 33 62 88 28 75 49 79 70 18 64 106 47 9 43 86 82 97 15 78 93 103 24 37 78 55 72 71 53 27 106 10 96 56 63 41 68 65 71 15 63 62 53 89 36 47 15 56 14 35 25 11 85 88 45 32 85 36 93 101 41 45 56 
84 73 26 50 43 75 63 15 44 15 68 18 0 19 34 36 82 17 10 16 49 72 66 56 62 61 62 47 14 82 57 56 76 35 15 42 56 17 32 79 63 70 31 10 6 32 67 39 82 77 15 3 43 20 41 29 71 42 92 35 39 38 50 65 40 41 39 45 50 81 24 74 18 82 54 37 31 46 43 54 84 63 41 15 49 10 58 70 22 44 75 13 57 30 63 59 8 48 89 31 27 36 70 75 81 13 61 75 88 11 20 75 41 55 52 46 15 91 17 77 44 51 24 50 48 63 18 45 45 42 86 22 29 3 38 33 18 32 28 77 83 27 29 68 38 81 86 37 31 37 
89 84 43 63 53 88 47 32 57 34 67 31 19 0 44 55 88 16 21 27 38 89 69 62 67 75 46 66 22 82 57 61 84 51 18 60 40 6 51 97 68 88 46 29 22 51 74 29 86 85 25 18 62 38 57 20 89 52 94 48 30 55 56 53 44 53 26 31 69 90 14 91 17 94 40 51 49 65 62 73 83 80 54 23 46 29 72 88 38 44 87 5 56 25 48 72 13 56 94 16 40 54 78 92 87 32 47 75 95 8 13 92 24 43 48 62 4 98 34 75 57 64 35 42 54 78 36 47 32 56 103 36 30 18 30 42 12 50 42 92 100 30 48 73 58 94 95 56 14 33 
116 99 21 74 72 99 91 41 71 30 102 15 34 44 0 44 112 50 24 49 81 85 98 87 94 83 90 51 48 116 90 87 105 57 49 57 84 38 45 90 95 82 55 34 38 41 97 71 113 106 19 31 46 23 61 61 82 72 125 61 72 58 82 96 73 70 69 75 54 109 55 87 27 106 84 61 25 52 53 62 117 79 68 21 83 31 79 79 47 78 101 41 90 64 92 82 32 79 121 60 8 54 100 90 111 29 91 109 117 37 52 86 68 86 86 64 40 120 22 111 69 76 55 83 79 82 26 78 75 66 97 50 63 30 71 2 50 30 9 95 96 60 42 99 43 105 115 50 58 71 
82 60 23 35 40 57 95 24 34 21 79 36 36 55 44 0 77 47 39 34 75 41 68 57 63 40 93 11 38 90 68 57 68 20 44 14 89 53 6 46 64 38 22 25 33 3 62 67 81 70 40 38 8 23 20 58 38 41 94 28 66 18 54 91 51 37 70 76 14 70 56 43 50 64 85 26 20 10 9 18 92 34 33 42 67 25 37 35 21 59 60 49 69 57 95 41 43 48 87 64 37 13 65 46 76 23 92 84 80 47 51 42 75 82 70 21 51 83 26 89 32 37 34 73 51 38 21 56 75 28 53 26 49 37 64 46 50 15 35 51 52 45 7 68 5 63 77 7 66 59 
7 23 94 42 40 32 90 71 43 82 34 98 82 88 112 77 0 72 92 65 67 65 20 26 21 42 88 82 69 29 36 26 11 58 71 64 89 93 73 72 19 68 58 78 76 78 15 69 7 9 97 85 83 90 57 71 69 40 21 51 66 59 32 71 44 43 76 78 81 16 76 65 99 30 80 52 95 79 73 75 30 57 45 97 48 81 43 73 65 45 25 84 37 65 88 39 89 33 9 79 104 64 12 59 1 83 83 29 8 87 75 69 87 71 48 58 88 10 90 37 45 40 57 60 34 48 87 41 76 49 72 62 58 86 65 113 75 91 104 49 66 57 75 15 82 31 12 71 86 58 
73 68 43 48 37 72 48 22 41 29 53 35 17 16 50 47 72 0 26 13 32 77 54 46 51 60 47 58 8 67 42 45 68 38 2 48 42 21 42 85 52 76 33 23 15 43 58 22 71 68 31 18 55 37 44 12 76 36 79 34 22 43 40 48 28 37 23 29 61 74 9 78 29 78 38 37 47 56 52 62 69 67 39 30 33 25 57 76 26 29 71 12 42 13 48 57 19 40 78 17 44 42 61 78 71 29 45 60 79 15 5 80 28 38 36 49 16 81 34 61 42 49 19 32 38 64 34 32 29 41 91 23 14 19 21 49 4 47 46 77 87 14 39 57 51 78 78 46 20 20 
95 83 23 59 53 84 68 23 54 17 79 10 10 21 24 39 92 26 0 27 57 78 76 66 72 69 67 49 24 92 67 66 86 43 25 48 61 17 37 85 74 76 39 17 16 35 77 47 93 87 5 7 44 18 49 37 76 52 103 44 47 46 61 72 50 51 46 52 52 91 31 80 10 91 61 45 28 49 47 58 94 70 51 4 59 15 66 74 30 54 85 18 67 39 69 67 8 59 100 37 19 43 81 82 91 15 68 85 98 14 27 80 45 62 62 53 17 101 14 87 53 60 34 59 58 71 18 55 52 50 91 31 39 7 47 23 25 31 21 85 89 37 33 78 40 91 97 42 35 46 
68 57 36 36 26 61 60 11 30 21 53 34 16 27 49 34 65 13 27 0 41 63 49 39 45 47 59 46 5 66 41 39 60 24 10 35 55 30 29 71 47 62 19 15 10 31 50 32 65 60 32 19 43 30 31 23 63 26 76 21 31 29 34 57 24 26 35 41 48 65 22 65 34 67 50 24 39 43 39 49 68 53 27 31 36 18 44 63 13 29 60 22 42 22 60 45 23 32 73 30 41 29 54 65 64 22 57 59 71 23 18 66 41 47 39 36 26 74 28 62 30 37 8 40 31 51 26 29 40 28 77 10 16 20 30 48 17 38 42 65 73 12 27 51 39 67 70 33 33 26 
65 73 75 63 48 81 24 52 57 61 36 67 49 38 81 75 67 32 57 41 0 97 47 46 47 74 22 86 38 50 31 45 68 61 34 73 22 45 70 105 49 97 56 55 47 73 58 10 63 67 61 50 84 69 67 20 98 47 65 53 10 66 41 16 32 51 13 11 88 76 25 98 56 85 13 57 79 84 79 88 50 86 55 60 19 57 72 99 54 25 76 39 30 19 23 71 49 46 70 22 76 67 61 96 66 61 18 44 75 43 29 100 22 6 19 71 42 77 66 41 59 63 42 7 42 80 66 31 9 60 110 49 26 51 11 80 31 78 77 92 105 30 68 52 80 85 77 73 27 16 
72 42 64 33 48 33 120 57 39 61 84 77 72 89 85 41 65 77 78 63 97 0 67 58 62 25 118 35 68 88 76 59 54 38 74 30 116 90 41 8 62 4 43 62 67 44 54 91 71 56 80 75 39 64 32 85 5 50 86 44 89 34 59 110 64 45 96 101 32 50 85 2 89 37 109 40 60 33 32 23 90 10 41 82 81 63 25 10 51 73 40 84 77 81 119 28 80 52 74 93 78 36 55 7 64 62 115 84 62 83 82 4 104 103 83 27 87 66 67 92 37 34 58 92 57 18 62 67 100 36 13 53 72 75 87 87 81 55 76 17 11 68 45 63 42 37 58 36 97 80 
19 30 82 37 28 40 70 56 34 68 17 83 66 69 98 68 20 54 76 49 47 67 0 11 5 42 69 75 52 22 16 11 21 48 53 58 70 75 63 75 5 69 47 63 60 68 14 49 17 21 81 69 75 77 50 51 70 27 27 40 46 51 15 53 26 31 56 58 76 30 56 68 82 41 61 42 83 72 66 71 24 58 35 81 28 66 42 73 52 25 33 66 17 45 68 38 71 20 24 60 90 55 15 63 19 69 63 17 28 69 56 71 67 51 28 52 70 30 76 24 37 35 42 40 18 49 73 21 56 41 78 48 39 69 45 98 57 80 90 55 72 39 64 5 74 42 30 62 66 38 
28 26 70 26 16 35 70 45 23 57 25 73 56 62 87 57 26 46 66 39 46 58 11 0 6 33 69 64 42 33 18 1 23 37 44 46 68 67 51 66 7 60 35 53 50 56 13 45 26 23 71 59 64 66 38 46 61 16 38 28 42 40 6 55 18 20 52 55 64 30 50 59 73 38 60 30 71 61 54 60 35 48 23 71 27 55 32 64 41 21 30 58 19 40 69 29 62 8 33 55 79 43 16 55 25 58 64 28 32 60 49 62 63 51 28 41 62 35 65 34 26 24 32 40 8 40 62 16 53 29 69 37 32 59 41 87 49 68 79 48 64 31 53 12 62 38 33 50 61 34 
22 27 77 32 23 36 71 52 29 63 21 79 62 67 94 63 21 51 72 45 47 62 5 6 0 37 69 70 48 27 17 6 20 43 50 52 70 72 58 71 2 65 42 59 56 63 11 48 20 20 77 65 70 72 44 49 65 22 31 35 45 46 11 54 22 26 55 57 71 28 54 63 78 39 61 37 78 67 61 66 29 53 30 77 27 62 37 69 48 24 31 63 18 43 69 34 68 15 27 58 86 50 13 59 20 65 64 22 29 66 53 67 66 52 28 47 67 31 72 29 32 30 38 40 14 44 69 19 55 35 73 44 37 65 44 94 54 75 86 51 67 36 59 6 68 39 30 57 64 37 
48 20 62 11 25 16 98 46 18 53 58 71 61 75 83 40 42 60 69 47 74 25 42 33 37 0 97 42 52 63 51 34 31 26 57 26 95 77 37 33 37 27 30 52 55 42 30 70 47 33 72 64 44 59 21 66 28 27 62 26 67 24 35 86 41 23 76 80 41 30 68 26 79 23 87 24 60 39 33 33 65 16 21 73 57 54 3 32 39 49 20 69 52 61 97 3 69 28 51 74 75 28 31 22 41 55 92 59 42 70 64 29 85 80 59 19 73 45 61 66 17 11 40 69 33 7 56 43 79 19 36 39 51 64 66 84 64 55 73 17 31 48 41 38 44 22 38 33 79 58 
85 96 88 85 71 103 1 69 79 76 56 77 62 46 90 93 88 47 67 59 22 118 69 69 69 97 0 105 55 68 53 68 90 81 49 93 6 52 88 127 71 118 77 70 62 90 81 27 83 90 71 62 101 82 87 35 119 69 84 75 29 86 64 19 55 73 23 17 107 98 38 120 63 107 9 78 93 103 98 108 68 108 77 69 42 71 95 120 72 48 99 49 51 37 2 93 59 69 90 31 86 87 83 118 88 75 6 63 97 53 42 122 22 17 41 92 50 98 79 58 81 85 62 29 65 102 80 54 18 82 132 68 46 63 31 88 44 93 88 114 127 51 86 75 97 108 99 92 32 38 
87 62 30 39 48 58 106 36 41 32 88 45 47 66 51 11 82 58 49 46 86 35 75 64 70 42 105 0 50 97 77 64 72 28 55 17 101 64 16 39 71 31 31 36 44 14 67 78 86 73 50 49 5 32 25 69 31 49 100 37 77 24 62 102 60 44 81 87 3 72 67 37 60 64 96 34 26 3 9 11 99 31 40 52 76 36 39 28 32 68 62 60 78 68 106 43 54 55 91 75 44 21 69 41 80 34 103 91 83 58 63 35 86 93 79 24 63 87 36 97 38 42 44 84 59 38 31 65 86 34 46 37 60 48 75 53 61 21 42 48 45 55 18 74 8 63 79 14 77 70 
71 62 37 41 31 66 56 14 35 23 54 32 14 22 48 38 69 8 24 5 38 68 52 42 48 52 55 50 0 68 42 42 64 30 5 40 50 25 33 76 50 67 25 17 9 35 54 28 68 64 29 16 46 31 36 19 68 30 78 26 28 34 37 54 26 31 31 37 52 69 17 70 30 72 46 29 41 48 44 54 69 59 32 29 35 19 50 68 18 30 65 17 43 19 56 50 19 36 76 25 41 34 57 70 67 23 53 61 75 18 13 71 36 44 38 41 21 78 28 63 35 42 13 38 34 56 28 31 36 34 82 15 15 17 27 47 12 40 42 70 79 12 31 54 42 72 74 37 28 24 
22 48 101 59 49 58 69 75 56 87 14 100 82 82 116 90 29 67 92 66 50 88 22 33 27 63 68 97 68 0 25 32 37 70 67 79 70 88 84 96 27 91 68 82 77 89 33 55 21 35 97 85 97 96 71 61 92 48 16 61 53 73 35 49 42 53 62 61 98 44 68 89 96 58 61 63 103 94 88 93 2 79 57 97 35 84 64 95 72 38 51 80 25 56 67 60 87 41 25 68 108 76 33 83 29 88 62 7 36 83 68 92 72 51 33 74 83 36 95 10 59 57 60 43 38 70 92 37 60 62 98 67 53 85 52 115 70 100 109 75 92 55 85 25 95 59 41 84 75 48 
34 44 77 42 29 53 54 51 38 62 12 75 57 57 90 68 36 42 67 41 31 76 16 18 17 51 53 77 42 25 0 17 37 49 42 60 53 63 62 84 18 77 46 57 51 66 28 33 32 37 72 59 76 71 52 37 78 28 37 40 30 53 16 37 18 33 40 42 78 45 43 76 71 56 44 43 79 74 68 74 27 65 37 71 12 59 50 80 48 12 48 54 1 31 52 47 61 23 39 45 83 56 30 73 35 63 47 18 44 58 43 80 51 35 12 55 58 46 70 21 41 41 36 24 18 58 68 12 40 43 87 43 28 60 29 90 45 76 84 66 82 30 62 21 73 56 46 63 51 24 
28 28 71 27 17 36 69 46 24 57 24 72 56 61 87 57 26 45 66 39 45 59 11 1 6 34 68 64 42 32 17 0 24 37 44 47 67 66 52 68 7 61 36 53 50 57 14 44 26 24 71 59 65 66 39 45 62 16 38 29 41 40 5 54 17 20 51 54 65 31 49 60 72 39 59 31 72 61 55 61 34 49 24 71 25 55 34 65 41 20 31 57 18 39 67 30 62 9 33 54 79 44 17 56 25 58 63 27 33 60 48 63 62 50 27 42 62 36 65 33 27 25 31 38 7 41 62 15 52 30 71 37 31 59 40 87 49 68 80 49 65 31 53 12 62 40 34 51 60 33 
18 12 86 32 33 21 92 64 34 74 39 91 76 84 105 68 11 68 86 60 68 54 21 23 20 31 90 72 64 37 37 24 0 49 66 54 90 89 63 61 18 57 50 71 70 68 10 68 17 2 91 79 73 82 47 69 58 34 32 43 65 50 29 75 41 35 75 78 71 8 73 54 94 21 82 43 86 68 63 64 39 46 37 91 48 74 33 62 58 44 14 80 39 63 90 29 83 28 20 78 97 54 7 48 10 76 85 36 12 82 71 58 86 73 49 48 84 15 83 44 36 30 52 61 30 37 79 39 76 40 61 55 55 80 64 105 72 82 97 38 55 53 66 16 73 21 10 61 84 57 
62 42 37 17 20 42 83 20 15 27 60 44 35 51 57 20 58 38 43 24 61 38 48 37 43 26 81 28 30 70 49 37 49 0 35 12 78 52 14 46 44 38 5 26 29 19 43 54 61 50 46 38 27 34 6 47 38 21 74 9 52 5 34 76 32 16 58 64 29 52 47 40 53 49 72 6 36 25 19 27 72 29 13 47 49 28 23 38 13 41 44 45 50 44 82 25 43 28 67 54 49 7 45 41 57 29 79 64 61 45 43 41 66 68 52 11 49 65 35 69 12 19 19 58 31 28 30 37 63 9 52 14 35 38 51 58 42 32 48 42 49 30 17 47 25 48 58 14 58 44 
72 66 41 46 35 70 50 19 39 27 53 34 15 18 49 44 71 2 25 10 34 74 53 44 50 57 49 55 5 67 42 44 66 35 0 46 45 22 39 82 51 73 30 21 13 41 57 24 70 67 30 17 52 35 42 14 74 34 79 31 24 40 39 50 27 35 26 32 58 72 12 76 29 76 41 34 45 53 49 60 69 64 36 29 34 23 55 74 24 29 69 13 42 15 51 55 19 38 77 19 43 39 60 76 70 27 48 60 77 16 7 77 31 40 36 47 17 80 32 62 40 46 17 34 37 61 32 31 31 39 88 20 14 18 23 48 6 44 44 75 84 13 37 56 48 76 77 43 23 21 
70 46 36 22 31 43 95 28 23 31 71 48 42 60 57 14 64 48 48 35 73 30 58 46 52 26 93 17 40 79 60 47 54 12 46 0 90 60 12 37 53 28 16 32 38 16 50 66 68 56 51 45 18 35 8 58 28 32 82 20 64 7 45 88 44 27 70 76 18 55 58 32 59 49 84 17 34 14 8 15 81 22 23 52 61 33 23 28 22 52 46 54 61 55 94 26 50 38 74 65 50 6 52 34 63 33 90 74 66 53 53 32 77 80 64 7 57 70 38 80 20 24 31 70 42 24 33 48 75 17 43 25 47 44 62 59 52 29 48 37 41 42 16 56 18 49 63 7 69 56 
87 95 83 83 69 102 7 65 77 71 58 71 56 40 84 89 89 42 61 55 22 116 70 68 70 95 6 101 50 70 53 67 90 78 45 90 0 46 84 124 72 116 73 65 57 86 81 25 85 90 65 57 97 77 84 31 116 67 86 72 27 83 63 23 53 71 19 14 103 98 33 117 57 107 9 75 88 99 94 104 71 105 74 63 42 66 93 117 68 47 99 44 52 34 8 91 53 68 92 26 80 83 83 116 88 70 10 65 98 47 38 119 16 19 41 89 44 99 73 61 79 83 58 29 63 100 75 53 15 79 129 64 43 57 28 82 39 88 82 112 125 48 82 75 93 107 100 88 26 36 
94 87 39 66 56 91 53 32 60 32 73 26 17 6 38 53 93 21 17 30 45 90 75 67 72 77 52 64 25 88 63 66 89 52 22 60 46 0 50 97 73 88 47 28 22 50 79 35 92 89 19 15 60 35 58 27 89 55 100 51 37 56 61 60 49 56 32 38 67 94 20 92 11 97 46 53 45 63 61 72 89 81 57 17 53 28 74 88 39 50 90 8 62 31 54 75 10 60 99 23 34 54 82 93 92 30 53 81 99 7 19 92 30 49 55 63 4 102 30 81 60 67 38 49 59 80 33 53 38 58 104 38 35 16 37 36 18 47 37 94 101 35 47 78 56 97 99 55 20 39 
77 56 24 31 35 54 90 19 29 19 73 36 32 51 45 6 73 42 37 29 70 41 63 51 58 37 88 16 33 84 62 52 63 14 39 12 84 50 0 47 59 39 16 21 29 5 57 61 75 65 39 34 14 23 16 53 39 35 89 23 60 13 48 85 45 31 65 71 18 65 51 43 48 60 80 21 23 14 10 21 86 34 28 40 61 22 34 37 16 53 57 45 63 51 89 37 40 42 82 59 38 9 60 46 71 21 86 78 75 44 47 43 70 76 64 18 48 79 26 83 27 33 28 68 45 36 21 50 70 23 54 20 43 34 59 47 45 18 36 50 52 39 4 62 11 60 72 5 61 54 
79 49 69 42 57 40 128 65 48 67 92 83 79 97 90 46 72 85 85 71 105 8 75 66 71 33 127 39 76 96 84 68 61 46 82 37 124 97 47 0 70 8 51 69 75 49 62 99 78 63 87 82 44 69 40 93 8 58 93 52 97 42 68 118 73 54 104 110 36 57 94 7 95 43 118 48 65 38 37 28 98 19 50 88 89 70 34 11 59 81 47 91 85 89 128 37 87 61 81 101 83 43 62 13 71 69 123 93 69 90 90 5 112 112 92 35 94 72 73 100 46 43 66 101 66 26 68 76 108 45 7 61 80 81 96 92 89 60 81 23 8 76 51 71 47 42 64 42 105 89 
20 26 78 32 24 35 73 53 30 65 22 80 63 68 95 64 19 52 74 47 49 62 5 7 2 37 71 71 50 27 18 7 18 44 51 53 72 73 59 70 0 64 43 60 57 63 10 50 18 18 79 66 71 73 45 51 65 23 30 36 47 47 13 56 24 27 57 59 71 26 56 62 80 37 63 38 79 67 61 66 29 52 31 78 29 63 37 68 49 26 29 65 20 45 71 33 69 16 26 60 87 50 12 58 18 66 66 22 27 67 55 66 68 54 30 47 69 29 73 29 32 30 39 42 15 44 70 21 57 36 73 45 38 67 46 95 56 76 87 50 67 38 60 4 69 38 28 58 66 39 
75 45 61 34 49 37 120 56 40 58 86 74 70 88 82 38 68 76 76 62 97 4 69 60 65 27 118 31 67 91 77 61 57 38 73 28 116 88 39 8 64 0 43 60 66 41 57 91 74 59 78 73 36 61 31 85 1 50 89 43 89 33 61 110 65 46 96 101 28 54 85 5 87 41 109 40 57 30 29 20 93 11 42 79 82 61 27 5 50 73 43 82 78 81 119 30 78 54 77 92 75 34 58 12 67 60 115 87 66 81 81 4 104 103 84 26 85 69 64 94 38 36 57 93 59 20 59 68 100 36 15 52 72 73 87 84 80 52 73 21 14 67 42 65 39 40 61 33 96 80 
62 44 36 19 19 45 78 16 15 24 57 42 31 46 55 22 58 33 39 19 56 43 47 35 42 30 77 31 25 68 46 36 50 5 30 16 73 47 16 51 43 43 0 22 25 20 43 49 60 51 43 34 30 32 11 42 43 19 73 7 47 9 32 71 29 15 53 59 32 53 42 45 49 51 68 6 36 28 22 31 70 34 13 43 45 25 27 43 9 37 46 40 47 39 78 28 39 26 67 49 47 10 45 45 57 26 74 62 62 40 38 46 61 63 48 16 44 65 33 66 14 21 15 53 29 32 28 34 58 11 57 9 30 34 46 55 37 32 46 46 54 26 17 47 27 51 60 17 53 40 
81 66 20 42 38 67 71 7 37 6 69 20 10 29 34 25 78 23 17 15 55 62 63 53 59 52 70 36 17 82 57 53 71 26 21 32 65 28 21 69 60 60 22 0 8 21 63 45 79 72 20 13 32 14 32 35 60 37 90 28 45 29 48 71 39 35 47 53 39 75 32 64 27 74 62 29 24 35 32 43 83 53 34 21 51 2 49 59 13 45 68 24 57 36 72 50 18 44 86 39 26 26 66 65 77 6 69 75 83 22 27 64 50 61 54 36 26 86 13 78 36 43 21 55 45 54 11 44 52 33 75 15 31 12 44 34 26 23 27 68 73 28 18 65 28 74 81 26 41 41 
78 67 28 44 36 69 63 9 38 14 63 23 6 22 38 33 76 15 16 10 47 67 60 50 56 55 62 44 9 77 51 50 70 29 13 38 57 22 29 75 57 66 25 8 0 29 61 37 76 71 21 9 40 22 36 27 66 36 86 29 37 33 44 63 34 35 38 44 47 75 23 69 24 75 54 31 32 43 39 50 78 58 35 21 45 10 52 65 16 39 69 16 52 28 63 53 14 42 83 31 31 31 64 70 74 14 61 70 81 15 19 70 42 53 48 40 19 85 19 72 38 45 18 47 42 57 19 39 44 36 81 16 24 9 36 38 17 32 32 71 78 21 26 62 36 75 80 33 32 33 
82 60 20 36 39 58 92 21 34 18 78 33 32 51 41 3 78 43 35 31 73 44 68 56 63 42 90 14 35 89 66 57 68 19 41 16 86 50 5 49 63 41 20 21 29 0 62 64 80 70 37 34 11 20 21 55 41 40 94 27 63 18 53 88 49 36 67 73 17 70 53 46 46 65 82 25 18 13 12 22 91 37 33 38 65 22 39 39 19 57 62 45 67 54 92 42 39 47 87 60 34 14 65 49 76 20 89 82 80 44 48 45 71 79 68 22 48 84 23 87 32 38 32 71 50 40 18 54 72 28 56 24 47 33 61 43 46 13 32 53 55 42 4 67 7 65 77 8 62 57 
20 16 79 27 25 25 82 55 28 66 32 83 67 74 97 62 15 58 77 50 58 54 14 13 11 30 81 67 54 33 28 14 10 43 57 50 81 79 57 62 10 57 43 63 61 62 0 58 18 10 82 70 68 75 42 59 58 25 32 36 55 44 19 66 31 27 65 68 67 17 63 55 85 27 72 37 79 64 58 61 35 46 29 82 39 65 31 62 50 34 19 70 30 53 81 27 74 18 24 68 89 48 3 50 14 68 76 30 20 73 61 58 76 63 40 43 75 23 75 38 30 25 42 52 20 37 71 29 66 34 64 47 45 71 54 97 62 75 89 41 58 44 60 8 67 28 20 55 74 47 
67 71 65 58 44 78 29 43 52 51 41 56 39 29 71 67 69 22 47 32 10 91 49 45 48 70 27 78 28 55 33 44 68 54 24 66 25 35 61 99 50 91 49 45 37 64 58 0 65 68 51 40 75 59 60 10 91 43 70 47 3 59 40 26 29 46 7 10 80 75 15 92 46 83 18 50 69 76 71 80 56 80 49 50 21 47 68 92 45 24 75 29 32 10 28 66 39 44 72 13 65 59 61 91 68 51 25 49 77 33 19 94 18 16 22 65 32 79 56 47 54 58 34 13 39 75 56 29 9 54 104 41 19 41 4 69 21 69 67 87 100 23 60 54 71 83 78 64 19 11 
2 29 96 46 41 38 85 72 46 83 28 99 82 86 113 81 7 71 93 65 63 71 17 26 20 47 83 86 68 21 32 26 17 61 70 68 85 92 75 78 18 74 60 79 76 80 18 65 0 15 97 85 87 92 60 68 75 41 15 53 62 63 31 66 42 45 72 74 86 23 74 71 99 37 76 54 97 83 77 79 23 63 47 97 44 82 48 79 67 42 31 83 33 62 83 44 88 34 7 77 106 67 16 65 7 84 78 22 15 86 73 75 83 66 44 62 87 15 91 30 48 44 58 56 34 54 88 39 72 52 79 63 56 86 61 114 74 93 106 55 73 56 77 14 85 38 19 74 83 55 
16 14 87 34 34 23 91 65 36 75 37 92 77 85 106 70 9 68 87 60 67 56 21 23 20 33 90 73 64 35 37 24 2 50 67 56 90 89 65 63 18 59 51 72 71 70 10 68 15 0 92 80 75 83 49 69 60 34 30 44 65 52 29 74 41 36 75 77 73 9 73 56 95 22 81 45 87 70 65 66 37 48 38 92 48 75 35 64 59 44 16 81 38 63 89 31 84 28 18 78 98 56 7 50 8 77 84 34 10 83 72 60 86 72 49 49 85 14 84 42 38 32 52 61 30 39 80 39 75 41 63 56 55 80 64 107 72 83 98 40 57 54 67 15 74 23 10 63 84 57 
100 87 21 63 57 88 72 27 58 20 84 6 15 25 19 40 97 31 5 32 61 80 81 71 77 72 71 50 29 97 72 71 91 46 30 51 65 19 39 87 79 78 43 20 21 37 82 51 97 92 0 12 45 18 52 41 78 57 108 48 52 49 66 77 55 55 50 56 53 95 35 82 10 95 65 49 27 50 49 59 99 73 55 2 64 18 69 76 34 59 89 22 72 44 73 71 12 63 105 41 15 46 85 85 96 18 72 90 102 18 32 82 49 67 67 56 21 106 14 92 57 64 39 63 63 74 18 60 56 54 93 35 44 12 51 18 30 30 17 88 91 42 35 83 41 94 101 44 39 51 
87 76 26 53 46 78 63 18 47 16 71 16 3 18 31 38 85 18 7 19 50 75 69 59 65 64 62 49 16 85 59 59 79 38 17 45 57 15 34 82 66 73 34 13 9 34 70 40 85 80 12 0 44 20 44 30 73 45 95 38 40 41 53 66 43 44 40 46 52 84 25 77 15 85 55 40 31 48 45 56 86 66 44 12 51 12 61 72 25 47 79 13 59 32 64 62 5 51 92 31 25 39 73 78 84 14 62 78 91 10 21 77 41 56 54 48 14 94 16 79 47 54 27 51 51 66 18 48 46 45 88 25 31 1 40 30 19 32 27 80 86 29 31 71 40 85 90 39 31 39 
89 64 25 41 48 60 103 32 41 28 87 40 43 62 46 8 83 55 44 43 84 39 75 64 70 44 101 5 46 97 76 65 73 27 52 18 97 60 14 44 71 36 30 32 40 11 68 75 87 75 45 44 0 27 26 66 36 48 101 36 74 24 61 99 59 44 78 84 8 74 64 41 55 67 93 33 21 6 10 16 99 35 40 47 75 32 41 33 30 67 65 56 77 65 103 45 49 55 93 71 39 20 71 46 82 29 100 91 85 54 59 40 82 90 78 25 58 89 31 96 38 43 42 82 58 41 26 64 83 35 51 34 57 43 73 48 57 16 37 52 50 53 15 74 4 66 82 13 73 68 
94 76 6 51 50 76 83 20 48 8 83 13 20 38 23 23 90 37 18 30 69 64 77 66 72 59 82 32 31 96 71 66 82 34 35 35 77 35 23 69 73 61 32 14 22 20 75 59 92 83 18 20 27 0 38 49 61 50 104 39 59 35 61 85 53 47 59 66 35 85 44 66 28 82 75 38 10 32 32 41 98 57 45 20 66 12 56 59 24 59 78 33 72 50 84 59 24 57 99 51 15 31 77 69 89 8 82 89 94 30 40 65 61 75 69 41 34 98 4 92 46 53 35 69 58 59 3 59 65 43 76 28 46 19 58 24 38 12 14 73 75 42 19 77 23 82 92 28 51 55 
62 39 40 15 23 38 89 26 15 32 63 50 41 57 61 20 57 44 49 31 67 32 50 38 44 21 87 25 36 71 52 39 47 6 42 8 84 58 16 40 45 31 11 32 36 21 42 60 60 49 52 44 26 38 0 53 32 24 75 13 58 3 37 81 37 19 65 70 26 49 53 34 59 44 78 9 39 22 16 22 73 22 15 53 54 34 18 32 19 45 40 52 53 50 88 21 49 30 66 61 53 7 44 34 56 34 85 66 59 51 49 35 72 73 56 5 55 63 40 72 12 17 26 63 34 22 35 41 69 9 46 21 41 44 57 62 48 34 52 36 42 36 19 48 25 44 56 13 65 50 
70 70 55 54 41 76 36 34 47 41 47 46 29 20 61 58 71 12 37 23 20 85 51 46 49 66 35 69 19 61 37 45 69 47 14 58 31 27 53 93 51 85 42 35 27 55 59 10 68 69 41 30 66 49 53 0 85 39 75 41 10 52 40 36 28 42 11 17 72 76 6 87 37 81 26 45 59 67 63 73 63 75 45 40 26 37 63 86 37 25 73 20 37 6 36 63 29 42 76 9 55 52 62 86 70 41 33 54 78 24 9 88 19 26 28 58 23 81 46 54 49 54 27 22 39 71 46 30 17 49 99 33 14 31 10 60 11 59 57 84 95 17 51 55 62 81 79 56 15 13 
76 46 61 35 50 38 120 56 41 58 86 74 71 89 82 38 69 76 76 63 98 5 70 61 65 28 119 31 68 92 78 62 58 38 74 28 116 89 39 8 65 1 43 60 66 41 58 91 75 60 78 73 36 61 32 85 0 51 90 44 89 33 62 111 66 46 96 102 28 55 85 6 87 42 110 41 57 30 29 20 94 12 43 80 83 61 28 5 50 74 44 83 79 82 120 31 79 55 78 93 75 34 59 12 68 60 116 88 67 82 81 4 104 104 85 27 86 70 64 95 38 37 58 93 59 21 59 69 101 37 15 53 72 73 88 84 80 52 73 22 14 68 43 66 39 41 62 34 97 81 
43 32 54 16 1 36 71 30 10 41 39 58 42 52 72 41 40 36 52 26 47 50 27 16 22 27 69 49 30 48 28 16 34 21 34 32 67 55 35 58 23 50 19 37 36 40 25 43 41 34 57 45 48 50 24 39 51 0 54 12 40 25 13 60 14 5 49 53 50 39 42 51 60 42 60 15 55 46 40 46 50 39 9 57 31 40 25 53 25 23 35 47 29 34 70 23 49 7 48 48 64 28 28 48 39 43 65 42 45 49 40 53 58 53 34 27 51 48 50 48 13 15 18 42 10 33 46 17 52 15 63 22 25 46 39 72 40 52 64 44 57 22 37 27 46 42 44 35 54 31 
14 44 109 60 54 53 85 83 60 95 28 110 92 94 125 94 21 79 103 76 65 86 27 38 31 62 84 100 78 16 37 38 32 74 79 82 86 100 89 93 30 89 73 90 86 94 32 70 15 30 108 95 101 104 75 75 90 54 0 66 67 77 42 65 52 58 76 77 100 37 81 86 108 51 77 68 110 97 91 94 16 78 61 107 48 93 63 94 79 49 46 92 38 69 83 59 98 47 13 82 117 81 31 80 22 96 78 21 26 95 81 90 87 67 47 76 95 24 103 26 62 58 69 58 45 69 100 47 75 66 93 75 65 96 66 125 82 106 117 70 87 66 91 26 99 52 31 88 89 61 
55 38 43 15 12 40 76 21 9 31 51 48 35 48 61 28 51 34 44 21 53 44 40 28 35 26 75 37 26 61 40 29 43 9 31 20 72 51 23 52 36 43 7 28 29 27 36 47 53 44 48 38 36 39 13 41 44 12 66 0 45 13 25 68 23 8 52 58 38 47 42 45 53 46 65 3 43 34 28 35 63 33 6 49 40 30 23 45 14 32 40 43 41 37 75 24 43 19 60 49 53 16 38 44 50 32 71 55 55 44 39 47 60 60 43 18 47 59 39 60 9 16 14 50 22 30 35 28 56 7 57 13 28 38 43 62 38 39 53 43 53 24 24 39 33 46 53 23 54 37 
64 68 65 56 41 75 31 42 49 51 38 57 39 30 72 66 66 22 47 31 10 89 46 42 45 67 29 77 28 53 30 41 65 52 24 64 27 37 60 97 47 89 47 45 37 63 55 3 62 65 52 40 74 59 58 10 89 40 67 45 0 57 37 26 26 44 10 13 79 72 17 90 47 80 20 48 69 74 69 79 54 78 47 50 18 47 65 90 44 21 72 30 29 9 30 64 40 41 70 15 66 58 58 88 65 51 26 46 74 34 19 92 21 16 19 63 33 76 56 45 51 56 32 11 37 73 56 26 11 52 102 39 17 41 1 70 21 68 68 85 97 21 59 51 70 80 75 63 21 8 
64 42 37 17 24 41 88 23 17 29 64 46 38 55 58 18 59 43 46 29 66 34 51 40 46 24 86 24 34 73 53 40 50 5 40 7 83 56 13 42 47 33 9 29 33 18 44 59 63 52 49 41 24 35 3 52 33 25 77 13 57 0 38 80 37 20 63 69 25 52 52 36 56 47 77 10 36 21 15 22 75 25 16 50 54 31 21 33 17 45 43 49 54 49 87 24 46 31 69 59 50 4 47 37 58 31 84 67 62 49 48 37 70 73 57 7 53 65 37 73 14 19 24 63 35 25 32 41 68 10 48 19 40 41 56 59 46 31 49 39 44 35 16 50 22 47 59 11 63 49 
33 31 66 26 14 39 65 41 22 52 26 67 50 56 82 54 32 40 61 34 41 59 15 6 11 35 64 62 37 35 16 5 29 34 39 45 63 61 48 68 13 61 32 48 44 53 19 40 31 29 66 53 61 61 37 40 62 13 42 25 37 38 0 51 12 18 46 50 63 36 44 60 67 43 55 28 68 59 53 59 37 49 22 65 22 50 34 64 37 16 35 52 17 34 64 31 56 7 39 49 75 41 22 57 31 54 59 29 39 55 43 63 57 47 24 40 56 41 61 35 25 25 26 35 3 42 58 10 48 28 72 33 26 54 35 82 43 64 75 51 66 25 49 17 59 43 39 48 55 28 
67 82 91 76 61 90 20 68 70 77 38 82 65 53 96 91 71 48 72 57 16 110 53 55 54 86 19 102 54 49 37 54 75 76 50 88 23 60 85 118 56 110 71 71 63 88 66 26 66 74 77 66 99 85 81 36 111 60 65 68 26 80 51 0 45 64 27 22 104 83 41 111 71 93 16 71 95 99 94 103 49 99 68 75 29 73 85 113 69 37 85 55 36 35 18 82 64 58 72 36 91 82 68 108 71 77 13 44 80 59 45 113 33 10 26 85 57 81 82 39 72 75 57 17 53 92 82 42 21 74 122 64 41 67 27 95 47 94 93 103 117 46 84 59 96 94 83 88 40 31 
45 42 59 31 16 49 56 33 25 44 30 58 40 44 73 51 44 28 50 24 32 64 26 18 22 41 55 60 26 42 18 17 41 32 27 44 53 49 45 73 24 65 29 39 34 49 31 29 42 41 55 43 59 53 37 28 66 14 52 23 26 37 12 45 0 19 35 39 61 48 32 66 56 54 46 27 61 57 51 59 44 54 23 55 17 42 40 68 30 8 46 40 18 22 55 38 45 14 50 37 66 39 34 63 43 45 51 35 51 43 31 68 46 38 19 41 44 53 52 39 27 30 18 27 11 48 50 5 38 29 77 25 14 43 25 73 31 58 66 59 72 13 45 29 56 54 51 46 43 17 
47 31 51 12 4 35 75 28 5 39 44 56 41 53 70 37 43 37 51 26 51 45 31 20 26 23 73 44 31 53 33 20 35 16 35 27 71 56 31 54 27 46 15 35 35 36 27 46 45 36 55 44 44 47 19 42 46 5 58 8 44 20 18 64 19 0 52 57 45 39 44 46 59 41 64 10 52 41 35 41 55 34 4 56 36 38 21 48 22 27 34 48 34 37 74 20 49 11 51 51 62 23 30 44 41 40 70 47 47 49 41 49 61 58 38 22 52 50 47 53 8 12 18 47 15 29 43 22 55 10 58 20 28 45 42 70 41 48 61 41 53 24 33 31 42 41 45 30 56 35 
74 78 65 64 50 85 25 45 57 52 48 56 39 26 69 70 76 23 46 35 13 96 56 52 55 76 23 81 31 62 40 51 75 58 26 70 19 32 65 104 57 96 53 47 38 67 65 7 72 75 50 40 78 59 65 11 96 49 76 52 10 63 46 27 35 52 0 6 83 82 15 98 43 89 15 55 70 79 74 85 63 86 55 48 28 48 74 97 49 31 82 28 39 15 25 72 38 50 79 9 65 64 68 96 75 52 22 55 84 32 19 99 11 17 29 70 29 86 56 53 59 64 38 18 46 81 57 36 6 59 110 45 24 41 11 68 21 70 67 94 105 28 63 61 74 90 85 68 14 18 
76 82 72 69 55 89 18 51 63 59 48 62 45 31 75 76 78 29 52 41 11 101 58 55 57 80 17 87 37 61 42 54 78 64 32 76 14 38 71 110 59 101 59 53 44 73 68 10 74 77 56 46 84 66 70 17 102 53 77 58 13 69 50 22 39 57 6 0 90 85 21 103 49 93 9 61 76 85 80 91 62 91 60 54 30 54 79 103 55 34 85 34 41 20 18 77 44 54 81 15 71 70 71 102 77 58 16 55 86 38 25 105 11 12 30 75 35 88 62 52 64 69 44 18 50 86 63 39 2 65 115 51 29 47 14 73 27 76 73 98 111 33 69 63 80 93 87 74 18 22 
87 61 33 39 49 56 108 38 41 35 89 48 50 69 54 14 81 61 52 48 88 32 76 64 71 41 107 3 52 98 78 65 71 29 58 18 103 67 18 36 71 28 32 39 47 17 67 80 86 73 53 52 8 35 26 72 28 50 100 38 79 25 63 104 61 45 83 90 0 71 70 34 63 62 98 35 29 4 10 8 99 30 41 55 78 39 38 25 34 70 61 63 79 70 108 42 57 56 91 78 47 22 69 39 80 37 105 92 82 61 65 32 89 95 81 24 65 86 39 98 38 42 46 86 60 36 34 66 89 35 43 39 62 51 77 56 64 24 45 46 42 57 21 74 12 62 79 15 80 72 
23 10 89 34 38 17 99 68 38 78 47 95 81 90 109 70 16 74 91 65 76 50 30 30 28 30 98 72 69 44 45 31 8 52 72 55 98 94 65 57 26 54 53 75 75 70 17 75 23 9 95 84 74 85 49 76 55 39 37 47 72 52 36 83 48 39 82 85 71 0 80 50 99 14 90 47 88 69 64 64 46 44 40 96 56 78 33 59 62 51 10 86 47 70 98 29 88 34 24 85 101 56 14 44 15 80 93 43 12 88 78 54 93 80 57 48 90 15 86 51 39 32 57 69 37 35 82 46 83 43 57 60 62 85 71 109 78 84 100 34 51 60 68 24 74 15 7 62 91 64 
76 74 50 56 43 79 39 31 49 37 53 41 24 14 55 56 76 9 31 22 25 85 56 50 54 68 38 67 17 68 43 49 73 47 12 58 33 20 51 94 56 85 42 32 23 53 63 15 74 73 35 25 64 44 53 6 85 42 81 42 17 52 44 41 32 44 15 21 70 80 0 87 30 84 30 45 55 65 61 72 69 75 46 34 32 33 65 85 36 31 77 13 43 11 39 65 23 46 81 7 50 51 66 87 74 37 37 61 83 18 4 89 19 31 34 58 16 85 41 60 50 56 28 28 43 72 42 35 21 50 99 32 18 26 16 54 6 55 52 85 95 20 49 60 60 84 83 55 11 19 
72 42 66 35 49 33 121 59 41 62 84 79 74 91 87 43 65 78 80 65 98 2 68 59 63 26 120 37 70 89 76 60 54 40 76 32 117 92 43 7 62 5 45 64 69 46 55 92 71 56 82 77 41 66 34 87 6 51 86 45 90 36 60 111 66 46 98 103 34 50 87 0 91 37 111 42 62 35 34 25 91 12 43 84 82 65 26 11 53 74 40 86 78 83 120 29 82 53 74 95 80 37 55 6 64 64 116 85 62 85 83 4 106 104 84 29 89 65 69 92 38 36 59 93 58 18 64 68 101 38 12 55 73 76 89 89 82 57 78 17 9 69 47 63 44 36 57 38 99 82 
101 91 32 68 61 93 64 33 62 28 82 17 18 17 27 50 99 29 10 34 56 89 82 73 78 79 63 60 30 96 71 72 94 53 29 59 57 11 48 95 80 87 49 27 24 46 85 46 99 95 10 15 55 28 59 37 87 60 108 53 47 56 67 71 56 59 43 49 63 99 30 91 0 100 57 55 38 59 58 69 98 80 60 8 62 25 76 85 40 58 94 17 71 41 65 77 10 66 106 34 24 53 88 93 98 26 64 89 105 13 28 91 41 61 64 63 14 108 24 90 62 69 42 59 65 81 28 60 49 60 102 40 43 15 47 25 27 41 27 95 100 42 44 85 51 100 104 53 31 49 
37 11 85 32 41 6 109 67 37 76 59 93 82 94 106 64 30 78 91 67 85 37 41 38 39 23 107 64 72 58 56 39 21 49 76 49 107 97 60 43 37 41 51 74 75 65 27 83 37 22 95 85 67 82 44 81 42 42 51 46 80 47 43 93 54 41 89 93 62 14 84 37 100 0 98 45 83 61 56 54 60 33 40 95 65 76 26 47 60 59 8 89 57 75 107 23 89 39 38 90 98 51 26 30 30 78 102 57 26 90 82 41 100 90 67 42 93 29 84 65 37 30 59 78 43 26 79 53 91 40 43 59 67 85 79 107 82 79 97 20 37 64 64 36 67 1 21 57 96 71 
78 87 81 76 62 94 10 60 70 68 49 71 54 40 84 85 80 38 61 50 13 109 61 60 61 87 9 96 46 61 44 59 82 72 41 84 9 46 80 118 63 109 68 62 54 82 72 18 76 81 65 55 93 75 78 26 110 60 77 65 20 77 55 16 46 64 15 9 98 90 30 111 57 98 0 69 85 94 89 99 62 99 67 63 33 64 86 111 64 39 90 43 43 28 10 84 53 60 83 24 80 78 75 109 80 67 7 56 89 47 34 113 17 10 32 83 44 90 71 52 72 76 53 20 55 93 72 45 9 72 123 59 37 56 21 82 36 86 82 105 118 42 78 66 89 99 91 83 26 29 
56 38 42 13 14 38 79 22 9 31 54 48 37 51 61 26 52 37 45 24 57 40 42 30 37 24 78 34 29 63 43 31 43 6 34 17 75 53 21 48 38 40 6 29 31 25 37 50 54 45 49 40 33 38 9 45 41 15 68 3 48 10 28 71 27 10 55 61 35 47 45 42 55 45 69 0 42 31 25 32 65 30 7 50 44 31 21 42 15 35 39 45 44 41 79 22 45 21 61 53 53 13 39 41 51 33 75 57 55 46 42 43 64 64 47 14 49 59 39 63 7 14 17 53 25 27 35 31 60 5 54 15 31 40 47 62 41 38 53 41 50 27 23 41 31 45 53 20 57 40 
99 79 5 53 55 77 94 28 51 18 91 21 31 49 25 20 95 47 28 39 79 60 83 71 78 60 93 26 41 103 79 72 86 36 45 34 88 45 23 65 79 57 36 24 32 18 79 69 97 87 27 31 21 10 39 59 57 55 110 43 69 36 68 95 61 52 70 76 29 88 55 62 38 83 85 42 0 27 28 37 105 55 49 29 75 22 57 54 30 68 80 44 80 60 95 60 35 62 103 62 18 32 82 66 93 18 92 96 98 41 50 61 72 85 78 41 45 101 14 100 49 55 43 79 64 59 13 66 76 45 72 35 55 30 68 27 49 5 16 71 71 51 19 83 18 83 95 26 62 65 
84 59 31 36 45 55 104 34 37 31 85 45 46 65 52 10 79 56 49 43 84 33 72 61 67 39 103 3 48 94 74 61 68 25 53 14 99 63 14 38 67 30 28 35 43 13 64 76 83 70 50 48 6 32 22 67 30 46 97 34 74 21 59 99 57 41 79 85 4 69 65 35 59 61 94 31 27 0 6 10 96 29 37 52 74 35 36 27 30 65 59 59 75 65 104 40 53 52 88 73 45 18 66 39 77 33 101 88 80 57 61 34 84 91 77 21 61 84 36 94 34 39 42 81 56 35 31 62 84 31 45 34 57 47 73 54 59 22 43 46 44 53 16 70 9 60 76 11 75 68 
78 54 32 30 39 50 99 30 31 30 79 45 43 62 53 9 73 52 47 39 79 32 66 54 61 33 98 9 44 88 68 55 63 19 49 8 94 61 10 37 61 29 22 32 39 12 58 71 77 65 49 45 10 32 16 63 29 40 91 28 69 15 53 94 51 35 74 80 10 64 61 34 58 56 89 25 28 6 0 10 90 26 31 50 68 33 31 27 25 60 54 56 69 60 99 34 51 46 82 69 46 12 60 37 72 31 96 82 74 54 57 33 80 85 71 15 59 78 35 88 28 33 37 76 50 31 30 56 79 25 44 30 52 45 68 55 55 23 44 43 43 48 14 64 11 56 71 6 72 62 
81 54 41 34 45 48 109 41 37 40 85 55 54 73 62 18 75 62 58 49 88 23 71 60 66 33 108 11 54 93 74 61 64 27 60 15 104 72 21 28 66 20 31 43 50 22 61 80 79 66 59 56 16 41 22 73 20 46 94 35 79 22 59 103 59 41 85 91 8 64 72 25 69 54 99 32 37 10 10 0 95 21 37 61 76 44 31 17 36 68 53 67 75 70 109 35 61 52 84 79 55 21 63 30 74 42 106 88 75 65 67 24 91 95 79 19 69 79 45 94 34 36 46 85 56 28 40 63 89 31 35 40 62 55 78 64 66 32 53 38 34 57 25 68 19 53 71 17 82 72 
24 50 103 61 51 60 69 77 58 89 15 102 84 83 117 92 30 69 94 68 50 90 24 35 29 65 68 99 69 2 27 34 39 72 69 81 71 89 86 98 29 93 70 83 78 91 35 56 23 37 99 86 99 98 73 63 94 50 16 63 54 75 37 49 44 55 63 62 99 46 69 91 98 60 62 65 105 96 90 95 0 81 59 98 36 86 66 97 74 39 53 81 26 57 67 62 88 43 26 69 110 78 35 85 30 90 62 8 38 84 70 94 73 52 34 76 85 37 96 10 61 59 62 44 40 72 94 39 60 64 100 69 55 87 53 117 71 102 110 77 94 57 87 27 97 61 42 86 76 49 
64 35 58 23 38 28 109 48 29 53 74 70 63 80 79 34 57 67 70 53 86 10 58 48 53 16 108 31 59 79 65 49 46 29 64 22 105 81 34 19 52 11 34 53 58 37 46 80 63 48 73 66 35 57 22 75 12 39 78 33 78 25 49 99 54 34 86 91 30 44 75 12 80 33 99 30 55 29 26 21 81 0 31 74 70 55 15 16 42 62 34 74 67 71 108 19 71 42 67 83 71 27 47 12 56 55 104 75 56 74 72 14 94 92 73 17 78 60 60 82 26 24 47 81 47 9 55 57 89 26 24 43 61 66 77 81 71 50 70 17 20 57 38 54 37 33 52 29 87 70 
49 31 49 9 8 34 78 27 3 37 48 55 41 54 68 33 45 39 51 27 55 41 35 23 30 21 77 40 32 57 37 24 37 13 36 23 74 57 28 50 31 42 13 34 35 33 29 49 47 38 55 44 40 45 15 45 43 9 61 6 47 16 22 68 23 4 55 60 41 40 46 43 60 40 67 7 49 37 31 37 59 31 0 55 40 37 18 44 21 31 34 49 38 40 77 18 49 15 54 53 60 19 32 41 43 39 73 51 49 50 43 45 64 61 42 18 53 52 46 57 4 10 19 50 19 26 42 26 59 6 55 19 31 45 46 69 43 45 60 39 50 27 30 34 38 40 46 27 58 38 
99 87 24 63 57 89 70 27 58 21 83 8 15 23 21 42 97 30 4 31 60 82 81 71 77 73 69 52 29 97 71 71 91 47 29 52 63 17 40 88 78 79 43 21 21 38 82 50 97 92 2 12 47 20 53 40 80 57 107 49 50 50 65 75 55 56 48 54 55 96 34 84 8 95 63 50 29 52 50 61 98 74 55 0 63 19 70 78 34 58 89 20 71 43 71 72 10 63 104 39 17 47 85 86 96 19 70 90 102 16 31 83 47 65 66 57 19 106 16 91 57 65 39 62 63 75 20 60 54 55 95 36 43 11 50 19 29 32 19 89 93 41 36 83 43 95 101 45 37 50 
46 54 72 47 32 62 43 46 41 57 20 68 49 46 83 67 48 33 59 36 19 81 28 27 27 57 42 76 35 35 12 25 48 49 34 61 42 53 61 89 29 82 45 51 45 65 39 21 44 48 64 51 75 66 54 26 83 31 48 40 18 54 22 29 17 36 28 30 78 56 32 82 62 65 33 44 75 74 68 76 36 70 40 63 0 54 56 85 46 8 57 45 11 21 42 53 53 29 51 34 76 56 41 79 47 58 37 28 56 48 33 85 39 24 3 58 48 58 64 28 44 46 33 13 24 64 63 13 28 46 94 41 20 52 18 82 35 73 78 74 88 23 61 33 72 66 57 62 40 13 
84 69 18 44 40 70 73 10 40 4 72 17 10 29 31 25 81 25 15 18 57 63 66 55 62 54 71 36 19 84 59 55 74 28 23 33 66 28 22 70 63 61 25 2 10 22 65 47 82 75 18 12 32 12 34 37 61 40 93 30 47 31 50 73 42 38 48 54 39 78 33 65 25 76 64 31 22 35 33 44 86 55 37 19 54 0 51 60 16 47 71 24 60 38 73 53 17 47 89 40 24 28 68 67 79 4 71 78 85 21 29 65 51 63 57 38 26 89 10 80 39 46 24 57 48 56 9 47 54 36 77 18 33 11 46 32 27 22 24 70 74 30 19 67 28 76 84 27 41 43 
50 23 59 9 24 19 96 43 16 50 58 68 58 72 79 37 43 57 66 44 72 25 42 32 37 3 95 39 50 64 50 34 33 23 55 23 93 74 34 34 37 27 27 49 52 39 31 68 48 35 69 61 41 56 18 63 28 25 63 23 65 21 34 85 40 21 74 79 38 33 65 26 76 26 86 21 57 36 31 31 66 15 18 70 56 51 0 31 36 48 23 66 51 59 95 4 66 27 53 72 71 25 32 23 42 52 91 60 44 67 62 29 83 79 58 16 70 47 58 66 14 9 37 67 32 7 53 42 77 16 37 36 49 61 64 80 61 52 70 20 32 46 38 39 41 25 40 30 77 57 
80 50 58 38 52 42 121 56 43 57 89 72 70 88 79 35 73 76 74 63 99 10 73 64 69 32 120 28 68 95 80 65 62 38 74 28 117 88 37 11 68 5 43 59 65 39 62 92 79 64 76 72 33 59 32 86 5 53 94 45 90 33 64 113 68 48 97 103 25 59 85 11 85 47 111 42 54 27 27 17 97 16 44 78 85 60 31 0 50 76 49 82 82 82 121 35 77 57 82 93 72 34 63 17 72 59 117 91 71 81 81 8 104 106 87 27 85 75 62 98 40 39 58 95 62 25 57 71 101 39 18 53 73 72 89 81 80 49 70 27 18 69 41 70 36 46 67 32 97 82 
69 53 29 28 25 54 74 7 24 16 60 33 22 38 47 21 65 26 30 13 54 51 52 41 48 39 72 32 18 72 48 41 58 13 24 22 68 39 16 59 49 50 9 13 16 19 50 45 67 59 34 25 30 24 19 37 50 25 79 14 44 17 37 69 30 22 49 55 34 62 36 53 40 60 64 15 30 30 25 36 74 42 21 34 46 16 36 50 0 38 55 32 49 35 73 37 30 32 74 43 39 15 53 54 64 18 70 65 70 32 31 54 55 60 49 24 36 73 25 69 23 30 13 52 34 41 21 36 54 20 65 5 27 25 43 47 30 28 38 55 62 23 15 53 26 60 68 19 46 38 
44 48 65 39 24 55 49 39 33 50 24 62 44 44 78 59 45 29 54 29 25 73 25 21 24 49 48 68 30 38 12 20 44 41 29 52 47 50 53 81 26 73 37 45 39 57 34 24 42 44 59 47 67 59 45 25 74 23 49 32 21 45 16 37 8 27 31 34 70 51 31 74 58 59 39 35 68 65 60 68 39 62 31 58 8 47 48 76 38 0 51 42 12 19 48 45 48 21 50 34 71 47 37 71 44 51 43 31 53 45 31 76 42 31 11 49 46 55 58 33 35 38 25 19 16 55 56 5 32 37 85 33 15 47 20 77 32 66 72 66 80 17 53 30 64 60 54 54 40 13 
32 3 81 26 34 7 101 61 31 71 51 88 75 87 101 60 25 71 85 60 76 40 33 30 31 20 99 62 65 51 48 31 14 44 69 46 99 90 57 47 29 43 46 68 69 62 19 75 31 16 89 79 65 78 40 73 44 35 46 40 72 43 35 85 46 34 82 85 61 10 77 40 94 8 90 39 80 59 54 53 53 34 34 89 57 71 23 49 55 51 0 82 49 68 99 19 83 31 34 83 93 48 18 34 24 73 94 49 22 83 75 44 92 82 59 39 86 25 79 57 32 25 52 70 35 25 75 45 83 35 47 53 59 79 71 102 75 75 92 24 41 57 60 28 65 8 18 53 88 63 
85 79 39 58 48 83 50 26 52 28 65 28 13 5 41 49 84 12 18 22 39 84 66 58 63 69 49 60 17 80 54 57 80 45 13 54 44 8 45 91 65 82 40 24 16 45 70 29 83 81 22 13 56 33 52 20 83 47 92 43 30 49 52 55 40 48 28 34 63 86 13 86 17 89 43 45 44 59 56 67 81 74 49 20 45 24 66 82 32 42 82 0 54 24 51 67 10 52 91 19 37 48 74 86 83 27 50 73 91 4 11 86 28 44 47 57 4 94 29 73 52 59 30 42 50 73 31 44 34 50 97 31 26 13 30 40 9 45 39 86 94 26 42 69 52 89 90 50 18 31 
35 45 77 44 30 54 53 51 39 63 11 75 57 56 90 69 37 42 67 42 30 77 17 19 18 52 51 78 43 25 1 18 39 50 42 61 52 62 63 85 20 78 47 57 52 67 30 32 33 38 72 59 77 72 53 37 79 29 38 41 29 54 17 36 18 34 39 41 79 47 43 78 71 57 43 44 80 75 69 75 26 67 38 71 11 60 51 82 49 12 49 54 0 31 51 48 61 24 40 44 83 57 32 74 36 63 46 18 45 58 43 81 50 34 11 57 58 47 70 20 42 42 37 23 19 59 68 13 39 44 89 44 28 60 29 90 44 77 84 68 83 30 63 23 74 58 47 64 51 23 
64 64 56 49 35 70 39 32 43 42 42 49 30 25 64 57 65 13 39 22 19 81 45 40 43 61 37 68 19 56 31 39 63 44 15 55 34 31 51 89 45 81 39 36 28 54 53 10 62 63 44 32 65 50 50 6 82 34 69 37 9 49 34 35 22 37 15 20 70 70 11 83 41 75 28 41 60 65 60 70 57 71 40 43 21 38 59 82 35 19 68 24 31 0 38 58 32 36 70 15 58 49 56 81 63 42 35 49 72 28 12 84 24 25 23 55 27 74 47 49 44 49 24 19 33 66 47 24 19 44 95 30 9 33 8 63 14 59 59 79 90 13 49 49 61 76 73 54 21 7 
85 96 90 86 71 103 2 70 79 77 55 79 63 48 92 95 88 48 69 60 23 119 68 69 69 97 2 106 56 67 52 67 90 82 51 94 8 54 89 128 71 119 78 72 63 92 81 28 83 89 73 64 103 84 88 36 120 70 83 75 30 87 64 18 55 74 25 18 108 98 39 120 65 107 10 79 95 104 99 109 67 108 77 71 42 73 95 121 73 48 99 51 51 38 0 94 61 69 89 32 88 88 83 119 87 77 5 62 96 55 44 123 24 17 40 93 52 98 80 57 82 85 63 29 65 103 82 54 19 82 132 69 47 65 31 90 46 95 90 115 128 52 88 74 99 108 99 93 34 38 
46 19 61 9 22 17 95 44 15 52 55 70 59 72 82 41 39 57 67 45 71 28 38 29 34 3 93 43 50 60 47 30 29 25 55 26 91 75 37 37 33 30 28 50 53 42 27 66 44 31 71 62 45 59 21 63 31 23 59 24 64 24 31 82 38 20 72 77 42 29 65 29 77 23 84 22 60 40 34 35 62 19 18 72 53 53 4 35 37 45 19 67 48 58 94 0 67 24 49 71 74 28 28 25 38 54 89 56 40 68 62 32 82 77 56 19 71 43 60 63 15 8 37 65 29 10 56 40 76 17 40 37 48 62 62 83 61 55 73 21 35 45 40 35 45 23 36 34 76 55 
90 81 29 58 50 83 60 23 52 21 73 18 8 13 32 43 89 19 8 23 49 80 71 62 68 69 59 54 19 87 61 62 83 43 19 50 53 10 40 87 69 78 39 18 14 39 74 39 88 84 12 5 49 24 49 29 79 49 98 43 40 46 56 64 45 49 38 44 57 88 23 82 10 89 53 45 35 53 51 61 88 71 49 10 53 17 66 77 30 48 83 10 61 32 61 67 0 55 96 29 27 44 77 83 87 19 60 79 94 6 20 82 37 54 55 54 9 97 20 81 52 59 31 51 54 71 23 50 44 50 94 30 33 5 39 30 18 37 29 85 91 32 36 74 45 89 93 45 27 39 
36 28 62 19 7 34 71 37 15 48 33 64 48 56 79 48 33 40 59 32 46 52 20 8 15 28 69 55 36 41 23 9 28 28 38 38 68 60 42 61 16 54 26 44 42 47 18 44 34 28 63 51 55 57 30 42 55 7 47 19 41 31 7 58 14 11 50 54 56 34 46 53 66 39 60 21 62 52 46 52 43 42 15 63 29 47 27 57 32 21 31 52 24 36 69 24 55 0 41 51 71 34 21 50 32 50 65 36 39 54 44 56 60 52 31 33 56 42 57 42 18 17 24 41 5 35 53 15 52 21 65 29 28 52 39 79 44 59 71 45 59 26 44 20 53 39 38 42 57 32 
5 32 103 51 48 41 91 79 52 90 34 106 89 94 121 87 9 78 100 73 70 74 24 33 27 51 90 91 76 25 39 33 20 67 77 74 92 99 82 81 26 77 67 86 83 87 24 72 7 18 105 92 93 99 66 76 78 48 13 60 70 69 39 72 50 51 79 81 91 24 81 74 106 38 83 61 103 88 82 84 26 67 54 104 51 89 53 82 74 50 34 91 40 70 89 49 96 41 0 84 113 73 21 68 10 91 84 28 13 93 81 78 90 73 51 67 95 11 99 34 54 49 65 63 41 58 95 46 79 58 81 70 64 93 69 121 81 100 113 58 75 64 84 21 91 39 18 80 90 63 
79 79 57 63 50 85 32 39 56 45 54 47 31 16 60 64 79 17 37 30 22 93 60 55 58 74 31 75 25 68 45 54 78 54 19 65 26 23 59 101 60 92 49 39 31 60 68 13 77 78 41 31 71 51 61 9 93 48 82 49 15 59 49 36 37 51 9 15 78 85 7 95 34 90 24 53 62 73 69 79 69 83 53 39 34 40 72 93 43 34 83 19 44 15 32 71 29 51 84 0 56 59 71 94 78 44 31 62 87 23 12 96 11 26 35 66 20 89 48 61 57 63 35 26 48 79 49 39 15 57 107 40 23 32 16 58 13 62 58 92 103 26 56 64 67 90 88 63 6 21 
108 91 14 66 64 91 87 33 62 22 95 9 27 40 8 37 104 44 19 41 76 78 90 79 86 75 86 44 41 108 83 79 97 49 43 50 80 34 38 83 87 75 47 26 31 34 89 65 106 98 15 25 39 15 53 55 75 64 117 53 66 50 75 91 66 62 65 71 47 101 50 80 24 98 80 53 18 45 46 55 110 71 60 17 76 24 71 72 39 71 93 37 83 58 88 74 27 71 113 56 0 46 92 83 103 21 87 101 109 33 46 79 64 81 79 56 36 112 14 104 61 68 48 77 72 74 18 71 71 58 90 42 56 24 65 9 44 23 2 88 89 53 34 91 36 97 107 42 54 64 
68 46 33 21 27 45 88 21 21 26 67 43 36 54 54 13 64 42 43 29 67 36 55 43 50 28 87 21 34 76 56 44 54 7 39 6 83 54 9 43 50 34 10 26 31 14 48 59 67 56 46 39 20 31 7 52 34 28 81 16 58 4 41 82 39 23 64 70 22 56 51 37 53 51 78 13 32 18 12 21 78 27 19 47 56 28 25 34 15 47 48 48 57 49 88 28 44 34 73 59 46 0 51 39 62 28 84 71 66 47 47 38 70 74 59 10 51 70 33 76 18 24 25 64 38 28 28 44 68 14 49 19 41 39 56 55 46 27 45 42 46 36 12 54 18 51 63 7 62 50 
18 15 82 29 28 25 85 58 30 69 33 86 70 78 100 65 12 61 81 54 61 55 15 16 13 31 83 69 57 33 30 17 7 45 60 52 83 82 60 62 12 58 45 66 64 65 3 61 16 7 85 73 71 77 44 62 59 28 31 38 58 47 22 68 34 30 68 71 69 14 66 55 88 26 75 39 82 66 60 63 35 47 32 85 41 68 32 63 53 37 18 74 32 56 83 28 77 21 21 71 92 51 0 50 11 71 78 31 17 76 65 59 79 66 42 45 78 20 78 39 33 27 46 54 23 38 74 32 69 36 64 50 48 74 57 100 65 78 92 41 58 47 62 9 69 26 17 58 77 50 
66 36 69 32 47 27 119 60 39 65 80 82 75 92 90 46 59 78 82 65 96 7 63 55 59 22 118 41 70 83 73 56 48 41 76 34 116 93 46 13 58 12 45 65 70 49 50 91 65 50 85 78 46 69 34 86 12 48 80 44 88 37 57 108 63 44 96 102 39 44 87 6 93 30 109 41 66 39 37 30 85 12 41 86 79 67 23 17 54 71 34 86 74 81 119 25 83 50 68 94 83 39 50 0 58 67 114 80 56 86 83 10 105 102 81 29 90 59 72 88 37 33 59 91 55 15 67 65 100 37 14 55 72 78 87 92 82 61 81 10 9 68 50 58 48 29 51 41 98 80 
8 22 93 41 39 31 89 69 42 80 33 97 81 87 111 76 1 71 91 64 66 64 19 25 20 41 88 80 67 29 35 25 10 57 70 63 88 92 71 71 18 67 57 77 74 76 14 68 7 8 96 84 82 89 56 70 68 39 22 50 65 58 31 71 43 41 75 77 80 15 74 64 98 30 80 51 93 77 72 74 30 56 43 96 47 79 42 72 64 44 24 83 36 63 87 38 87 32 10 78 103 62 11 58 0 82 82 29 9 86 74 68 86 70 47 56 87 11 89 36 44 38 56 59 33 47 85 39 75 48 71 61 57 84 64 111 74 89 103 48 65 56 74 14 81 31 12 69 85 57 
86 71 14 46 43 71 76 12 42 2 75 15 13 32 29 23 83 29 15 22 61 62 69 58 65 55 75 34 23 88 63 58 76 29 27 33 70 30 21 69 66 60 26 6 14 20 68 51 84 77 18 14 29 8 34 41 60 43 96 32 51 31 54 77 45 40 52 58 37 80 37 64 26 78 67 33 18 33 31 42 90 55 39 19 58 4 52 59 18 51 73 27 63 42 77 54 19 50 91 44 21 28 71 67 82 0 74 81 88 24 32 64 55 67 61 38 29 91 7 84 40 47 27 61 51 56 5 51 58 37 76 21 37 14 50 29 31 18 21 70 73 34 17 70 25 77 86 26 45 47 
79 91 88 82 67 99 7 67 75 75 50 78 61 47 91 92 83 45 68 57 18 115 63 64 64 92 6 103 53 62 47 63 85 79 48 90 10 53 86 123 66 115 74 69 61 89 76 25 78 84 72 62 100 82 85 33 116 65 78 71 26 84 59 13 51 70 22 16 105 93 37 116 64 102 7 75 92 101 96 106 62 104 73 70 37 71 91 117 70 43 94 50 46 35 5 89 60 65 84 31 87 84 78 114 82 74 0 57 91 54 41 118 23 12 35 89 51 92 78 52 77 81 59 24 60 99 79 49 16 78 128 66 43 63 28 89 43 93 89 110 123 48 85 69 96 103 93 89 33 34 
24 46 94 54 43 56 64 68 51 80 7 93 75 75 109 84 29 60 85 59 44 84 17 28 22 59 63 91 61 7 18 27 36 64 60 74 65 81 78 93 22 87 62 75 70 82 30 49 22 34 90 78 91 89 66 54 88 42 21 55 46 67 29 44 35 47 55 55 92 43 61 85 89 57 56 57 96 88 82 88 8 75 51 90 28 78 60 91 65 31 49 73 18 49 62 56 79 36 28 62 101 71 31 80 29 81 57 0 37 76 61 89 66 46 26 69 76 38 88 7 54 52 54 37 32 66 85 30 53 57 95 61 46 78 46 108 63 93 102 72 89 48 79 21 89 58 41 78 68 41 
14 21 98 44 45 29 98 76 46 86 42 103 88 95 117 80 8 79 98 71 75 62 28 32 29 42 97 83 75 36 44 33 12 61 77 66 98 99 75 69 27 66 62 83 81 80 20 77 15 10 102 91 85 94 59 78 67 45 26 55 74 62 39 80 51 47 84 86 82 12 83 62 105 26 89 55 98 80 74 75 38 56 49 102 56 85 44 71 70 53 22 91 45 72 96 40 94 39 13 87 109 66 17 56 9 88 91 37 0 93 82 66 95 79 56 59 95 3 95 45 48 42 63 68 40 47 91 48 84 52 69 67 65 91 73 117 82 94 109 46 63 64 78 23 84 27 5 73 93 66 
88 80 35 59 49 84 54 25 53 26 69 24 11 8 37 47 87 15 14 23 43 83 69 60 66 70 53 58 18 83 58 60 82 45 16 53 47 7 44 90 67 81 40 22 15 44 73 33 86 83 18 10 54 30 51 24 82 49 95 44 34 49 55 59 43 49 32 38 61 88 18 85 13 90 47 46 41 57 54 65 84 74 50 16 48 21 67 81 32 45 83 4 58 28 55 68 6 54 93 23 33 47 76 86 86 24 54 76 93 0 15 86 31 49 51 56 4 96 26 77 53 60 31 46 52 73 28 47 38 51 97 31 30 10 34 36 13 42 35 87 94 29 40 72 50 90 93 48 21 35 
75 72 46 53 41 76 44 27 46 33 54 37 20 13 52 51 75 5 27 18 29 82 56 49 53 64 42 63 13 68 43 48 71 43 7 53 38 19 47 90 55 81 38 27 19 48 61 19 73 72 32 21 59 40 49 9 81 40 81 39 19 48 43 45 31 41 19 25 65 78 4 83 28 82 34 42 50 61 57 67 70 72 43 31 33 29 62 81 31 31 75 11 43 12 44 62 20 44 81 12 46 47 65 83 74 32 41 61 82 15 0 85 23 35 36 54 14 84 37 62 47 53 24 31 41 69 37 34 25 46 96 28 16 22 19 50 2 51 48 82 92 18 44 60 55 82 82 50 15 20 
76 46 65 37 52 37 123 60 43 62 88 78 75 92 86 42 69 80 80 66 100 4 71 62 67 29 122 35 71 92 80 63 58 41 77 32 119 92 43 5 66 4 46 64 70 45 58 94 75 60 82 77 40 65 35 88 4 53 90 47 92 37 63 113 68 49 99 105 32 54 89 4 91 41 113 43 61 34 33 24 94 14 45 83 85 65 29 8 54 76 44 86 81 84 123 32 82 56 78 96 79 38 59 10 68 64 118 89 66 86 85 0 107 107 87 30 89 69 68 96 41 38 61 96 61 22 63 71 103 40 11 56 75 77 91 88 84 56 77 21 10 71 47 67 43 40 61 38 100 84 
85 89 67 73 60 95 23 50 67 55 58 55 41 24 68 75 87 28 45 41 22 104 67 63 66 85 22 86 36 72 51 62 86 66 31 77 16 30 70 112 68 104 61 50 42 71 76 18 83 86 49 41 82 61 72 19 104 58 87 60 21 70 57 33 46 61 11 11 89 93 19 106 41 100 17 64 72 84 80 91 73 94 64 47 39 51 83 104 55 42 92 28 50 24 24 82 37 60 90 11 64 70 79 105 86 55 23 66 95 31 23 107 0 24 40 77 28 97 57 63 68 73 46 29 57 90 59 47 13 68 118 51 33 42 22 66 25 73 66 103 114 37 68 72 78 100 96 74 10 29 
68 78 81 70 55 86 18 58 63 67 39 72 55 43 86 82 71 38 62 47 6 103 51 51 52 80 17 93 44 51 35 50 73 68 40 80 19 49 76 112 54 103 63 61 53 79 63 16 66 72 67 56 90 75 73 26 104 53 67 60 16 73 47 10 38 58 17 12 95 80 31 104 61 90 10 64 85 91 85 95 52 92 61 65 24 63 79 106 60 31 82 44 34 25 17 77 54 52 73 26 81 74 66 102 70 67 12 46 79 49 35 107 24 0 23 78 46 81 72 42 65 69 48 11 48 86 72 37 11 67 116 56 33 57 17 85 37 85 83 98 111 37 75 57 86 90 81 79 30 23 
46 55 75 49 35 63 42 49 44 60 19 71 52 48 86 70 48 36 62 39 19 83 28 28 28 59 41 79 38 33 12 27 49 52 36 64 41 55 64 92 30 84 48 54 48 68 40 22 44 49 67 54 78 69 56 28 85 34 47 43 19 57 24 26 19 38 29 30 81 57 34 84 64 67 32 47 78 77 71 79 34 73 42 66 3 57 58 87 49 11 59 47 11 23 40 56 55 31 51 35 79 59 42 81 47 61 35 26 56 51 36 87 40 23 0 61 50 58 67 26 46 48 36 12 26 66 65 16 28 48 96 44 23 55 19 85 37 76 80 76 91 26 64 33 75 67 58 65 41 15 
63 38 43 15 26 36 94 31 18 36 66 53 46 62 64 21 58 49 53 36 71 27 52 41 47 19 92 24 41 74 55 42 48 11 47 7 89 63 18 35 47 26 16 36 40 22 43 65 62 49 56 48 25 41 5 58 27 27 76 18 63 7 40 85 41 22 70 75 24 48 58 29 63 42 83 14 41 21 15 19 76 17 18 57 58 38 16 27 24 49 39 57 57 55 93 19 54 33 67 66 56 10 45 29 56 38 89 69 59 56 54 30 77 78 61 0 60 63 43 75 15 18 31 68 37 18 38 45 74 12 41 26 46 48 61 65 53 36 55 32 37 41 22 50 25 42 56 14 70 55 
89 83 39 62 52 87 51 29 56 30 69 27 15 4 40 51 88 16 17 26 42 87 70 62 67 73 50 63 21 83 58 62 84 49 17 57 44 4 48 94 69 85 44 26 19 48 75 32 87 85 21 14 58 34 55 23 86 51 95 47 33 53 56 57 44 52 29 35 65 90 16 89 14 93 44 49 45 61 59 69 85 78 53 19 48 26 70 85 36 46 86 4 58 27 52 71 9 56 95 20 36 51 78 90 87 29 51 76 95 4 14 89 28 46 50 60 0 98 30 77 56 63 34 45 54 76 33 48 35 54 101 34 30 15 33 38 13 46 38 90 98 31 45 73 54 93 95 53 18 35 
13 25 101 48 48 32 99 79 50 90 43 106 91 98 120 83 10 81 101 74 77 66 30 35 31 45 98 87 78 36 46 36 15 65 80 70 99 102 79 72 29 69 65 86 85 84 23 79 15 14 106 94 89 98 63 81 70 48 24 59 76 65 41 81 53 50 86 88 86 15 85 65 108 29 90 59 101 84 78 79 37 60 52 106 58 89 47 75 73 55 25 94 47 74 98 43 97 42 11 89 112 70 20 59 11 91 92 38 3 96 84 69 97 81 58 63 98 0 98 45 52 46 66 70 43 51 94 50 86 55 72 70 68 94 75 121 85 97 112 49 66 67 82 25 88 30 8 76 96 68 
94 77 9 52 50 77 80 19 48 8 82 10 17 34 22 26 90 34 14 28 66 67 76 65 72 61 79 36 28 95 70 65 83 35 32 38 73 30 26 73 73 64 33 13 19 23 75 56 91 84 14 16 31 4 40 46 64 50 103 39 56 37 61 82 52 47 56 62 39 86 41 69 24 84 71 39 14 36 35 45 96 60 46 16 64 10 58 62 25 58 79 29 70 47 80 60 20 57 99 48 14 33 78 72 89 7 78 88 95 26 37 68 57 72 67 43 30 98 0 91 47 54 34 66 58 61 5 57 62 44 80 28 43 15 55 22 35 16 14 75 78 40 22 77 27 84 93 31 47 53 
31 54 98 60 49 64 59 72 57 83 9 96 77 75 111 89 37 61 87 62 41 92 24 34 29 66 58 97 63 10 21 33 44 69 62 80 61 81 83 100 29 94 66 78 72 87 38 47 30 42 92 79 96 92 72 54 95 48 26 60 45 73 35 39 39 53 53 52 98 51 60 92 90 65 52 63 100 94 88 94 10 82 57 91 28 80 66 98 69 33 57 73 20 49 57 63 81 42 34 61 104 76 39 88 36 84 52 7 45 77 62 96 63 42 26 75 77 45 91 0 60 58 57 34 38 74 89 33 51 63 102 65 48 80 45 110 63 98 105 80 96 50 83 29 94 65 49 83 67 41 
50 30 49 6 11 31 82 29 3 38 51 56 44 57 69 32 45 42 53 30 59 37 37 26 32 17 81 38 35 59 41 27 36 12 40 20 79 60 27 46 32 38 14 36 38 32 30 54 48 38 57 47 38 46 12 49 38 13 62 9 51 14 25 72 27 8 59 64 38 39 50 38 62 37 72 7 49 34 28 34 61 26 4 57 44 39 14 40 23 35 32 52 42 44 82 15 52 18 54 57 61 18 33 37 44 40 77 54 48 53 47 41 68 65 46 15 56 52 47 60 0 7 22 55 22 21 43 30 63 3 50 22 35 47 50 70 46 45 60 35 46 31 29 36 37 37 46 25 62 43 
45 23 56 2 14 24 86 37 7 46 50 63 51 64 76 37 40 49 60 37 63 34 35 24 30 11 85 42 42 57 41 25 30 19 46 24 83 67 33 43 30 36 21 43 45 38 25 58 44 32 64 54 43 53 17 54 37 15 58 16 56 19 25 75 30 12 64 69 42 32 56 36 69 30 76 14 55 39 33 36 59 24 10 65 46 46 9 39 30 38 25 59 42 49 85 8 59 17 49 63 68 24 27 33 38 47 81 52 42 60 53 38 73 69 48 18 63 46 54 58 7 0 29 58 22 17 50 32 67 10 47 29 40 54 54 77 53 51 67 29 42 36 36 32 42 30 39 30 68 47 
60 49 40 28 18 53 63 14 22 26 48 41 24 35 55 34 57 19 34 8 42 58 42 32 38 40 62 44 13 60 36 31 52 19 17 31 58 38 28 66 39 57 15 21 18 32 42 34 58 52 39 27 42 35 26 27 58 18 69 14 32 24 26 57 18 18 38 44 46 57 28 59 42 59 53 17 43 42 37 46 62 47 19 39 33 24 37 58 13 25 52 30 37 24 63 37 31 24 65 35 48 25 46 59 56 27 59 54 63 31 24 61 46 48 36 31 34 66 34 57 22 29 0 39 24 44 31 23 43 21 71 8 15 28 31 55 24 40 48 57 67 11 28 44 39 59 62 31 39 25 
58 67 75 58 43 74 30 51 52 61 29 68 50 42 83 73 60 32 59 40 7 92 40 40 40 69 29 84 38 43 24 38 61 58 34 70 29 49 68 101 42 93 53 55 47 71 52 13 56 61 63 51 82 69 63 22 93 42 58 50 11 63 35 17 27 47 18 18 86 69 28 93 59 78 20 53 79 81 76 85 44 81 50 62 13 57 67 95 52 19 70 42 23 19 29 65 51 41 63 26 77 64 54 91 59 61 24 37 68 46 31 96 29 11 12 68 45 70 66 34 55 58 39 0 36 75 66 25 16 56 105 47 24 52 12 82 33 78 79 86 100 28 67 46 78 79 70 70 32 14 
36 32 63 24 11 38 66 38 19 49 29 65 48 54 79 51 34 38 58 31 42 57 18 8 14 33 65 59 34 38 18 7 30 31 37 42 63 59 45 66 15 59 29 45 42 50 20 39 34 30 63 51 58 58 34 39 59 10 45 22 37 35 3 53 11 15 46 50 60 37 43 58 65 43 55 25 64 56 50 56 40 47 19 63 24 48 32 62 34 16 35 50 19 33 65 29 54 5 41 48 72 38 23 55 33 51 60 32 40 52 41 61 57 48 26 37 54 43 58 38 22 22 24 36 0 40 55 10 48 25 70 30 25 51 35 79 41 61 72 50 64 23 46 20 56 43 40 45 54 28 
55 26 61 17 31 20 104 48 23 54 66 71 63 78 82 38 48 64 71 51 80 18 49 40 44 7 102 38 56 70 58 41 37 28 61 24 100 80 36 26 44 20 32 54 57 40 37 75 54 39 74 66 41 59 22 71 21 33 69 30 73 25 42 92 48 29 81 86 36 35 72 18 81 26 93 27 59 35 31 28 72 9 26 75 64 56 7 25 41 55 25 73 59 66 103 10 71 35 58 79 74 28 38 15 47 56 99 66 47 73 69 22 90 86 66 18 76 51 61 74 21 17 44 75 40 0 57 50 85 22 30 41 57 66 72 83 68 54 73 14 24 53 40 45 42 25 43 32 84 64 
90 73 9 48 46 73 81 17 44 5 80 15 18 36 26 21 87 34 18 26 66 62 73 62 69 56 80 31 28 92 68 62 79 30 32 33 75 33 21 68 70 59 28 11 19 18 71 56 88 80 18 18 26 3 35 46 59 46 100 35 56 32 58 82 50 43 57 63 34 82 42 64 28 79 72 35 13 31 30 40 94 55 42 20 63 9 53 57 21 56 75 31 68 47 82 56 23 53 95 49 18 28 74 67 85 5 79 85 91 28 37 63 59 72 65 38 33 94 5 89 43 50 31 66 55 57 0 55 63 39 75 25 42 18 55 27 35 13 17 70 73 39 17 74 22 79 89 26 49 52 
41 42 64 33 19 49 55 38 28 50 24 63 45 47 78 56 41 32 55 29 31 67 21 16 19 43 54 65 31 37 12 15 39 37 31 48 53 53 50 76 21 68 34 44 39 54 29 29 39 39 60 48 64 59 41 30 69 17 47 28 26 41 10 42 5 22 36 39 66 46 35 68 60 53 45 31 66 62 56 63 39 57 26 60 13 47 42 71 36 5 45 44 13 24 54 40 50 15 46 39 71 44 32 65 39 51 49 30 48 47 34 71 47 37 16 45 48 50 57 33 30 32 23 25 10 50 55 0 37 32 80 31 17 48 25 78 35 64 71 60 75 18 50 25 61 54 49 51 45 18 
74 80 71 68 53 87 20 51 61 58 46 62 45 32 75 75 76 29 52 40 9 100 56 53 55 79 18 86 36 60 40 52 76 63 31 75 15 38 70 108 57 100 58 52 44 72 66 9 72 75 56 46 83 65 69 17 101 52 75 56 11 68 48 21 38 55 6 2 89 83 21 101 49 91 9 60 76 84 79 89 60 89 59 54 28 54 77 101 54 32 83 34 39 19 19 76 44 52 79 15 71 68 69 100 75 58 16 53 84 38 25 103 13 11 28 74 35 86 62 51 63 67 43 16 48 85 63 37 0 63 114 49 28 47 13 74 27 76 73 97 109 32 68 61 79 92 85 73 19 20 
54 33 46 8 14 33 83 27 6 35 54 53 42 56 66 28 49 41 50 28 60 36 41 29 35 19 82 34 34 62 43 30 40 9 39 17 79 58 23 45 36 36 11 33 36 28 34 54 52 41 54 45 35 43 9 49 37 15 66 7 52 10 28 74 29 10 59 65 35 43 50 38 60 40 72 5 45 31 25 31 64 26 6 55 46 36 16 39 20 37 35 50 44 44 82 17 50 21 58 57 58 14 36 37 48 37 78 57 52 51 46 40 68 67 48 12 54 55 44 63 3 10 21 56 25 22 39 32 63 0 50 20 35 45 50 67 45 41 57 36 46 31 26 39 33 40 49 21 61 43 
79 50 76 46 61 40 133 71 53 74 95 89 86 103 97 53 72 91 91 77 110 13 78 69 73 36 132 46 82 98 87 71 61 52 88 43 129 104 54 7 73 15 57 75 81 56 64 104 79 63 93 88 51 76 46 99 15 63 93 57 102 48 72 122 77 58 110 115 43 57 99 12 102 43 123 54 72 45 44 35 100 24 55 95 94 77 37 18 65 85 47 97 89 95 132 40 94 65 81 107 90 49 64 14 71 76 128 95 69 97 96 11 118 116 96 41 101 72 80 102 50 47 71 105 70 30 75 80 114 50 0 67 85 88 101 99 95 67 88 23 6 81 58 73 54 42 64 49 111 94 
65 51 33 28 22 53 69 8 22 19 55 36 22 36 50 26 62 23 31 10 49 53 48 37 44 39 68 37 15 67 43 37 55 14 20 25 64 38 20 61 45 52 9 15 16 24 47 41 63 56 35 25 34 28 21 33 53 22 75 13 39 19 33 64 25 20 45 51 39 60 32 55 40 59 59 15 35 34 30 40 69 43 19 36 41 18 36 53 5 33 53 31 44 30 69 37 30 29 70 40 42 19 50 55 61 21 66 61 67 31 28 56 51 56 44 26 34 70 28 65 22 29 8 47 30 41 25 31 49 20 67 0 23 25 38 50 27 32 42 55 63 18 20 49 31 59 65 23 43 33 
59 56 51 40 26 61 48 27 33 37 39 47 29 30 63 49 58 14 39 16 26 72 39 32 37 51 46 60 15 53 28 31 55 35 14 47 43 35 43 80 38 72 30 31 24 47 45 19 56 55 44 31 57 46 41 14 72 25 65 28 17 40 26 41 14 28 24 29 62 62 18 73 43 67 37 31 55 57 52 62 55 61 31 43 20 33 49 73 27 15 59 26 28 9 47 48 33 28 64 23 56 41 48 72 57 37 43 46 65 30 16 75 33 33 23 46 30 68 43 48 35 40 15 24 25 57 42 17 28 35 85 23 0 32 15 62 17 54 57 69 81 4 42 43 54 67 65 46 29 10 
88 76 25 53 46 78 64 18 48 15 72 15 3 18 30 37 86 19 7 20 51 75 69 59 65 64 63 48 17 85 60 59 80 38 18 44 57 16 34 81 67 73 34 12 9 33 71 41 86 80 12 1 43 19 44 31 73 46 96 38 41 41 54 67 43 45 41 47 51 85 26 76 15 85 56 40 30 47 45 55 87 66 45 11 52 11 61 72 25 47 79 13 60 33 65 62 5 52 93 32 24 39 74 78 84 14 63 78 91 10 22 77 42 57 55 48 15 94 15 80 47 54 28 52 51 66 18 48 47 45 88 25 32 0 41 30 20 31 26 80 85 30 30 71 39 85 90 39 31 40 
63 67 64 55 40 74 32 41 48 50 38 56 38 30 71 64 65 21 47 30 11 87 45 41 44 66 31 75 27 52 29 40 64 51 23 62 28 37 59 96 46 87 46 44 36 61 54 4 61 64 51 40 73 58 57 10 88 39 66 43 1 56 35 27 25 42 11 14 77 71 16 89 47 79 21 47 68 73 68 78 53 77 46 50 18 46 64 89 43 20 71 30 29 8 31 62 39 39 69 16 65 56 57 87 64 50 28 46 73 34 19 91 22 17 19 61 33 75 55 45 50 54 31 12 35 72 55 25 13 50 101 38 15 41 0 70 21 67 67 84 96 20 57 50 69 79 74 62 22 7 
116 100 23 75 72 100 89 42 71 31 102 14 33 42 2 46 113 49 23 48 80 87 98 87 94 84 88 53 47 115 90 87 105 58 48 59 82 36 47 92 95 84 55 34 38 43 97 69 114 107 18 30 48 24 62 60 84 72 125 62 70 59 82 95 73 70 68 73 56 109 54 89 25 107 82 62 27 54 55 64 117 81 69 19 82 32 80 81 47 77 102 40 90 63 90 83 30 79 121 58 9 55 100 92 111 29 89 108 117 36 50 88 66 85 85 65 38 121 22 110 70 77 55 82 79 83 27 78 74 67 99 50 62 30 70 0 49 32 11 97 98 60 43 99 45 106 115 51 56 70 
76 72 44 52 41 76 45 25 46 31 55 35 18 12 50 50 75 4 25 17 31 81 57 49 54 64 44 61 12 70 45 49 72 42 6 52 39 18 45 89 56 80 37 26 17 46 62 21 74 72 30 19 57 38 48 11 80 40 82 38 21 46 43 47 31 41 21 27 64 78 6 82 27 82 36 41 49 59 55 66 71 71 43 29 35 27 61 80 30 32 75 9 44 14 46 61 18 44 81 13 44 46 65 82 74 31 43 63 82 13 2 84 25 37 37 53 13 85 35 63 46 53 24 33 41 68 35 35 27 45 95 27 17 20 21 49 0 49 46 81 91 18 43 60 53 82 82 49 16 22 
95 74 9 49 51 72 95 27 47 17 88 25 32 50 30 15 91 47 31 38 78 55 80 68 75 55 93 21 40 100 76 68 82 32 44 29 88 47 18 60 76 52 32 23 32 13 75 69 93 83 30 32 16 12 34 59 52 52 106 39 68 31 64 94 58 48 70 76 24 84 55 57 41 79 86 38 5 22 23 32 102 50 45 32 73 22 52 49 28 66 75 45 77 59 95 55 37 59 100 62 23 27 78 61 89 18 93 93 94 42 51 56 73 85 76 36 46 97 16 98 45 51 40 78 61 54 13 64 76 41 67 32 54 31 67 32 49 0 21 66 66 50 15 79 13 78 91 21 63 64 
108 91 12 65 64 90 89 34 62 22 96 11 28 42 9 35 104 46 21 42 77 76 90 79 86 73 88 42 42 109 84 80 97 48 44 48 82 37 36 81 87 73 46 27 32 32 89 67 106 98 17 27 37 14 52 57 73 64 117 53 68 49 75 93 66 61 67 73 45 100 52 78 27 97 82 53 16 43 44 53 110 70 60 19 78 24 70 70 38 72 92 39 84 59 90 73 29 71 113 58 2 45 92 81 103 21 89 102 109 35 48 77 66 83 80 55 38 112 14 105 60 67 48 79 72 73 17 71 73 57 88 42 57 26 67 11 46 21 0 86 87 54 32 91 34 96 106 41 56 66 
56 26 74 29 43 17 116 62 36 68 73 85 77 92 95 51 49 77 85 65 92 17 55 48 51 17 114 48 70 75 66 49 38 42 75 37 112 94 50 23 50 21 46 68 71 53 41 87 55 40 88 80 52 73 36 84 22 44 70 43 85 39 51 103 59 41 94 98 46 34 85 17 95 20 105 41 71 46 43 38 77 17 39 89 74 70 20 27 55 66 24 86 68 79 115 21 85 45 58 92 88 42 41 10 48 70 110 72 46 87 82 21 103 98 76 32 90 49 75 80 35 29 57 86 50 14 70 60 97 36 23 55 69 80 84 97 81 66 86 0 17 66 53 50 54 19 41 45 97 76 
73 43 75 41 56 34 128 68 48 72 89 88 83 100 96 52 66 87 89 73 105 11 72 64 67 31 127 45 79 92 82 65 55 49 84 41 125 101 52 8 67 14 54 73 78 55 58 100 73 57 91 86 50 75 42 95 14 57 87 53 97 44 66 117 72 53 105 111 42 51 95 9 100 37 118 50 71 44 43 34 94 20 50 93 88 74 32 18 62 80 41 94 83 90 128 35 91 59 75 103 89 46 58 9 65 73 123 89 63 94 92 10 114 111 91 37 98 66 78 96 46 42 67 100 64 24 73 75 109 46 6 63 81 85 96 98 91 66 87 17 0 77 56 67 53 36 58 47 107 89 
59 54 48 36 23 59 52 23 29 33 41 45 27 30 60 45 57 14 37 12 30 68 39 31 36 48 51 55 12 55 30 31 53 30 13 42 48 35 39 76 38 67 26 28 21 42 44 23 56 54 42 29 53 42 36 17 68 22 66 24 21 35 25 46 13 24 28 33 57 60 20 69 42 64 42 27 51 53 48 57 57 57 27 41 23 30 46 69 23 17 57 26 30 13 52 45 32 26 64 26 53 36 47 68 56 34 48 48 64 29 18 71 37 37 26 41 31 67 40 50 31 36 11 28 23 53 39 18 32 31 81 18 4 30 20 60 18 50 54 66 77 0 38 42 50 64 64 42 31 14 
79 59 21 34 36 57 88 17 32 15 74 32 29 48 42 7 75 39 33 27 68 45 64 53 59 41 86 18 31 85 62 53 66 17 37 16 82 47 4 51 60 42 17 18 26 4 60 60 77 67 35 31 15 19 19 51 43 37 91 24 59 16 49 84 45 33 63 69 21 68 49 47 44 64 78 23 19 16 14 25 87 38 30 36 61 19 38 41 15 53 60 42 63 49 88 40 36 44 84 56 34 12 62 50 74 17 85 79 78 40 44 47 68 75 64 22 45 82 22 83 29 36 28 67 46 40 17 50 68 26 58 20 42 30 57 43 43 15 32 53 56 38 0 64 11 63 75 9 58 53 
16 25 82 34 28 34 76 57 33 69 23 85 68 73 99 68 15 57 78 51 52 63 5 12 6 38 75 74 54 25 21 12 16 47 56 56 75 78 62 71 4 65 47 65 62 67 8 54 14 15 83 71 74 77 48 55 66 27 26 39 51 50 17 59 29 31 61 63 74 24 60 63 85 36 66 41 83 70 64 68 27 54 34 83 33 67 39 70 53 30 28 69 23 49 74 35 74 20 21 64 91 54 9 58 14 70 69 21 23 72 60 67 72 57 33 50 73 25 77 29 36 32 44 46 20 45 74 25 61 39 73 49 43 71 50 99 60 79 91 50 67 42 64 0 73 36 24 61 70 43 
87 64 22 40 45 61 99 28 39 24 85 36 38 58 43 5 82 51 40 39 80 42 74 62 68 44 97 8 42 95 73 62 73 25 48 18 93 56 11 47 69 39 27 28 36 7 67 71 85 74 41 40 4 23 25 62 39 46 99 33 70 22 59 96 56 42 74 80 12 74 60 44 51 67 89 31 18 9 11 19 97 37 38 43 72 28 41 36 26 64 65 52 74 61 99 45 45 53 91 67 36 18 69 48 81 25 96 89 84 50 55 43 78 86 75 25 54 88 27 94 37 42 39 78 56 42 22 61 79 33 54 31 54 39 69 45 53 13 34 54 53 50 11 73 0 67 81 11 69 64 
38 12 84 31 41 6 109 67 37 75 60 93 81 94 105 63 31 78 91 67 85 37 42 38 39 22 108 63 72 59 56 40 21 48 76 49 107 97 60 42 38 40 51 74 75 65 28 83 38 23 94 85 66 82 44 81 41 42 52 46 80 47 43 94 54 41 90 93 62 15 84 36 100 1 99 45 83 60 56 53 61 33 40 95 66 76 25 46 60 60 8 89 58 76 108 23 89 39 39 90 97 51 26 29 31 77 103 58 27 90 82 40 100 90 67 42 93 30 84 65 37 30 59 79 43 25 79 54 92 40 42 59 67 85 79 106 82 78 96 19 36 64 63 36 67 0 22 56 96 71 
18 17 96 41 43 24 100 74 44 84 45 101 86 95 115 77 12 78 97 70 77 58 30 33 30 38 99 79 74 41 46 34 10 58 77 63 100 99 72 64 28 61 60 81 80 77 20 78 19 10 101 90 82 92 56 79 62 44 31 53 75 59 39 83 51 45 85 87 79 7 83 57 104 21 91 53 95 76 71 71 42 52 46 101 57 84 40 67 68 54 18 90 47 73 99 36 93 38 18 88 107 63 17 51 12 86 93 41 5 93 82 61 96 81 58 56 95 8 93 49 46 39 62 70 40 43 89 49 85 49 64 65 65 90 74 115 82 91 106 41 58 64 75 24 81 22 0 70 94 67 
76 53 29 28 34 50 93 24 28 24 74 41 37 56 50 7 71 46 42 33 73 36 62 50 57 33 92 14 37 84 63 51 61 14 43 7 88 55 5 42 58 33 17 26 33 8 55 64 74 63 44 39 13 28 13 56 34 35 88 23 63 11 48 88 46 30 68 74 15 62 55 38 53 57 83 20 26 11 6 17 86 29 27 45 62 27 30 32 19 54 53 50 64 54 93 34 45 42 80 63 42 7 58 41 69 26 89 78 73 48 50 38 74 79 65 14 53 76 31 83 25 30 31 70 45 32 26 51 73 21 49 23 46 39 62 51 49 21 41 45 47 42 9 61 11 56 70 0 65 56 
85 85 57 68 55 90 33 41 61 46 60 45 31 14 58 66 86 20 35 33 27 97 66 61 64 79 32 77 28 75 51 60 84 58 23 69 26 20 61 105 66 96 53 41 32 62 74 19 83 84 39 31 73 51 65 15 97 54 89 54 21 63 55 40 43 56 14 18 80 91 11 99 31 96 26 57 62 75 72 82 76 87 58 37 40 41 77 97 46 40 88 18 51 21 34 76 27 57 90 6 54 62 77 98 85 45 33 68 93 21 15 100 10 30 41 70 18 96 47 67 62 68 39 32 54 84 49 45 19 61 111 43 29 31 22 56 16 63 56 97 107 31 58 70 69 96 94 65 0 27 
57 60 61 47 33 66 39 37 41 47 34 56 37 33 71 59 58 20 46 26 16 80 38 34 37 58 38 70 24 48 24 33 57 44 21 56 36 39 54 89 39 80 40 41 33 57 47 11 55 57 51 39 68 55 50 13 81 31 61 37 8 49 28 31 17 35 18 22 72 64 19 82 49 71 29 40 65 68 62 72 49 70 38 50 13 43 57 82 38 13 63 31 23 7 38 55 39 32 63 21 64 50 50 80 57 47 34 41 66 35 20 84 29 23 15 55 35 68 53 41 43 47 25 14 28 64 52 18 20 43 94 33 10 40 7 70 22 64 66 76 89 14 53 43 64 71 67 56 27 0 
12 14 4 7 13 14 4 6 13 12 1 13 3 20 3 4 2 20 18 16 20 1 2 15 2 19 12 15 5 14 2 11 16 6 1 4 16 13 12 4 13 11 18 10 16 4 5 5 14 7 7 16 11 13 18 5 2 15 6 1 4 16 1 12 20 1 13 8 2 7 14 10 5 18 16 20 13 12 20 3 19 15 6 5 17 7 3 7 13 9 5 6 17 18 3 13 8 11 1 1 8 15 4 3 17 6 8 9 20 19 8 19 5 3 10 14 20 11 17 11 13 15 19 16 9 7 15 8 8 7 18 16 6 5 7 9 19 13 3 1 1 1 13 19 15 2 1 15 2 3 
30 30 30 30 30 30 30 30 30 30 30 30 30 30 30 30 30 30 30 30 30 30 30 30 30 30 30 30 30 30 30 30 30 30 30 30 30 30 30 30 30 30 30 30 30 30 30 30 30 30 30 30 30 30 30 30 30 30 30 30 30 30 30 30 30 30 30 30 30 30 30 30 30 30 30 30 30 30 30 30 30 30 30 30 30 30 30 30 30 30 30 30 30 30 30 30 30 30 30 30 30 30 30 30 30 30 30 30 30 30 30 30 30 30 30 30 30 30 30 30 30 30 30 30 30 30 30 30 30 30 30 30 30 30 30 30 30 30 30 30 30 30 30 30 30 30 30 30 30 30 